4650,9126,4476,"སྙིང་ཐིག་སྒོམ་པའི་བྱ་བྲལ་གྱི། གོལ་ཤོར་ཚར་གཅོད་སེང་གེའི་ང་རོ་བཞུགས་སོ།"
9126,15778,6652,"བསྒྱུར་མ་བཅོས་ཤིང་། ། མ་ཡེང་མ་བཟུང་རིག་པའི་སྙིང་པོ་ཅན། །"
15778,20559,4781,"བཏང་བཞག་ཆེད་འཛིན་བློ་བྲལ་རྫོགས་པ་ཆེར། །རང་བབས་གཉུག་མའི་རྒྱུན་གྱིས་ཕྱག་བགྱིའོ། །"
20559,23710,3151,"ཞེས་གསུངས་ཏེ་ཆོས་ཉིད་བདེ་གཤེགས་སྙིང་པོ་དེ་"
23710,27325,3615,"བསྒོམ་བྱ་སྒོམ་བྱེད་མེད་པར་མཉམ་བཞག་ཆུ་བོ་ཡེ་ནས་མ་བསྒོམ་མ་རྒྱུན་གྱི་རྣལ་འབྱོར་དེ་ཡིན་དུས།"
27325,33012,5687,"ཡེ་ནས་མ་བསྒོམ་ད་ལྟ་སེམས་ཅན་གྱི་སྐབས་ལ་སྡུག་ཅག་བྱས་པ་དང་"
33012,36636,3624,"སངས་རྒྱས་པའི་སྐབས་ན་ཡར་བཟང་པོར་བསྒྱུར་རྒྱུ་དེ་ཡེ་ནས་མ་བསྒྱུར།"
36636,41272,4636,"རྒྱུ་རྐྱེན་གྱིས་མ་བཅོས་ཤིང་དེ་མ་བཅོས་པའི་ངོ་བོ་དེ་"
41272,44054,2782,"སེམས་མ་ཡེང་ཙམ་དུ་བཞག་ན་ཆོས་ཉིད་ཡིན་པའི་ཕྱིར་ན།"
44054,46309,2255,"སེམས་མ་ཡེང་དྲན་པའི་གདུག་བཙེར་གྱིས་མ་བཟུང་བར་"
46309,51572,5263,"རིག་པའི་སྙིང་པོ་ཅན་བློས་གཏོང་རྒྱུ་ཕར་གཡུག་གཞག་རྒྱུ་དང་ཚུར་ལེན་རྒྱུ་མེད་པར།"
51572,54890,3318,"ཆེད་འཛིན་དང་བློ་ཡིས་བཅོས་མེད་པའི་རྫོགས་པ་ཆེན་པོ་དེ་"
54890,57265,2375,"རང་ངོ་ཤེས་པས་རང་བབས་གཉུག་མའི་རྒྱུན་གྱིས་ཕྱག་བགྱིའོ། །"
57265,61046,3781,"འོད་གསལ་རྒྱུད་སྡེ་རྫོགས་པ་ཆེན་པོའི་བཅུད། །པདྨའི་ཐུགས་ཏིག་མཁའ་འགྲོའི་སྙིང་ཐིག་ཁྲག །"
61046,64709,3663,"རིམ་དགུའི་ཐེག་པ་ཀུན་ལས་འདས་པའི་དོན། །དགོངས་བརྒྱུད་ཁོ་ནའི་མཐུ་ལས་བརྗོད་བྱ་མིན། །"
64709,69766,5057,"འོད་གསལ་རྫོགས་པ་ཆེན་པོའི་རྒྱུད་སྡེ་འབུམ་ཕྲག་དྲུག་ཅུ་རྩ་བཞི་དེའི།"
69766,74759,4993,"སྙིང་པོའི་བཅུད་གུ་རུ་རིན་པོ་ཆེའི་ཐུགས་ཐིག །མཁའ་འགྲོ་མ་རྣམས་ཀྱི་སྙིང་ཁྲག །"
74759,78887,4128,"ཐེག་པ་རིམ་པ་དགུ་ཡི་ནང་ནས་ལྟ་བའི་ཡང་རྩེ་མཐར་ཐུག་པ་དེ་བཤད་པ་ཡིན་པས།"
78887,81743,2856,"ད་དེ་དགོངས་བརྒྱུད་ཀྱི་བྱིན་རླབས་ཐུགས་ལ་འཕོས་པ་མ་གཏོགས་"
81743,86126,4383,"གཞན་ཅིས་བཤད་རྒྱུ་མེད་པས་དེ་ཡིན་ཞེས།དེ་ལྟ་བས་ན་སྙིང་པོའི་དོན་མཆོག་ལ།"
86126,87814,1688,"གཅིག་ཏུ་རྟོག་དཔྱོད་གཞོལ་བའི་སྒོམ་ཆེན་རྣམས་ཀྱི་དོན།"
87814,91600,3786,"འཇུར་བཙིར་ཁྲིགས་བཅད་མ་ཡིན་པར། ཀློང་ཆེན་དགོངས་པའི་མཛོད་ནས་འདི་བྱས་སོ། །"
91600,98708,7108,"དེ་ལྟ་ཡིན་ན་ཡང་། གདུལ་བྱ་ཐེག་མཆོག་རྡོ་རྗེ་སྙིང་པོའི་དོན་མཆོག་ལ་"
98708,102572,3864,"ཡིད་ཆེས་ཀྱི་དད་མོས་གཅིག་ཏུ་གཞོལ་ཏེ་རི་ཁྲོད་དབེན་པའི་གནས་སུ་"
102572,104348,1776,"སྒོམ་བྱེད་པའི་གང་ཟག་རྣམས་ལ།"
104348,111498,7150,"ཁོང་གིས་རྟོག་དཔྱོད་ཀྱི་དྲན་པ་དང་བླུན་སྒོམ་གི་སྒོ་ནས་"
111498,117051,5553,"འཇུག་ཚུལ་ཁྲིགས་བཅད་མ་ཡིན་པར་ཁོང་ཉིད་དགོངས་པ་ཁྱབ་བརྡལ་དུ་གྲོལ་སོང་བའི་གསང་མཛོད་དེ་"
117051,119300,2249,"འདི་ཡིན་དུས་འདི་ལ་ལྟོས་ཤོག་གསུང་།"
119300,122511,3211,"དེ་ལ་འདིར་སྔོན་གྱི་སྨོན་ལམ་རྣམ་པར་དག་པའི་མཚམས་སྦྱར།"
122511,127057,4546,"རྟོགས་པ་དོན་གྱི་བརྒྱུད་པ་དང་ལྡན་པའི་བླ་མ་དམ་པ་མཚན་ཉིད་དང་ལྡན་པ་ཞིག་དང་མཇལ།"
127057,130884,3827,"བླ་མ་དམ་པ་མཚན་ཉིད་དང་ལྡན་པ་དེ་ལ་རྩེ་གཅིག་གི་དད་འདུན་དྲག་པོས་"
130884,133585,2701,"ཡིད་ཁྱེད་ཤེས་ཀྱི་བློ་ཁེལ་བས་དེ་ཉིད་ཀྱིས་གསོལ་བ་འདེབས་ཤེས་ན།"
133585,138494,4909,"དགོངས་བརྒྱུད་ཀྱི་བྱིན་རླབས་དེ་རྐྱེན་མོས་གུས་ཀྱིས་བྱས་ཏེ་"
138494,140847,2353,"བླ་མའི་རྟོགས་པ་སློབ་མ་ལ་འཕོས་ཡོང་རྒྱུ་རེད་པས།"
140847,144641,3794,"སློབ་མ་ལ་སྔོན་ཡོད་ཡོད་པ་རེད་སྟེ། བཞག་པའི་ནུས་པ་དེ་ཚུར་སད་ནས་"
144641,148942,4301,"རང་བཞིན་སྤྲོས་བྲལ་རྫོགས་པ་ཆེན་པོའི་གནས་ལུགས་ཚིག་དང་དཔེ་ཡིས་མི་མཚོན་ཞིང་།"
148942,153663,4721,"འཁོར་འདས་གྱི་གོ་མ་འགག་ཤིང་འཁོར་འདས་གང་གི་རྒྱ་མ་ཆད།"
153663,162013,8350,"ཕྱོགས་སུ་མ་ལྷུང་བ་ད་ལྟའི་ཁྲེགས་ཆོད་ཀྱི་ཡོད་མེད་ཀྱི་ཤེས་པ་སྤུ་མ་བརྗེས།"
162013,165114,3101,"མདོག་མ་བསྒྱུར་བ་འདི་ཀ་སྒོམ་ལ་ཧྲིལ་གྱིས་སོང་ནས།"
165114,169008,3894,"དེ་སོང་ཚར་ནས་བཟུང་སྟེ་བསྒོམ་བྱ་སྒོམ་བྱེད་ཀྱི་སྒོམ་རྒྱུའི་ཞེན་པ་དག །"
169008,172833,3825,"ངའི་ལྟ་སྒོམ་ཡང་དག་པ་རེད་ཨེ་སོང་བསམ་པའི་འཛིན་པའི་སྒྲོག་ལས་གྲོལ།"
172833,176783,3950,"ཡིད་ཆེས་ཀྱི་ངེས་ཤེས་ནང་ནས་སྐྱེ་སྐྱེ་མཁན་གྱི་ངེས་ཤེས་དེ་ལ་"
176783,180378,3595,"འཛིན་པ་(?)དམ་ཧྲིག་གི་བ་མ་ཡིན་པར་ཡུལ་མེད་དུ་སོང་།"
180378,184283,3905,"དེ་ལ་དད་པ་མོས་གུས་སྙིང་རྗེ་ཀྱི་བཟང་རྟོག་གིས་ཕན་མ་བཏག །"
184283,188065,3782,"འདོད་ཆགས་ཞེ་སྡང་གཏི་མུག་ལ་སོགས་པའི་ངན་རྟོག་གིས་གནོད་པ་མ་བསྐྱལ།"
188065,192656,4591,"ཅི་ཡང་དྲན་མེད་ཐོམ་མེ་བ་ལྟ་བུ་མ་ཡིན་པ་ལུང་མ་བསྟན་གྱིས་མགོ་མ་བསྐོར་བར་"
192656,194931,2275,"དབྱིངས་རིག་ཕྱམ་བརྡལ་དུ་སོང་ནས་གསུངས་ཏེ།"
194931,197511,2580,"དབྱིངས་ཟེར་སྟོང་ཆ། རིག་པ་སྟེ་ཞེས་གསལ་ཆ།"
197511,200241,2730,"དེ་གཉིས་ཀྱི་ཉིན་མཚན་ཁོར་ཡུག་ཏུ་འདའ་སོང་བས་"
200241,204225,3984,"ལམ་རྟགས་ཀྱི་ཡོན་ཏན། དད་པ། མོས་གུས། སྙིང་རྗེ། མངོན་ཤེས།"
204225,206237,2012,"གྲུབ་རྟགས་ལ་སོགས་པ་མངོན་དུ་འགྱུར་ཞིང་།"
206237,209691,3454,"གང་ཟག་ཅིག་ཆར་བའི་རིགས་ཅན་ཡིན་ན་དེ་ལ་གོལ་ས་དང་།"
209691,213167,3476,"ནོར་ས་དང་། ཤོར་ས་ཞེས་བྱ་བའི་མིང་ཡང་མེད་པ་ཞིག་ཡིན་ཞེས།"
213167,216549,3382,"དེ་ལྟ་བུའི་ཅིག་ཆར་བའི་གང་ཟག་དེ་ཤིན་ཏུ་དཀོན་པ་ཡིན་པས།"
216549,221181,4632,"དེ་ལྟ་ནའང་ཆོས་འདི་ཐེག་པའི་རྩེ་རྒྱལ་ཡིན་ཡང་གང་ཟག་ཉམས་ལེན་བྱེད་པ་ལ་"
221181,225704,4523,"མཆོག་དམན་འབྲིང་གསུམ་སྣ་ཚོགས་ཡོད་ཅིང་དབང་པོ་ཡང་རབ་ཤ་སྟག་ཚོགས་དཀའ་བས་ན་"
225704,228242,2538,"གདུལ་བྱ་དང་འདུལ་བྱེད་ཀྱི་བར་དུ་འཛོལ་ཤོར་ནས་"
228242,232637,4395,"དབང་པོ་ཡང་རབ་ཀྱི་ཆོས་དེ་དབང་པོ་རྟུལ་པོ་དང་འབྲིང་རྣམས་ལ་"
232637,235580,2943,"ཅིག་ཆར་དུ་བཤད་བཞག་ན་ཕན་མི་ཐོགས་པས།"
235580,241301,5721,"འཛོལ་ཤོར་ནས་བསྒོམས་ཀྱང་ཡོན་ཏན་སྐྱེ་དཀའ་བའི་སྐྱོན་གྱི་གནད་ཀྱང་འདི་ནས་ཤོར་བ་ཡིན་གསུང་།"
241301,243958,2657,"དེ་ནས་དེ་ལ་གང་ཟག་ཁྲིད་ཡིག་ནས་བཤད་ན་"
243958,246153,2195,"གང་ཟག་རིམ་སྐྱེས་པའི་དབང་དུ་བྱས་ནས་བཤད་བཞག་ན།"
246153,250993,4840,"གཅིག་ཆར་བ་ཡིན་ནའང་ཕན་འགྲོ་གི་རེད་གཉིས་ཀ་ཕན་པའི་དབང་དུ་བྱས་ནས་"
250993,252956,1963,"རྫོགས་པ་ཆེན་པོས་ཐུགས་དམ་ལ་གོ་བ་མྱོང་བ་རྟོགས་པ་གསུམ།"
252956,255105,2149,"དང་པོ་ཆ་གི་ཐོག་ནས་གོ་དགོས་ཟེར།"
255105,258873,3768,"གོ་བ་གི་སྟེང་ནས་བཟུང་ཏེ་རང་གི་སེམས་ལ་ཉམས་མྱོང་སྐྱེ་དགོས་ཟེར།"
258873,260539,1666,"ཉམས་མྱོང་ཡང་དག་པ་ཞིག་སྐྱེ་ཚར་ནས་"
260539,265964,5425,"དེ་ནས་ཉམས་ཀྱི་ཤུན་པ་དང་བྲལ་ཏེ་རྟོགས་པ་རྒྱུད་ལ་སྐྱེ་དགོས་ཟེར་དཔེར་ན་"
265964,269168,3204,"མདོ་སྔགས་ཐུན་མོང་གི་ཐེག་པའི་ལམ་རིམ་དང་སྦྱར་ན།"
269168,271955,2787,"ཚོགས་ལམ་བས་གོ་གསུང་ཚོགས་ལམ་པའི་སྐབས་སུ་"
271955,275950,3995,"ཐོས་པ་དང་བསམ་པ་གཉིས་གཙོས་ཆེ་བས་དཔེ་ཆའི་ནང་ནས་འདི་འདྲའི་གསུང་འགི"
275950,278690,2740,"ལྟ་བ་འདི་འདྲའི་རྫོགས་ཆེན་གི་གཞི་ལམ་འབྲས་བུ་"
278690,280877,2187,"འདི་འདྲའི་ཡིན་ས་རེད་བསམ་ནས་དཔེ་ཆ་གི་གོ"
280877,284831,3954,"སྦྱོར་ལམ་པས་མྱོང་གསུངས་ནས་ཆོས་ཉིད་དོན་གྱི་བདེན་པ་མཐོང་བ་ལ་"
284831,287115,2284,"ཡར་མཚམས་སྦྱོར་འགྲོ་བས་ན་སྦྱོར་ལམ་ཟེར་རེད"
287115,291220,4105,"དེས་སྐབས་ན་རྫོགས་པ་ཆེན་པོའི་ཉམས་མྱོང་གི་ཆ་ཤས་རྒྱུད་ལ་སྐྱེས་ཏེ་"
291220,295786,4566,"གོ་བ་མ་ཟད་ལ་ཉམས་མྱོང་རྒྱུད་ལ་སྐྱེ་འོང་ཟེར།"
295786,298680,2894,"ཉནས་མྱོང་རྒྱུད་ལ་སྐྱེ་ནའང་ཉམས་མྱོང་དེ་གཏན་པོ་མེད་དུས་"
298680,301823,3143,"དེས་ཉོན་མོངས་པའི་རྐྱེན་མི་ཐུབ་འཁོར་བ་ལས་གྲོལ་ཐུབ་གི་མ་རེད།"
301823,305733,3910,"མཐོང་ལམ་ཟེར་དུས་ཆོས་ཉིད་ཀྱི་བདེན་པ་མངོན་སུམ་དུ་མཐོང་བ་དེ་ལ་མཐོང་ལམ་ཟེར།"
305733,309010,3277,"མཐོང་ལམ་པས་ཆོས་ཉིད་ཀྱི་བདེན་པ་སྒྲ་ཇི་བཞིན་པ་རྟོགས་ཞེས་"
309010,312362,3352,"མཁས་གྲུབ་རྣམས་ཀྱིས་གསུངས་པ་འདི་ཉིད་མདོ་སྔགས་གཉིས་ཀྱི་ནང་ནས་"
312362,314169,1807,"ཤིན་ཏུ་བཀའ་བརྩན་པར་སྣང་ངོ་།"
314169,319963,5794,"དེང་སང་གི་དུས་སུ་ཕལ་ཆེར་གྱི་གོ་མྱོང་རྟོགས་གསུམ་ཞེས་ཡོད་པ་དེས་ནང་ནས་"
319963,322945,2982,"གོ་བ་རྒྱུད་ལ་སྐྱེ་དུས་སྒོམ་རེད་གསུང་ཀྱི་ཡོད་ཟེར།"
322945,326456,3511,"གང་རེད་ཟེར་ན་དཔེར་ན་རྫོགས་པ་ཆེན་པོ་ཆོས་ཉིད་མཛོད་ལ་བལྟས་ན་"
326456,329521,3065,"དགེ་བ་གི་ཕན་བཏགས་རྒྱུ་མེད། སྡིགས་པའི་གནོད་བསྐྱལ་རྒྱུ་མེད།"
329521,331212,1691,"མཉམ་བཞག་དང་རྗེས་ཐོབ་མེད་གསུང་ནས་"
331212,333541,2329,"ད་ལྟ་ནས་དེ་ཡོད་ལེ་ཡིན་ས་མ་རེད་བསམ་ནས།"
333541,336447,2906,"སྒོམ་རྣམ་མར་བཟུང་ནས་སྟོང་ཉིད་རྒྱས་འདེབས་སུ་ཤོར་བ་མང་ཏེ་"
336447,344033,7586,"སྟོང་པ་ཉིད་དེ་རྒྱས་འདེབས་སུ་ཤོར་ཟེར། རྒྱས་འདེབས་དེ་ཇི་ལྟ་བུ་ཡིན་ཞེ་ན།"
344033,346912,2879,"རང་གི་ཁ་ནང་དུ་བསྐོར་དུས་རང་གི་སེམས་དེ་ལ་བལྟ་དུས་"
346912,350959,4047,"སེམས་ཀྱི་ངོ་བོ་ཤེས་པ་ཀུན་ཤེས་ཀུན་རིགས་ཀྱི་གསལ་ཆ་ཡོད་པ་"
350959,354098,3139,"གཟུགས་དང་། མཚན་མ་གང་དུའང་མ་གྲུབ་པ་སྟོང་པ།"
354098,358587,4489,"གསལ་སྟོང་གང་དུའང་མི་རྟོག་པའི་མཉམ་བཞག་ལྷོད་ལྷོད་འབོལ་འབོལ་འདི་སྐྱེ་དུས་"
358587,365124,6537,"དེ་སྐྱེ་བའི་སྐབས་ན་སེམས་ལྷོད་པོ་འདྲ་ཡོང་བ་དེ་བདེ་ཉམས་ཁོ་ན་ཤས་ཆེ་གི་རེད་གསུང་།"
365124,368842,3718,"བདེ་ཉམས་ཁོ་ན་ཤས་ཆེ་ཡོང་དུས་ད་རྫོགས་པ་ཆེན་པོ་དེ་འདི་ཡིན་ས་རེད་"
368842,375447,6605,"བསམ་པའི་ངང་ལ་ང་ཡི་སྒོམ་ནི་འདི་ཀ་ཡིན་རྫོགས་ཆེན་འདི་ལས་ལྷག་པ་སུས་ཀྱང་མི་ཤེས།"
375447,379314,3867,"ངས་རྫོགས་པ་ཆེན་པོ་འདི་ལྟ་བུ་རྟོགས་སོ་སྙམ་པའི་རང་མཐོང་ང་རྒྱལ་ཡང་"
379314,383463,4149,"སྐྱེ་བ་ཡོད་པས་དེའི་ཚེ་ན་བླ་མ་མཚན་ཉིདདང་ལྡན་པ་སྒོ་ནས་"
383463,388298,4835,"དེས་ང་རྒྱལ་གྱི་འཛིན་པ་དེ་ཕར་བཤིགས། ངོ་སྤྲོད་གི་གཟེར་མ་བཏབ་ན།"
388298,392298,4000,"ཇི་སྐད་དུ་རྫོགས་ཆེན་ནས། གོ་བ་ལྷན་པོ་འདྲ་ཏེ་གོག་ནས་འགྲོ་ཞེས་"
392298,395689,3391,"བཤད་པའི་ཡར་རྒྱབ་གོ་མྱོང་རྟོགས་གསུམ་ཞེས་ཡོད་པའི་དེས་ནང་ནས་གོ་བ་"
395689,398733,3044,"ཟེར་ཉིན་དེ་དཔེར་ན་གོས་ཀྱི་ཐོག་ལ་ལྷན་པོ་རྒྱབ་བཞག་བཞག་འདྲ་འདྲ་ཡིན།"
398733,407700,8967,"རྐུད་པ་ཟད་འོང་ན་གོག་འགྲོ་ལེ་མ་གཏོགས་ཡུན་རིང་པོ་རྒྱུད་ལ་གཏན་པོ་བྱས་ཏེ་བསྡད་རྒྱུ་མ་རེད་དུས་"
407700,409964,2264,"དེས་ཕྱིར་ན་གོག་ནས་འགྲོ་ཞེས་བཤད་པ་ལྟར་"
409964,415274,5310,"ངས་རྫོགས་ཆེན་རྟོགས་བསམ་རྒྱུའི་འཛིན་པ་དེས་ཀྱང་"
415274,422240,6966,"ཉོན་མོངས་དྲག་པོས་བློ་བུར་གྱི་རྐྱེན་ངན་དང་དེ་འདྲ་བྱུང་ན་"
422240,425666,3426,"སྒོམ་གྱི་སྐོར་དེ་ཕར་ཉོན་མོངས་དེས་དབང་དུ་ཤོར་བཞག་པ་ཡིན་གསུང་།"
425666,429609,3943,"དེ་མིན་རྒྱུ་འབྱོར་བ་ཆེན་པོ་རེད་དུས་འཇིག་རྟེན་ཆོས་བརྒྱད་ཀྱི་བྱ་བ་འདྲ་ཡིན་ན་"
429609,433681,4072,"དེ་ལ་ཞེན་ཆག་ཤོར་ནས་དེས་དབང་དུ་ཤོར་འགྲོ་ཟེར། རྐྱེན་བཟང་པོ་ཟེར་ན།"
433681,436870,3189,"དཔེར་ན་རྒྱུ་འབྱོར་བ་དང་གདུལ་བྱ་ཕྲིན་ལས་འདྲ་རྒྱས་ཡོང་དུས་འདྲ་དང་།"
436870,441550,4680,"གོ་ས་མཐོན་པོ་དང་། ཐམས་ཅད་ཀྱི་བླ་མ་རེད་ཟེར་བ་དང་སྒོམ་ཆེན་རེད་ཟེར་བ་ལྟ་བུ་དང་།"
441550,446388,4838,"ངན་པ་མི་ཁ་གཏན་ངན་ཁ་ངན་ཕྲ་མཆུ་ལྟ་བུ་བྱུང་ན་"
446388,450855,4467,"དེ་འཕྲད་པའི་ཚེ་ན་ཆུ་དང་འོ་མ་སོ་སོར་ཕྱེ་བ་མང་ཞིང་ཟེར་དུས།"
450855,456134,5279,"དཔེར་ན་ཆུ་ཡིན་ན་དྭངས་སང་ངེ་རོ་བྲོ་བ་གང་ཡང་ཡོད་མ་རེད་"
456134,459185,3051,"འོ་མ་ཡིན་ན་མངར་བོ་ཞིམ་པོ་ཁ་དོག་དཀར་པོ་ཡོད་རེད།"
459185,461649,2464,"ཆུ་དང་འོ་མ་བསྲེས་བཞག་ན་ཕར་ཚུར་འདྲེས་འགྲོ་རེད་དུས་"
461649,465048,3399,"རུས་སྦལ་ལྟ་བུ་གཅིག་དང་ངང་པ་གི་ཆུ་དང་བསྲེས་བཞག་ན་"
465048,467287,2239,"འོ་མ་དེ་འཐུང་ཆུ་དེ་ལྷག་འགྲོ་རེད་དུས།"
467287,471927,4640,"དཔེ་དེ་བཞིན་དུ་ངས་རྫོགས་ཆེན་རྟོགས་དེ་ཡོད་བསམ་པ་དེ་རྐྱེན་དང་འཕྲད་ན་"
471927,474973,3046,"ཆོས་པའི་མཚངས་རྟགས་སྟོན་ཞེས་པ་ལྟར་སོ་སོར་བྱེ་བ་མང་ཞིང་།"
474973,479607,4634,"དེ་ཡང་རྐྱེན་རྩ་ཆོས་པ་དེ་ལ་རྐྱེན་ངན་པ་དང་བཟང་པོ་གཉིས་འོང་རྒྱུ་ཡོད་ཟེར་"
479607,482872,3265,"རྐྱེན་ངན་པ་གང་རེད་ཟེར་ན་ལུས་ལ་ན་ཚ་སེམས་ལ་སྡུག་བསྔལ་"
482872,485329,2457,"མི་འདོད་པ་ཐོག་ཏུ་བབས་པ་དེ་འདྲ་བྱུང་ན་"
485329,490705,5376,"དེ་ཉམས་ལེན་གྱི་གྲོགས་སུ་ཡར་ལམ་དུ་ལྷོངས་དགོས་ན་ཅུང་ཟད་སྟེ།"
490705,493438,2733,"ལས་སླ་པོ་རེད་གསུང་རེད།བཟང་རྐྱེན་གྱིས་སྒོ་ནས་"
493438,495543,2105,"རྒྱུ་འབྱོར་བ་ཆེན་པོ་ཡོད་ལེ་འདྲ་འདྲ་དང་།"
495543,498952,3409,"ཡོན་བདག་དད་པ་ཅན་མང་པོ་རྣམས་ཀྱིས་བསྙེན་བསྐུར་ཞུ་འོང་ལེ་འདྲ་འདྲ་།"
498952,502237,3285,"བུད་མེད་མཛེས་མ་ལྟ་བུ་ལ་ཆག་སེམས་སྐྱེ་འོང་ན་དེ་ལམ་དུ་ལྷོངས་དགོས་ན་"
502237,505743,3506,"ཤིན་ཏུ་དཀའ་བས་ན་རྟོགས་པ་མཐོན་པོར་རློམ་པ་དག་ཀྱང་"
505743,508152,2409,"ཚེ་འདིའི་ཆེ་ཐབས་འབའ་ཞིག་ལྷུར་ལེན་ཅིང་།"
508152,511331,3179,"དང་པོ་རི་ཁྲོད་ལ་ཡ་བསྡད་ངེས་ཤེས་འདྲ་སྐྱེ།"
511331,515267,3936,"དེ་འདྲ་རེད་ཡོང་དུས་ཐམས་ཅད་ཀྱིས་བླ་མ་རེད། གྲུབ་ཐོབ་རེད། གཅིག་རེད་ཟེར་ནས་"
515267,519231,3964,"བསྙེན་བསྐུར་མང་པོ་ཞུ་ཡོང་དུས་ད་དེ་གཅིག་ཡིན་ས་རེད་བསམ་ནས་"
519231,522054,2823,"སྒོམ་དེ་དེས་དབང་ཤོར་འགྲོ། ལུང་མ་བསྟན་ལྷུར་ལེན་ཏེ་"
522054,527730,5676,"རྣམ་གཡེང་ལྷའི་བུ་བདུད་ལ་ཞེན་པ་ཁོ་ནས་གང་བ་འདི་ནི་རྐྱེན་ཅི་ལས་བྱུང་བ་རེད་ཟེར་ན།"
527730,532328,4598,"ཚོགས་དྲུག་ཟེར་དུས། མིག རྣ་བ། སྣ། ལྕེ། ལུས། ཡིད་ཟེར།"
532328,539019,6691,"གཟུགས། སྒྲ། དྲི། རོ ། རེག་བྱ་སྟེ། གཟུགས་མཛེས་པ་ཡོད་ན་ཆག་པ།"
539019,542284,3265,"མི་མཛེས་པ་ཡོད་ན་སྡང་བ་འོང་ན་རང་སར་དུ་གྲོལ་དགོས་ཟེར་ཏེ་"
542284,547198,4914,"དེའི་རང་གྲོལ་གྱི་གནད་མ་རྟོགས་པས་ལམ་དུ་འཁྱེར་མ་ཐུབ་པ་ཡིན་ཟེར།"
547198,549400,2202,"དེ་ནས་དེ་ཐུབ་པས་ལམ་དུ་ལོན་པ་ཡིན་ལ།"
549400,551839,2439,"དེང་སང་བླུན་པོ་རྣམས་ཀྱིས་ག་འདྲ་བྱེད་ཀྱི་འདུག་ཟེར་ན།"
551839,555734,3895,"དང་པོ་ལོ་ཁ་ཤས་གཅིག་ལ་རི་ཁྲོད་ལ་ཡར་བསྡད་ཉམས་མྱོང་འདྲ་ཏོག་ཙམ་སྐྱེས།"
555734,558142,2408,"དེ་བྱེད་དུས་ཐམས་ཅད་ཀྱི་བསྙེན་བསྐུར་འདྲ་ཞུས།"
558142,560684,2542,"གྲགས་པ་གྲགས་ཡེར་ཆེ་འོང་དུས་ད་བླ་མ་གྲུབ་པ་ཐོབ་བསྡད་ཡོད་རེད།"
560684,562606,1922,"མཚམས་རྒན་རེད། གཅིག་རེད། གཉིས་རེད་ཟེར་འོང་དུས་"
562606,570059,7453,"མི་མང་ཐམས་ཅད་ཀྱིས་ཡ་མཚན་དང་གྲུབ་ཐོབ་བྱེད་པ་མཐོང་བ་དེ་ནི་"
570059,574843,4784,"བྱ་རོག་དཀར་པོར་ཟད་མོད་(?)ཟེར། བྱ་རོག་ནི་སྤུ་མདོག་ནག་པོ་མ་གཏོགས་"
574843,578271,3428,"དཀར་པོ་གཏན་ནས་ཡོང་གི་མ་རེད་དེ་དཀར་པོ་ཞིག་ཡོང་ན་ཐན་ཡིན་པའི་རྟགས་རེད།"
578271,583135,4864,"དཔེ་དེ་བཞིན་དུ་ནང་ན་ཉམས་མྱོང་གི་གདེང་ནི་མེད། ཕྱི་ནས་གདུལ་བྱ་ཕྲིན་ལས་རྒྱས།"
583135,585517,2382,"གྲུབ་ཐོབ་རེད། སངས་རྒྱས་རེད། གཅིག་རེད་ཟེར་འོང་ན་"
585517,588508,2991,"བྱ་རོག་དཀར་པོ་འདྲ་འདྲ་ཡིན་ཟེར། དེ་ཡིན་ན།"
588508,592780,4272,"འོན་ཀྱང་སྙིང་ནས་ཚེ་ཕྱི་མ་དང་འཁོར་བ་སྡུག་བསྔལ་གྱི་རྒྱ་མཚོ་ཡང་དྲན།"
592780,599444,6664,"དམ་པའི་ཆོས་བྱེད་པ་དག་ལ་མཚན་མ་ཅན་གྱི་ལྟ་བ་ཐོམ་ཡོ་རེ་བ་ཞེས་"
599444,603276,3832,"ངས་ལྟ་བ་འདི་ཡིན་བསམ་དམ་དམ་ཧྲིག་ཧྲིག་བ་བྱེད། དཔེར་ན།"
603276,608540,5264,"རྩི་སྐུད་མདུད་པ་མི་ཆོད་བརྒྱབ་པ་ལྟ་བུ་ཡོད་པ་དེས་སྒོམ་གྱི་གོ་མི་ཆོད། པའི་རྒྱུ་མཚན་ཅི་ཡིན་ཟེར་ན།"
608540,611681,3141,"ཉམས་མྱོང་གི་གདེང་དེ་རྐྱེན་གྱིས་མི་ཐུབ་པས་སྒོམ་གོ་མི་ཆོད་པས།"
611681,617960,6279,"དེ་ལྟར་གོལ་སར་མི་ཤོར་བར་ཐུན་བཞིར་ཉམས་ལེན་གྱི་སྙིང་པོར་"
617960,621420,3460,"བླ་མའི་རྣལ་འབྱོར་གསལ་ནས་བླ་མ་ལས་དབང་བཞི་ཡང་ཡང་ལེན།"
621420,625302,3882,"ཐུགས་ཡིད་གཅིག་ཏུ་བསྲེ། བར་ཆད་ཀྱི་དབང་དུ་མི་འགྲོ་བར་ཤོག་བསམ།"
625302,628909,3607,"དེ་ནས་བཟང་པོ་ཡི་རྐྱེན་བྱུང་ཡང་དེ་ལ་ང་རྒྱལ་དང་རློམ་སེམས་མི་བྱེད།"
628909,631130,2221,"ངན་པའི་རྐྱེན་བྱུང་ཡང་ཁྱད་དུ་སྤང་བླང་མི་བྱེད།"
631130,633991,2861,"བདེ་སྡུག་ལམ་ཁྱེར་གྱི་ངང་ལ་རིག་པ་ཁ་ཡན་དུ་གློད་ལ།"
633991,637261,3270,"ངས་ལྟ་བ་དེ་ཡིན་བསམ་རྒྱུ་ཉམས་ཀྱི་ངོ་བོ་དེ་ལ་"
637261,640645,3384,"འཛིན་པ་གཏན་ནས་མེད་པར་གཏད་སོ་མེད་པ་གཅིག་དང་།"
640645,644928,4283,"ཁུངས་མེད་དུ་མ་སོང་བར་སྙིང་ལ་རྡོ་རུས་གཏུགས་ཏེ་རྩེ་གཅིག་ཏུ་སྒོམ་དགོས་ཟེར།"
644928,647276,2348,"དེ་བཞིན་མ་རྩ་ཉམས་མྱོང་གི་ལྟ་བ་དེ་རྒྱུད་ལ་སྐྱེ་འོང་ན་"
647276,653558,6282,"གོ་བ་དང་མྱོང་བ་ཞེས་ཕྱི་ཤུན་ནང་ཤུན་མང་པོ་གཅིག་ཡོང་རྒྱུ་ཡོད་གསུང་།"
653558,658135,4577,"ཁྲིད་ཡིག་ནང་དེ་འདྲའི་གསུང་གི །ཕྱི་ཤུན་བསལ་དེ་ལས་ནང་ཤུན་གཅིག་སླེབས་ཡོང་དུས་"
658135,663704,5569,"སྔོན་གྱི་གོ་བ་དེ་ལས་ལྷག་ཙམ། ཉམས་མྱོང་དེ་ལས་ལྷག་ཙམ་གཅིག་སྐྱེ་ཡོང་རྒྱུ་ཡོད་ལེ་ཡིན་ས་རེད།"
663704,667299,3595,"དེ་ཚེ་བཅོམ་ལྡན་འདས་ཀྱིས་ཕུ་ཡང་སྒོམ་ཡང་དེ་ཕར་ཆུ་དྲག་པོ་བརྡབ་ཅིང་དྭངས།"
667299,671006,3707,"རྣལ་འབྱོར་སྒོམ་པ་སྐྱེས་ཀྱང་བཟང་ཞེས་ནང་གི་འཛིན་པ་བཤིག"
671006,674842,3836,"གསར་པ་རེ་རེ་བཞིན་ངེས་ཤེས་སྐྱེས། བཤིག་ཡང་ངེས་ཤེས་རེ་རེ་སྐྱེས་པས་"
674842,676896,2054,"སྒོམ་མཐར་ཐུག་དེའི་སྟེང་ནས་ཡོང་ལེ་ཡིན་ཟེར།"
676896,682015,5119,"དེ་བཞིན་དུ་རིམ་པ་བཞིན་དུ་གོང་འོག་གི་སྒོམ་དེ་ནི་"
682015,686804,4789,"གང་ཟག་འདྲ་མི་འདྲ་ཤ་ཚ་ཡོད་རྒྱུ་རེད་པས་སེམས་རྣམ་རྟོག་གང་ཡང་མི་བསྟན།"
686804,690701,3897,"བདེ་ཉམས་དམིགས་པ་ཅན་ཞིག་ཡིན་ན་དེ་ཞི་གནས་ཤས་ཆེ་བ་ཅན་ཞིག་འོང་།"
690701,693257,2556,"དེ་ཞི་གནས་ཤས་ཆེ་བ་ཅན་གྱི་སེམས་དེའི་ངོ་བོ།"
693257,696696,3439,"དབྱིབས་དང་། གཟུགས་དང་། ཁ་དོག །དངོས་པོ་ཅི་ཡང་ཡོད་མ་རེད་པས་"
696696,697955,1259,"མེད་པ་ཡི་བཏང་སྙོམས་ཅན་གྱི་སྟོང་ཉམས་དང་།"
697955,700910,2955,"དེ་ནས་ལྷག་མཐོང་ཤས་ཆེ་དུས་སེམས་ལ་གསལ་ཉམས་སྐྱེས་དུས་"
700910,703229,2319,"རི་རབ་ཟང་ཐལ་གྱི་མཐོང་ཡོང་ས་འགི་བསམ་རྒྱུ་དང་"
703229,705001,1772,"ཚེ་སྔ་ཕྱི་མཐོང་ཡོང་ས་རེད་བསམ་རྒྱུ་དང་།"
705001,708805,3804,"མངོན་ཤེས་ཤར་འོང་རྒྱུ་ལ་སོགས་པ་ཡོང་། མདོར་ན། འགྱུ་དྲན་གྱི་ཟེར་དུས།"
708805,713147,4342,"སེམས་ཀྱི་རྣམ་རྟོག་འགྱུ་འགྱུ་བ་དེ་ངོས་ཟིན་ན་དེས་མཚང་རིག་སྟེ་"
713147,716087,2940,"དེས་གནད་དེ་ཤེས་དགོས་ཐིས་བསམ། དེས་བསླུ་མ་ཐུབ་པ་ཞིག་དགོས་ཟེར།"
716087,721084,4997,"བསླུ་མ་ཐུབ་སོང་ན་སོ་སོར་རྟོག་པའི་ཤེས་རབ་ཀྱི་རྩལ་འབར་ནས་གནས་ནའང་།"
721084,723796,2712,"ཆོས་ཉིད་ཀྱི་ཡོ་ལང་། འགྱུ་ནའང་ཆོས་ཉིད་ཀྱི་ཡོ་ལང་།"
723796,726981,3185,"གནས་འགྱུ་གཉིས་ཀ་སྒོམ་དུ་ཁྱེར་ཤེས་པ་གཅིག་དགོས་མ་གཏོག"
726981,730948,3967,"དེང་སང་ཕལ་ཆེར་སྒོམ་བརྒྱབ་ཡོང་དུས་སེམས་ཀྱི་ཆུ་འཁྱིལ་བ་བཞིན་"
730948,735053,4105,"ལྟེམ་མེར་བསྡད་ཡོང་དུས་སྒོམ་ཡིན་ཤག་བྱེད། རྣམ་རྟོག་ཤར་ན་སྒོམ་མིན་ཤག་བྱེད།"
735053,738544,3491,"དེ་འདྲ་བྱེད་ཀྱི་འདུག་པས་དེ་འདྲས་མི་འོང་གསུང་།"
738544,744378,5834,"གནས་པ་འགྱུ་བ་གང་ཡིན་པ་དེ་རང་གི་རིག་པའི་ངོ་བོ་དེ་ངོ་ཤེས་ཡོང་དུས་"
744378,749176,4798,"ཤེས་མཁན་གྱི་ངོ་བོ་དེ་ལ་ག་ལེར་བལྟས་ན་ང་བསམ་རྒྱུ་གི་འཛིན་པ་ཅན།"
749176,751284,2108,"དཔེར་ན། རྩི་སྐུད་འགྱུར་ལོག་མང་པོ་སྒོང་བཞག་ན་"
751284,754940,3656,"ཁབ་མིག་གི་ནང་དུ་མི་འགྲོ་བར་དམ་བྲིང་ངེ་བ་ཞིག་ཡོང་ལེ་རེད།"
754940,757644,2704,"དཔེ་དེ་ལྟ་བུ་ང་བདག་གི་འཛིན་སྟངས་དམ་བྲིང་ངེ་བ་དང་།"
757644,761672,4028,"དེ་ནས་དཔེ་ཆ་གི་གོ་རྟོགས་ཅུང་ཙམ་ཡོད་ན་ངས་སྒོམ་དེ་སྟོང་པ་རེད་ཨེ་འདུག །"
761672,764951,3279,"གསལ་བ་རེད་ཨེ་འདུག །མདོ་དང་མཐུན་ཨེ་འདུག །སྔགས་དང་མཐུན་ཨེ་འདུག །"
764951,767735,2784,"ཁྲིད་ཡིག་དང་མཐུན་ཨེ་འདུག་བསམ་རྣམ་རྟོག་མང་པོ་གཅིག་བཏང་ཚར་ན་"
767735,770682,2947,"སྟོང་ཉིད་གཤིས་ལ་ཤོར་ཟེར་མཁན་དེ་ཡིན་པས། བརྟག་དཔྱད་བསམ་གཞིགས་ཀྱི་གཤིས་ལ་ཤོར་བ་སོགས་"
770682,779954,9272,"རྟོག་གེའི་བློ་ཡིས་འཆད་པ་རེད་དུས་ཤིན་ཏུ་ལྐོག་ཏུ་གྱུར་པའི་ཤེས་བྱའི་སྒྲིབ་པ་རྔམ་པོ་ཆེ་ཡིན་ཟེར།"
779954,784135,4181,"དོན་དུ་སངས་རྒྱས་ཀྱིས་སྟོང་ཉིད་ཀྱི་ངོ་བོ་དེ་འཁོར་གསུམ་གྱི་ཞེན་པར་གྱུར་ན་"
784135,789775,5640,"ཤེས་བྱའི་སྒྲིབ་པ་གསུང་ཟེར་རེད་དུས(?)རྣམ་རྟོག་ལ་ཆོས་སྐུའི་མིང་འདོགས་མི་སྔ་བར་ཟེར།"
789775,793531,3756,"རྣམ་རྟོག་ལ་ཆོས་སྐུའི་མིང་བཏགས་ཚེ་རྣམ་རྟོག་གཡང་དུ་བལྟས་བཞག་ན་"
793531,794970,1439,"རྣམ་རྟོག་གི་དབང་དུ་ཤོར་འགྲོ་རྒྱུ་རེད།"
807387,810017,2630,"འདི་ཀ་ལ་སྒོམ་མཁན་གྱིས་རྩེ་གཅིག་ཏུ་སྒོམ།"
810017,813315,3298,"བསྒོམ་རྒྱུ་དེ་ལ་སྒོམ་མཁན་གྱི་གཉེན་པོ་དཔེར་ན་མདོ་ལྟ་བུ་ཡིན་ན།"
813315,816455,3140,"འདོད་ཆག་སྐྱེས་ན་མི་སྡུག་པ། ཞེ་སྡང་སྐྱེས་ན་བཟོད་པ།"
816455,819396,2941,"གཏི་མུག་སྐྱེས་ན་དབུགས་འབྱུང་རྔུབ་དང་རྟེན་འབྲེལ་བསྒོམ་རྒྱུ་ཡོད་རེད་དུས་"
819396,822609,3213,"དེ་འདྲའི་ཁ་ཁ་དགོས་མ་རེད། ཐ་མལ་གྱི་ཤེས་པ་ཁོ་རང་གི་ངོ་བོ་དེ་"
822609,827498,4889,"ཚུར་ཡོང་ན་གཉེན་པོ་དེ་རེད་དུས། དེས་ན་ངའི་ལྟ་བ་དེ་ཡིན་རྒྱུ་རེད། ཡིན་རྒྱུ་མ་རེད།"
827498,829379,1881,"མདོ་དང་མི་མཐུན་འདུག །དབུ་མ་དང་མི་མཐུན་འདུག །"
829379,831696,2317,"སེམས་ཙམ་དང་མི་མཐུན་འདུག་བསམ་ཞེན་པ་ཡོད་ན་"
831696,833743,2047,"དེས་ཞེན་ཆག་ཀྱི་འཛིན་པ་རེད་འགྲོ་དུས།"
833743,837438,3695,"ཞེན་མེད་མ་བཅོས་ངང་ཐམས་ཅད་ཀུན་ལ་ཁྱབ་པའི་ཟང་ཐལ་ལེ་"
837438,841351,3913,"ཁྱད་དུ་དྲན་པ་ཀྱིས་བསྡམས་ཏེ་བཅོས་བསྡད་པ་ལྟ་བུ་མ་ཡིན་པ།"
841351,846997,5646,"ཁ་ཡན་དུ་ལམ་དུ་ཁྱེར་བ་ཁོ་ནར་འདི་ལས་ལྷག་པའི་མཉམ་བཞག་རིག་པ་རྗེན་པ་སྐྱོང་བ་དང་།"
846997,851331,4334,"མཉམ་བཞག་དང་རྗེས་ཐོབ་ཀྱི་སྐབས་སུ་དེ་སྐྱོང་དགོས།"
851331,853619,2288,"དེ་ལས་གོ་བ་མང་པོ་ལ་བརྟགས་དཔྱད་ཀྱི་བྱ་ཤོར་ཟེར་"
853619,856176,2557,"ངས་སྒོམ་ཡང་དག་པ་རེད་ཟེར་ལེ་ད་ལན་རེད་མི་འགི །"
856176,858649,2473,"ད་ལན་དཔེར་ན་ཉམས་མྱོང་སྐྱེས་འོང་ན་འདི་བདེ་ཉམས་རེད།"
858649,861264,2615,"འདི་གསལ་ཉམས་རེད། འདི་མི་རྟོག་པའི་ཉམས་རེད་བསམ་རྒྱུ་དང་།"
861264,865569,4305,"བྱ་ཤོར་ཟེར་ན། དགྲ་ལ་བྱ་ཤོར་བཞག་ན་དགྲ་ལག་འོག་ཏུ་ཚུད་མ་རེད་དུས།"
865569,869921,4352,"དཔེ་དེ་ལྟ་བུས་བྱ་ཤོར་ན་རྫོགས་པ་ཆེན་པོའི་ལམ་ལ་གོལ་ས་ཟེར།"
869921,874522,4601,"ལམ་འགག་ངོ་མ་གཅིག་ལ་འགྲོ་དགོས་ན་ལམ་འགག་ངོ་མ་ནང་དུ་མ་ཚུད་པ་ལྟར་"
874522,876250,1728,"གོལ་ས་དང་ལམ་ནོར་ས་ཟེར།"
876250,880002,3752,"ལམ་ནོར་སོང་བ་དང་།ཤོར་ས་གསུམ་གྱི་འཕྲང་ཡོད་དེ།"
880002,884102,4100,"དེས་གོལ་ས། ནོར་ས། ཤོར་ས་གསུམ་པོའི་འཕྲང་དེ་དག་རེ་རེ་བཞིན་དུ་"
884102,887975,3873,"བླ་མའི་མན་ངག་ཅན་ཅིག་གིས་ངོ་སྤྲད། ངོ་སྤྲད་པའི་སྒོ་ནས་ངོས་ཟིན།"
887975,891017,3042,"ངོས་ཟིན་པའི་སྒོ་ནས་གོལ་ས། ནོར་ས། ཤོར་ས་འཕྲང་གི་འགག་གམ་འཕྲང་འདི་"
891017,894731,3714,"བརྒལ་མ་ཤེས་ཤིང་ངོས་ཟིན་མ་ཤེས་ན་ཡིན་པ་དང་མིན་པའི་སྟངས་མི་ཕྱེད་པས་ཟེར།"
894731,897776,3045,"སྒོམ་ཡང་དག་ཡིན་པ་དང་མིན་པའི་སྟངས་མི་ཕྱེད་པས་འདིར་"
897776,901533,3757,"དེ་དག་གིས་མཚང་འཆད་ན་གསུང་། གོལ་ས། ནོར་ས། ཤོར་ས་གསུམ་གྱི་མཚང་འཆད་ན་"
901533,905776,4243,"སྟོང་པ་ཉིད་ཅེས་པ་དེ་སེམས་ཀྱི་ངོ་བོ་ཀ་དག་ཟེར། སྟོང་པ་ཟེར།"
905776,909688,3912,"དགེ་བས་ཕན་བཏགས་རྒྱུ་མེད། སྡིག་པས་གནོད་བསྐྱལ་རྒྱུ་མེད།"
909688,914168,4480,"ད་ལྟའི་ཤེས་པ་དེ་སངས་རྒྱས་རློན་པ་ཡིན་གསུངས་པ་དེ་ག་འདྲ་ཞིག་དགོས་རེད་ཟེར་ན།"
914168,919007,4839,"ཡེ་གདོད་མ་ནས་སྟོང་ཞིང་བདག་མེད་པ་སྤྲོས་པའི་མཐའ་བཞིའམ་བརྒྱད་དང་བྲལ་བ་"
919007,922755,3748,"ད་ལྟའི་ཤེས་པ་བློ་འདས་ཁ་ཡན་འདི་ཀ་རིག་པ་ཟེར་བ་ཡིན་དུས།"
922755,926146,3391,"དོན་དུ་ངོ་མ་རིག་པ་རང་གི་ངོ་བོ་སྟོང་པ་དེ་རྒྱུད་ལ་སྐྱེས་འོང་ན།"
926146,931534,5388,"འདི་ཡིན་ས་འགི་ལེ་བསམ་པའི་ཐམས་ཅད་ལ་ཕར་ཁྱབ་སོང་ཟེ་རྒྱ་ཆེན་པོ་གུ་ཡངས་ངེ་འདྲ་གཅིག །"
931534,934724,3190,"ཟང་ཐལ་ལེ་བ་གཅིག་ཡོང་གི་རེད་གསུང་འདུག །རིག་པ་ཟེར་བ་དེ་ཡིན་པས།"
934724,939477,4753,"དེས་གནད་གཅིག་མ་གོ་བར་ཐེག་པ་འོག་མ་ལྟར་དུ་བརྟག་དཔྱད་མང་པོ་བཏང་སྟེ་"
939477,941976,2499,"ཡོད་མེད་དང་དགག་སྒྲུབ་ཀྱི་བློས་དཔྱད་པའི་རྗེས།"
941976,945635,3659,"དེ་ནས་བློ་མང་པོ་བྱས་བསྡད་ན་དཔྱད་པ་དེ་ཧུས་ཐུག་ཡོང་ན་"
945635,949135,3500,"མཐར་ཁ་ཅི་ཡང་མེད་པ་སྟོང་པ་སྟོང་རྐྱང་འདྲ་གཅིག་ལ་ཆགས་འགྲོ་གི་རེད་པས།"
949135,953484,4349,"དེས་ན་དེས་རེད་གི་མ་རེད། རྒྱུད་སྡེ་འོག་མ་བསྐྱེད་རིམ་ལ་སོགས་པ་སྒོམ་པའི་སྐབས་སུ་"
953484,956816,3332,"སྭཱ་བྷཱ་ཝའི་སྔགས་སོགས་སྣོད་བཅུད་ཀྱི་འཇིག་རྟེན་ཐམས་ཅད་"
956816,959838,3022,"མི་དམིགས་པའི་སྟོང་པ་ཉིད་དུ་གྱུར་ཐིས་བསམ་པའི་སྟོང་པར་སྦྱངས།"
959838,962614,2776,"དཔེར་ན་ངེད་ཚོ་གིས་དེ་བཞིན་ཉིད་ཀྱི་ཏིང་ངེ་འཛིན་སྒོམ་དུས་"
962614,966670,4056,"མ་ཧཱ་ཤཱུ་ནྱ་ཏ་འདོན་ཚར་དུས་སྣོད་བཅུད་ཐམས་ཅད་སྟོང་པ་ཉིད་དུ་གྱུར་ཐིས་བསམ་ན་"
966670,969051,2381,"སེམས་ལ་སྟོང་ཧར་རེ་གི་ཉམས་འདྲ་གཅིག་འོང་གི་རེད།"
969051,971450,2399,"དེའི་སྟོང་ཉམས་དེ་སྒོམ་མཐར་ཐུག་མ་རེད།"
971450,974238,2788,"དེ་བཞིན་ཉིད་ཀྱི་ཏིང་ངེ་འཛིན་གྱི་མཐར་ཐུག་དེ་དགོས་རེད།"
974238,980372,6134,"གསལ་སྟོང་ཙམ་དུ་ཁས་ལེན་ཏེ། དཔེར་ན། སྒྱུ་མ་ངལ་གསོ་འདྲ་ཞིག་སྒོམ་འདུག་ཁ་བྱས་ན།"
980372,982113,1741,"དངོས་གནས་དྲང་གནས་སྒྱུ་མ་རེད་འགི །"
982113,987261,5148,"བསྟོད་ན་སྒྱུ་མ་རེད། སྨད་ན་སྒྱུ་མ་རེད། དགའ་ན་སྒྱུ་མ་རེད་བསམ་རྒྱུའི་གོ་བ་གཅིག་རེད་ནས་"
987261,991372,4111,"སྒྱུ་མ་ལྟ་བུའི་ལྟ་བ་ལྟར་མྱོང་ན་ནོར།"
991372,994797,3425,"དེ་བཞིན་དུ་ཞི་གནས་ནི་ཕྲ་རགས་ཀྱི་རྣམ་རྟོག་ཐམས་ཅད་རང་སར་ཞི་སྟེ།"
994797,997180,2383,"སེམས་ཉིད་འགྱུ་དྲན་གྱི་རླབས་དང་བྲལ་ནས་"
997180,1001131,3951,"དངས་སེང་ངེ་གནས་པའི་ཆ་རང་རིག་རང་གསལ་དེ་ཡིན་པ་མ་གོ་བར།"
1001131,1003996,2865,"སེམས་ལ་རྣམ་རྟོག་མ་ཡིན་ལྷན་ནེར་གནས་པ་དེ་"
1003996,1005649,1653,"ཞི་གནས་ཀྱི་ངོ་བོ་གནས་འགྲོ་རེད་དུས།"
1005649,1009019,3370,"ཉི་མའང་ཐུང་ཐུང་མ་འདྲ་ཉིན་མཚན་ཁོར་ཡུག་ཏུ་སྒོམ་དགོས་ན་"
1009019,1011884,2865,"སུན་རྒྱུ་མེད་པ་འདྲ་རེད་འོང་དུས་དྲན་མེད་ཧད་པོ་རེད་དུས་"
1011884,1013501,1617,"དེ་ལ་གོ་ན་ནོར་འགྲོ་བ་ཡིན་ཟེར།(༡༦)"
1013501,1016877,3376,"དེས་ན་ཞི་གནས་དེ་མ་ཡིན་པར་ལྷག་མཐོང་ག་འདྲ་ཡིན་ཟེར་ན།"
1016877,1019870,2993,"ལྷག་མཐོང་ནི་སེམས་གནས་ན་འདྲ། འགྱུ་ན་འདྲ།"
1019870,1025714,5844,"གནས་འགྱུ་གཉིས་ཀ་རང་ངོ་རང་གིས་རིག་པའི་ཤེས་པའི་ཤེས་པ་ངོ་ཤེས་ཡོང་ན། དཔེར་ན།"
1025714,1029151,3437,"མྱི་དཔའ་བོ་གཅིག་ལ་སྙིང་མེད་ནས་ཞེ་སྡང་འདྲ་གཅིག་སྐྱེས་འོང་ན།"
1029151,1032210,3059,"ཁོས་ང་བསད་ན་མི་འཇིགས་བསམ་པའི་དཔའ་འདྲ་ཚུད་འོང་རྒྱུ་ཡོད་རེད་བ།"
1032210,1038042,5832,"དཔེ་དེ་ལྟ་བུ་ངོ་ཤེས་ན་གདེང་གཅིག་ཐོབ་ཏེ་ངར་གདེང་གསལ་རིག་འཛིན་མེད་འདི་ཀ་ཡིན་པ་ལ།"
1038042,1041608,3566,"དེ་འཛིན་མེད་ཀྱི་གོ་བས་མ་གོ་བར་གནས་འགྱུ་ལ་བརྟགས་དཔྱད་བྱས་ཏེ་"
1041608,1046803,5195,"ད་རེ་ངས་སེམས་གནས་ཐིས་བསམ་རེ་རེ་དགའ། ད་རེས་འགྱུ་ཐིས་བསམ་རེ་རེ་སྡུག །"
1046803,1054272,7469,"དེ་ལྟ་བུའི་གནས་འགྱུ་བརྟགས་དཔྱད་བྱས་པའི་བློ་དེ་ཡོད་ན་ངོ་ཚ་བྱེད་ས་དེ་ཡིན་ཟེར།"
1054272,1056477,2205,"དེ་ནི་མཉམ་བཞག་དང་རྗེས་ཐོབ་གཉིས་ནང་། དཔེར་ན།"
1056477,1060947,4470,"རྗེས་ཐོབ་ཅེས་པ་ལ་བླ་མ་གོང་མ་རྣམས་ཀྱིས་ཉམས་མྱོང་གི་སྒོ་ནས་"
1060947,1063021,2074,"བཞེད་ལུགས་སྣ་ཚོགས་པ་ཞིག་ཡོད་ནའང་།"
1063021,1065601,2580,"མཉམ་བཞག་རྗེས་ཐོབ་ཐུན་མོང་གི་ལུགས་ལྟར་དུ་བྱས་ན།"
1065601,1068267,2666,"ཏིང་ངེ་འཛིན་རྩེ་གཅིག་ཏུ་སྒོམ་བསྡད་ན་མཉམ་བཞག །"
1068267,1072511,4244,"དེས་སྤྱོད་ལམ་ནང་ལྟར་ཟ་འཆག་ཉལ་འདུག་བྱས་ན་རྗེས་ཐོབ་ཟེར་ཉིན་གཅིག་ཡོད་རེད།"
1072511,1075957,3446,"ཡང་མཉམ་བཞག་རྗེས་ཐོབ་སྒོམ་ཉམས་མྱོང་གི་ཐོག་ནས་བྱས་ན་"
1075957,1078765,2808,"རིག་པ་གི་ངོ་བོ་རྗེན་པར་ངོས་ཟིན་འོང་ན་མཉམ་བཞག་དང་།"
1078765,1082916,4151,"དེའི་རྗེན་པ་དེ་ཡལ་ཤོར་བཞག་པ་དེ་རྗེས་ཐོབ་ཟེར་ནས་བཞེད་ལུགས་སྣ་ཚོགས་པ་ཞིག་ཡོད།"
1082916,1086294,3378,"རྫོགས་ཆེན་རང་སྐད་དུ་ཉམས་གང་ཤར་གྱི་ངོ་བོ་དེ་ལ་"
1086294,1088180,1886,"དྲན་པས་རྩིས་ཟིན་བཞིན་པའི་ངང་དུ་གནས་པ་ལ་མཉམ་བཞག་དང་། དེ་ཉིད་ཤེས་བཞིན་ཀྱི་ངང་དུ་སྤྲུལ་བསྒྱུར་སོགས་འགྱུ་བའི་ཆ་དེ་རྗེས་ཐོབ་དང་།"
1088180,1090802,2622,"དེའང་(༡༨)ད་ལྟ་སེམས་ཡེངས་འདུག་མི་འདུག་བསམ་རྒྱུ་དེ་"
1090802,1093699,2897,"དྲན་པས་རྩིས་ཟིན་པ་དེ་ལ་འདུ་བྱེད་ཀྱི་དྲན་པ་ཟེར།"
1093699,1099600,5901,"དེས་འདུ་བྱེད་ཀྱི་དྲན་པས་རྩིས་ཟིན་བཞག་པའི་ཉམས་གནས་པ་ལ་མཉམ་བཞག་དང་།"
1099600,1104227,4627,"གནས་པ་དེས་ངོ་བོ་དེ་ལ་སེམས་ཡེངས་ནི་མ་ཡེངས་བ་ལ་"
1104227,1106654,2427,"བཟོ་བཅོས་མ་བྱས་པ་ཤེས་བཞིན་གྱི་ངང་ནས་"
1106654,1112649,5995,"ཉམས་ཁོ་རང་གི་མཚན་ཉིད་རེད་དུས་འདྲ་མི་འདྲ་འགྱུ་བ་དང་།"
1112649,1115341,2692,"སྤྲོ་བསྡུ་ཆ་དེ་རྗེས་ཐོབ་ཡིན་ཟེར།"
1115341,1119996,4655,"དེས་དོན་དུ་ཉམས་མཉམ་བཞག་མ་བཅོས་པ་ཐ་མལ་ཤེས་པ་"
1119996,1122419,2423,"ངོ་བོ་རིག་པ་རང་ཐོག་ལ་བཞག་བསྡད་ན་མཉམ་བཞག་ཡིན།"
1122419,1125608,3189,"དེས་མཉམ་བཞག་དེ་མ་ཡེངས་བཞིན་དུ་དད་པའམ་མོས་གུས་བྱས་ན།"
1125608,1128562,2954,"ངེས་འབྱུང་བྱས་ན། ཡང་ན་ཁ་ལག་ཅིག་བཟའ་དགོས་བསམ་ནས་"
1128562,1130244,1682,"ཕར་ཚུར་འགྲོ་དགོས་བསམ་པ་ཤར་བ་ན།"
1130244,1134782,4538,"རྣམ་རྟོག་དེས་རིག་པ་སྟོར་ནི་མ་སོང་བར་འགྱུ་བའི་ཆ་དེ་"
1134782,1140096,5314,"རྗེས་ཐོབ་ཡིན་པ་མ་གོ་བར་ལྟ་སྟངས་ཀྱི་སྟོང་པ་ལ་རྩེ་གཅིག་ཏུ་འཇོག་པ་ལ་མཉམ་བཞག་དང་།"
1140096,1143291,3195,"དེ་ལས་ལངས་ནས་གང་ཤར་ཐམས་ཅད་ལ་སྒྱུ་མ་ལྟ་བུའི་སྟོང་ཉིད་ཀྱིས་"
1143291,1153017,9726,"རྒྱས་འདེབས་སུ་ཤོར་བ་དེ་ནོར་ས་ཡིན་དུས།"
1153017,1158532,5515,"དེས་མཉམ་བཞག་དང་རྗེས་ཐོབ་གཉིས་ཀྱི་ནོར་ས་དེ་ཡིན།"
1158532,1160840,2308,"དེས་ན་སེམས་ཡེངས་མེད་ཟེར་ཉིན་དེ་གང་རེད་ཟེར་ན།"
1160840,1164250,3410,"དེས་ན་རྣམ་རྟོག་ཟེར་ཉིན་དེ་ནི་འདས་པའི་བག་ཆགས་ཀྱིས་རྗེས་གཅོད།"
1164250,1167958,3708,"མ་འོངས་རྣམ་རྟོག་གིས་མདུན་བསུ། ད་ལྟ་ངས་འདི་འདྲ་བྱས་ན་མ་འོངས་པར་ཡག་པོ་རེད།"
1167958,1172078,4120,"འདི་འདྲ་མ་བྱས་ན་རེད་རྒྱུ་མ་རེད་བསམ་རྒྱུ་ལ་སོགས་པའི་འཁྲུལ་འབྱམས་རྣམ་རྟོག་"
1172078,1176426,4348,"སེམས་རང་གི་སེམས་ལ་བསམ་བསྡད་ན?རྣམ་རྟོག་མང་པོ་ཞིག་གི་དཔེར་ན་"
1176426,1181091,4665,"རང་འཐག་གི་ནང་དུ་ཡོས་བླུགས་འདུག་དུས་སྟེང་ནས་མར་བླུགས་འདུག་དུས་"
1181091,1182245,1154,"རྐུབ་ནས་མར་འཛག་འགྲོ་གི་ཡོད་རེད་དུས།"
1182245,1185433,3188,"དེ་དང་འདྲ་སེམས་ཞབས་ནས་རྣམ་རྟོག་མང་པོ་ཞིག་ཤར།"
1185433,1187853,2420,"སྟེང་ནས་ཡེང་མེད་བསྡད་ན་དེ་འོག་འགྱུ་རེད་དུས་"
1187853,1191472,3619,"འོག་འགྱུ་ཤེས་པ་དགེ་བ་གི་དད་པ་མོས་གུས་ཡང་མ་ཡིན་པ།"
1191472,1197229,5757,"མི་དགེ་བ་གི་ཤེས་པ་འདོད་ཆག་ཞེ་སྡང་གཏི་མུག་སོགས་དང་།(༡༩) དགེ་མི་དགེ་བ་གང་ཡང་མ་ཡིན་པ་ལུང་མ་བསྟན་དུ་མ་སོང་བ་"
1197229,1201150,3921,"རང་བཞིན་ཤེས་པ་བབས་ཀྱིས་གནས་པ་དེ་ལ་ཡང་དག་གཉུགས་མའི་དྲན་པ་ཟེར།"
1201150,1206618,5468,"སྒོམ་མཐར་ཐུག་དེ་རེད། ངས་སྒོམ་དེ་ཡེང་འགྲོ་འགི །"
1206618,1209314,2696,"ད་མི་མང་པོ་བསླེབ་རྩིས་འགི །ངས་སྒོམ་དེ་སྟོར་བའི་ཐིས།"
1209314,1212579,3265,"ཡང་ལས་ཀ་གཅིག་གི་ཆེད་དུ་ངའི་སྒོམ་དེ་རེད་མ་ཐིས་"
1212579,1216439,3860,"བསམ་རྒྱུ་སེམས་ཁྲལ་ལྟ་བུ་ཡོངས་དུས་ཡེང་ཀྱི་དོག་པའི་ཟོན་འཇུག་པ་དང་།"
1216439,1219705,3266,"དེས་ན་ཡིན་གཅིག་མིན་གཉིས་སེམས་གནས་པ་དེ་ལ་"
1219705,1221474,1769,"ཡག་པོ་རེད་བསམ་རྩིས་ཆེ་འགྲོ་ན།"
1221474,1226591,5117,"སེམས་དེ་ཕིས་འཛིན་པ་དྲག་པོ་གིས་བཅིངས་སོང་ན་"
1226591,1228808,2217,"སྡུག་བརྩིར་ཟེར་འགྱུ་དྲན་ཟེར་མཁན་དེ་རེད།"
1228808,1231551,2743,"དེ་གཉིས་ཀྱིས་བཅིངས་ནའང་ནོར་སོང་བ་ཡིན་ཟེར།"
1231551,1235669,4118,"དེས་ན་རྫོགས་ཆེན་གྱི་ལམ་ནས་ཐ་མལ་གྱི་ཤེས་པ་ཟེར་མཁན་དེ་ད་ལྟ་ག་རེ་རེད་ཟེར་ན།"
1235669,1239131,3462,"ད་ལྟའི་ཤེས་པ་འདི་ལ་སྐྱོན་ཉོན་མོངས་དུག་ལྔ་ཡིན་ནའང་འདྲ།"
1239131,1242316,3185,"ཡོན་ཏན་དད་པ་མོས་གུས་སྙིང་རྗེ་ལ་སོགས་པ་ཡིན་ནའང་འདྲ།"
1242316,1244554,2238,"གང་གིས་ཀྱང་མ་བསླད་པར་རང་བབས་གཉུག་མ།"
1244554,1247567,3013,"བཞག་བཞག་ན་ཆུ་མ་འགུལ་ན་དྭངས་ཟེར་རྒྱུ་དེ་རེད་དུས།"
1247567,1250758,3191,"འདི་ཀ་རིག་པའི་རྒྱུན་གྱིས་སྐྱོང་བ་དེ་ཡིན་ལ།"
1250758,1254475,3717,"དེ་མ་གོ་བར་འཇིག་རྟེན་ཐ་མལ་གྱི་རྣམ་རྟོག་རང་རྒྱུད་པ་ལ་"
1254475,1260337,5862,"ངོས་འཛིན་པ་ནོར་གསུངས་པ་ལྟར་ནོར་འགྲོ་བ་ཡིན་ཟེར།"
1260337,1264412,4075,"འཇིག་རྟེན་ཐ་མལ་གྱི་རྣམ་རྟོག་རང་རྒྱུད་པ་ཤར།"
1264412,1268308,3896,"རྣམ་རྟོག་དེས་རྒྱུད་ལ་ཆག་སྡང་གི་རྣམ་རྟོག་སྐྱེས་ནས་རྣམ་རྟོག་གཅིག་གིས་གཉིས་བྱེད།"
1268308,1271016,2708,"གཉིས་གིས་གསུམ་བྱེད་མང་པོ་འཕྲོས་དེ་འདྲ་རེད་སོང་ན་དང་།"
1271016,1272929,1913,"ཡང་དགེ་བའི་རྣམ་རྟོག་གཅིག་སྐྱེས་འོང་ན་ཡང་"
1272929,1274969,2040,"རྣམ་རྟོག་གཅིག་རྗེས་གཉིས་མཐུད་མང་པོ་གཅིག་འཕྲོས་ནས་"
1274969,1278001,3032,"སྒོམ་དེ་བརླག་འགྲོ་རེད་དུས་ནོར་ས་ཡིན་ཟེར།"
1284871,1287544,2673,"སྒོམ་མེད་ཞེས་བྱ་བ་དེ་ག་རེ་ཡིན་ཟེར་ན་ནི་"
1287544,1292048,4504,"གནས་ལུགས་ལྷུམས་སུ་ཞུགས་ནས་སོང་ཆོས་ཉིད་ཀྱི་གནས་ལུགས་ལ་བརྟན་པ་ཐོབ་ནས་"
1292048,1300316,8268,"སྒོམ་མི་སྒོམ་གྱི་ཞེན་པ་དག་སྟེ་རང་གི་སེམས་ལ་བཟོ་བཅོས་དང་དམིགས་གཏད་གང་ཡང་མེད་པར་"
1300316,1303699,3383,"ཁྱབ་བརྡལ་གྱི་དྲན་པའི་མཁར་ཚུགས་པ་ལ་ཟེར་གྱིས།"
1303699,1306857,3158,"བློས་བཏང་བའི་བཏང་སྙོམས་ཐ་མལ་དུ་སྡོད་པའམ་"
1306857,1310009,3152,"ཅི་ཡིན་འདི་ཡིན་མེད་པའི་རྣམ་རྟོག་ལུང་མ་བསྟན་དུ་རྒྱ་འབྱམས་ན་"
1310009,1314043,4034,"དེ་ཡང་སྒོམ་པ་ཡིན་སྣང་ཤར་ན་ནོར། གང་ཤར་སྐྱོང་ཟེར་བ་དེ།"
1314043,1319199,5156,"གང་ཤར་གྱི་རྣམ་རྟོག་དེ་ལ་ཅེར་གྱིས་རྣམ་རྟོག་ཁོ་རང་གི་ངོ་བོ་ལ་བལྟས་བཞག་ན།"
1319199,1322375,3176,"དེས་ན་རྣམ་རྟོག་དེ་ཕར་ཤར་མི་ཉན་བསམ་ནས་དགགས་པ་ཡང་མ་ཡིན།"
1322375,1325328,2953,"རྣམ་རྟོག་དེ་ལ་དགེ་སྡིག་གི་རྣམ་རྟོག་གང་ཡིན་རེད་བསམ་ནས་"
1325328,1329840,4512,"བརྟག་གཞིག་བྱས་པ་ཡང་མ་ཡིན། རྣམ་རྟོག་དེའི་རྗེས་སུ་འབྲང་བ་ཡང་མ་ཡིན་པར་"
1329840,1335522,5682,"རྣམ་རྟོག་ཤར་མཁན་ཁོ་རང་གི་རིག་ཐོག་ཏུ་གློད་ནས་དང་པོ་སེམས་གནས།"
1335522,1337746,2224,"གནས་པའི་སྟེང་ནས་འགྱུ།འགྱུ་འོང་དུས་(༢༢"
1337746,1341134,3388,"རིག་པའི་ཟང་ཐལ་དུ་སྐྱོང་ཟེར་བ་ལ་མ་གོ་བར།"
1341134,1347159,6025,"གང་ཤར་རང་དགར་རྣམ་རྟོག་གང་ཤར་ན་རྣམ་རྟོག་རང་འདྲ་བ་དེས་རྗེས་སུ་འབྲང་ཏེ་"
1347159,1349377,2218,"རྣམ་རྟོག་གཅིག་གིས་གཉིས་གིས་གསུམ་བྱས་ཏེ་"
1349377,1352674,3297,"འཁྲུལ་བ་ལུ་གུ་རྒྱུད་དང་བཅས་པའི་རྟོག་དཔྱོད་བྱེད་ན་ནོར།"
1352674,1357161,4487,"དེ་བཞིན་དུ་གོལ་ས་གསུམ་ནི། སེམས་མཉམ་བཞག་བྱས་པ་ལ་"
1357161,1361243,4082,"བདེ་གསལ་མི་རྟོག་པ་གསུམ་ལས། བདེ་བ་ལ་ཞེན་ན་འདོད་ཁམས་ཀྱི་ལྷར་སྐྱེ།"
1361243,1364509,3266,"གསལ་ལ་ཞེན་ན་གཟུགས་ཁམས་ཀྱི་ལྷར་སྐྱེ།"
1364509,1368787,4278,"མི་རྟོག་པ་ལ་ཞེན་ན་གཟུགས་མེད་ཁམས་ཀྱི་ལྷར་སྐྱེ་བས་གོལ་ས་ཞེས་བྱ་ཝཾF//Fབ་ཡིན་ལ།"
1368787,1373460,4673,"དེའང་བདེ་གསལ་མི་རྟོག་པ་གསུམ་གྱི་ངོས་འཛིན་དང་ནོར་ས་བཤད་ན།"
1373460,1377113,3653,"བདེ་བ་ཞེས་བྱ་བ་དེ་རྩ་བའི་སྡུག་བསྔལ་དང་།"
1377113,1379578,2465,"འགྱུར་བའི་སྡུག་བསྔལ།ཁྱབ་པ་འདུ་བྱེད་ཀྱི་སྡུག་བསྔལ།"
1379578,1383390,3812,"སྡུག་བསྔལ་གྱི་སྡུག་བསྔལ་ཞེས་ཆེན་པོ་གསུམ་གྱི་མ་བསླད་པར་"
1383390,1385656,2266,"གནས་ལུགས་དེའི་ངང་མཉམ་པར་བཞག་ན་"
1385656,1390130,4474,"མཉམ་པར་བཞག་པ་དེ་དང་འབྲལ་མི་ཕོད་པ་ལྟ་བུའི་དགའ་བདེའི་ཉམས་འཆར་བ་ལ་ཟེར་གྱིས།"
1390130,1393678,3548,"རང་བཞིན་གྱི་སེམས་ཟག་བཅས་འདོད་ཆག་གྱི་བདེ་བ་ལྟ་བུའམ།"
1393678,1399033,5355,"ཡུལ་རྐྱེན་གྱི་བསྒྱུར་བ་རང་གི་ཡིད་དུ་འོང་བ་གླིང་ཁ་ལྟ་བུ་ལ་སླེབ་ཚར་ན་དེའི་སྐྱིད་སྣང་ལྟ་བུ་དང་།"
1399033,1403596,4563,"དེ་ནས་ཐོབ་དང་རྙེད་པ་བསྐུར་བསྟི་ལ་སོགས་པ་ཐོབ་པ་དེའི་སྤྲོ་སྣང་ཤར་བ་ལྟ་བུ་"
1403596,1406958,3362,"སྐྱིད་སྣང་དང་དགའ་སྤྲོ་བཟང་རྟོག་འཆར་བ་ལྟ་བུ་ལ་ཟེར་བ་མ་ཡིན།"
1406958,1411441,4483,"གསལ་བ་ཞེས་པ་དེ་རྨུགས་པའམ་བྱིང་འཐིབས་ལྟ་བུའི་བགེགས་ཀྱི་མ་བསླད་པར་"
1411441,1415877,4436,"རིག་པའི་ངར་ཆའམ་འཆར་སྒོ། འགགས་མེད་དུ་གསལ་བ་ལ་ཟེར་གྱིས།"
1415877,1419674,3797,"ཡུལ་སྣང་གི་ཁ་དོག་བཟོ་དབྱིབས་སོགས་མཚན་བཅས་ཀྱི་འཆར་སྒོ་"
1419674,1423391,3717,"འཁྲུལ་སྣང་གི་རང་གཟུགས་ལ་ཟེར་བ་མ་ཡིན་ནོ།མི་རྟོག་པ་ཡང་།"
1423391,1429001,5610,"རྣམ་རྟོག་མི་འགྱུ་དགུ་འགྱུ་ཨ་འཐས་འཁྲུལ་རྟོག་གི་གཡོ་འཁྲུགས་དང་བྲལ་བའི་རྟོག་མེད་ནམ་མཁའ་ལྟ་བུ་ལ་ཟེར་གྱིས།"
1429001,1432503,3502,"སེམས་དྲན་མེད་དུ་བརྒྱལ་བ་ལྟ་བུའི་ཚོར་བ་འགགས་པའམ་"
1432503,1435908,3405,"གཉིད་འཐུག་ལྟ་བུའི་མུན་ནག་ལ་ཟེར་བ་མ་ཡིན་ནོ།"
1435908,1439011,3103,"མདོར་ན་བདེ་གསལ་མི་རྟོག་པའི་ཉམས་གསུམ་པོ་འདི་ལ་ཡང་"
1439011,1442753,3742,"ལམ་རྟག་གི་འཆར་ཚུལ་ཙམ་དུ་ཤུགས་འབྱུང་དུ་འབྱུང་བ་ཡིན་པ་མ་གཏོག"
1442753,1444975,2222,"བདེ་གསལ་མི་རྟོག་པའི་ཉམས་ཟེར་མཁན་ཞིག་"
1444975,1448801,3826,"འཆར་རྒྱུ་ཡོད་བསམ་ནས་ཡོད་དུ་རེ་ནས་ཆེད་དུ་བསྒོམ་པ་དང་།"
1448801,1453820,5019,"བདེ་གསལ་མི་རྟོག་པའི་ཉམས་རྒྱུད་ལ་བྱུང་བ་ལ་སྒོམ་རྣལ་མར་ཡིན་པ་བཟུང་ནས་"
1453820,1457939,4119,"དེས་ཉམས་དེ་ལ་ཞེན་ཅིང་ཆག་ན་ཁམས་གསུམ་དུ་གོལ་བའི་རྒྱུ་ལས་མ་འདས་སོ།"
1457939,1461738,3799,"དེ་བཞིན་དུ་ཤོར་ས་བཞི་ལ་སྟོང་པ་ཉིད་ཤེས་བྱའི་གཤིས་ལ་ཤོར་བ།"
1461738,1464732,2994,"སྟོང་པ་ཉིད་ལམ་དུ་ཤོར་བ། སྟོང་ཉིད་གཉེན་པོར་ཤོར་བ།"
1464732,1468402,3670,"སྟོང་ཉིད་རྒྱས་འདེབས་སུ་ཤོར་བདང་བཞི་ཡོད་ཅིང་དེ་དག་རེ་རེ་ལའང་"
1468402,1470986,2584,"ཡེ་ཤོར་དང་འཕྲལ་ཤོར་གཉིས་སུ་དབྱེ་བར་བཤད་ཀྱང་།"
1470986,1474898,3912,"མདོར་ཧྲིལ་གྱིས་དྲིལ་ན་དོན་དམ་པའི་སྟོང་ཉིད་ཀྱི་ངོ་བོ་དེ་"
1474898,1478898,4000,"གདོད་ནས་རྣམ་པར་དག་པ་གསར་དུ་རྒྱུ་རྐྱེན་གྱི་བྱས་ཆོས་དང་"
1478898,1481721,2823,"རྟོག་གེ་བློ་ཡི་སྒྲོ་བཏགས་ཀྱིས་སྒྲོགས་ལས་གྲོལ་བ་"
1481721,1485220,3499,"ད་ལྟའི་རིག་པ་ཀ་དག་ཕྱོགས་ཡན་ཆེན་པོའི་གནད་མ་གོ་བར།"
1485220,1490601,5381,"སྣང་བ་ལ་སྟོང་པས་རྒྱས་འདེབས་ལྟ་བུའི་སྟོང་པ་ལོགས་ནས་བསྒྲུབ་ན་གཤིས་ལ་ཤོར་བ་ཡིན།"
1490601,1495057,4456,"དེ་བཞིན་དུ་རང་རིག་ཐ་མལ་པའི་ཤེས་པ་ལམ་ཁྱེར་འདི་ལ་རྩེ་གཅིག་ཏུ་བརྩོན་ན་"
1506062,1509876,3814,"ཡེ་ནས་ལྷུན་གྲུབ་ཏུ་ཚང་བའི་ངོ་བོ་དེ་མ་ཤེས་པར།"
1509876,1513870,3994,"ལམ་སྟོང་པ་ཉིད་སྒོམ་པས་འབྲས་བུ་ཆོས་ཀྱི་སྐུ་གཞན་ནས་འབྱུང་དུ་རེ་ནས་"
1513870,1517901,4031,"དེ་ལ་འབད་པས་བློས་སྒྲོ་བཏགས་ཏེ་སྒོམ་པར་བྱེད་པ་ནི་སྟོང་ཉིད་ལམ་དུ་ཤོར་བ་དང་།"
1517901,1522558,4657,"དེས་ན་རྣལ་འབྱོར་པ་རང་གི་རྒྱུད་ལ་རྣམ་རྟོག་དང་ཉོན་མོངས་པ་དང་རྣམ་རྟོག་གང་ཤར་ཡང་"
1522558,1526708,4150,"རྣམ་རྟོག་དེ་ཡི་ངོ་བོ་ལ་ཡེ་ནས་སྟོང་པ་ཉིད་ལས་མ་འདས་པས་ན་"
1526708,1530511,3803,"རྣམ་རྟོག་ཁོ་རང་སྟོང་ཉིད་ཡིན་ཚར་དུས་སྤོང་རྒྱུའི་ཉོན་མོངས་པ་ཞིག་དང་།"
1530511,1534613,4102,"གཉེན་པོ་སྟོང་ཉིད་གཉིས་སུ་སྤང་བླང་མ་དགོས་པར་དཔེར་ན་"
1534613,1538641,4028,"ཉོན་མོང་གི་རྣམ་རྟོག་ལྟ་བུ་སྤང་བྱ་ཁོ་རང་རིག་པས་ངོས་ཟིན་པ་ལྟ་བུ་དང་།"
1538641,1544396,5755,"སྦྲུལ་རང་གིས་ལུས་ཀྱི་མདུད་སྦྲུལ་རང་གིས་ནུས་སྟོབས་ཀྱི་བཤིགས་པ་ལྟར་"
1544396,1546626,2230,"རང་གྲོལ་དུ་སོང་བའི་གནད་མ་གོ་བར།"
1546626,1551144,4518,"སྤང་བྱའི་རྣམ་རྟོག་དང་ཉོན་མོངས་ཀྱི་སྟེང་དུ་གཉེན་པོའི་སྟོང་ཉིད་ལ་སོགས་པ་"
1551144,1553929,2785,"ལོགས་སུ་སྒོམ་དགོས་ན་གཉེན་པོར་ཤོར་བ་ཡིན་ཟེར།"
1553929,1557989,4060,"རྒྱས་འདེབས་ལ་ཤོར་བ་ནི། སྤྲོས་བཅས་དང་སྤྲོས་མེད་གང་ཡིན་ཀྱང་"
1557989,1561711,3722,"ཡེ་ནས་ཀློང་ཆེན་ཀུན་ཏུ་བཟང་མོའི་མཁའ་དབྱིངས་སུ་རྣམ་ཐར་སྒོ་གསུམ་གྱི་རང་བཞིན་"
1561711,1564741,3030,"གསལ་སྟོང་ཟུང་འཇུག་ཆེན་པོར་ལྷུན་གྲུབ་ཏུ་གནས་པ་མ་ཤེས་པར་"
1564741,1568692,3951,"ཉམས་ལ་ཞེན་ཆག་སྐྱེས་ཏེ་ཨ་འཐས་ཀྱི་སྒོམ་མཁན་དང་"
1568692,1575649,6957,"དམིགས་མེད་དུ་སྦྱོང་བའི་འཛིན་སྟངས་ཟུང་དུ་མ་ཆུད་པས་ཐབས་ཤེས་ཡ་བྲལ་བར་གྱུར་པ་དང་།"
1575649,1580895,5246,"ཐ་མལ་གྱི་རིག་པ་བློ་འདས་ཀྱི་རྒྱུན་དམིགས་མེད་ཀྱི་བྱ་རས་མི་སྐྱོང་བར་"
1580895,1588533,7638,"ཐོག་མའི་གོ་ཡུལ་དེ་ཡིད་ལ་བཞག་ནས་སྒོམ་བྱ་དང་བསྒོམ་བྱེད་མེད་དོ།"
1588533,1592716,4183,"ཐམས་ཅད་སྟོང་པ་ཉིད་དོ། ཐམས་ཅད་ཆོས་སྐུའོ། ཐམས་ཅད་ལས་འབྲས་མི་བདེན་ནོ།"
1592716,1595707,2991,"བློ་ཡིན་ནོ། རྣམ་རྟོག་ཡིན་ནོ། གང་ཡང་མ་གྲུབ་བོ་ཞེས་"
1595707,1600596,4889,"ཐག་ཆོད་ཀྱི་སྟོང་ལྟས་རྒྱས་འདེབས་པ་ལ་ཟེར་གྱིས་འདི་ནི་དེང་སང་ཤིན་ཏུ་མང་ངོ་།"
1600596,1607348,6752,"མདོར་ན་སྒོམ་བདག་པོའི་ལག་ཏུ་འཕྲོད་ནས་རྣམ་ཀུན་མཆོག་ལྡན་གྱི་སར་བགྲོད་པ་ལ་"
1607348,1611465,4117,"གོལ་ཤོར་དང་ནོར་ས་གསུམ་གྱིས་བསྐུངས་ས་དང་འཕྲང་ཤིན་ཏུ་དོག་པས་"
1611465,1616868,5403,"ཉམས་མྱོང་གི་དེ་དག་ལ་བརྡར་ཤ་མ་ཆོད་ན་ཁ་ཁྱེར་དང་ཚིག་ཁྱེར་གྱིས་"
1616868,1620072,3204,"ཁ་ཡི་ལྟ་བ་ཞེས་བཤད་པ་གཅིག་ལ་ཤོར་བ་ཡིན་ཏེ།"
1620072,1627125,7053,"ཇི་སྐད་དུ་རྫོགས་ཆེན་ནས། ཉམས་ན་བུན་འདྲ་སྟེ་ཡལ་ནས་འགྲོ། ཞེས་བཤད་པ་ལྟར་"
1627125,1632889,5764,"ཡུལ་གྱི་རྐྱེན་བདེ་སྡུག་བཟང་ངན་སྣ་ཚོགས་འབྱུང་བ་དང་།"
1632889,1637394,4505,"རྐྱེན་བཟང་ངན་ཕྲན་བུའི་ཀྱང་སྒོམ་ཆེན་པ་རྐྱེན་བཟང་པོ་བྱུང་ན་དེ་ལ་དགའ་བ་སྐྱེ།"
1637394,1641410,4016,"མི་འདོད་པ་བྱུང་ན་དེ་སེམས་ཁོངས་དུ་ཆུད་པ་ལ་སོགས་པའི་བསླུས་ནས་"
1641410,1644078,2668,"རྐྱེན་ཐོག་ཏུ་འཚོལ་བ་དེས་ལན་པར་གདའ་སྟེ།"
1644078,1647907,3829,"དེའི་ཕྱིར་གེགས་སེལ་བོགས་འདོན་གྱི་གནད་ཁྱད་པར་ཅན་གྱིས་མ་ཟིན་ན་"
1647907,1650816,2909,"མི་དང་མ་འཕྲད་པའི་བཅད་རྒྱ་དམ་པོ་བྱེད་པ་དང་།"
1650816,1655667,4851,"སྡུག་བཙིར་བྱས་ཡུས་ཅན་གྱི་སེམས་འཛིན་ལུས་གནད་དམ་པོས་རང་ཉིད་རང་འཆིང་བ་དང་།"
1669784,1673972,4188,"སྡུག་པོ་སྤུས་བཙལ་ནས་ཟེར་སྡུག་པོ་གཅིག་ག་ལ་འགི་ལྟོས།"
1673972,1678265,4293,"བཙལ་དཔྱད་ཀྱི་བཙལ་ནས་ཉོས་པ་གཅིག་པུས་ཐར་པ་བྱང་ཆུབ་ག་ལ་ཐོབ་སྟེ་"
1678265,1682340,4075,"འཕགས་པ་སྡུད་པ་ལས། གང་ཞིག་དཔག་ཚད་ལྔ་བརྒྱ་ཡོད་པའི་རི་ཡི་སུལ།"
1682340,1684442,2102,"སྦྲུལ་གྱིས་གང་བར་ལོ་མང་བྱེ་བར་གནས་བྱས་ཀྱང་།"
1684442,1686357,1915,"དབེན་པ་འདི་མི་ཤེས་པའི་བྱང་ཆུབ་སེམས་དཔའ་ནི།"
1686357,1688977,2620,"ལྷག་པའི་ང་རྒྱལ་རྙེད་ནས་འགྲོ་བར་གནས་པ་ཡིན་ཞེས་གསུང་པ་ལྟར།"
1688977,1693261,4284,"དཔག་ཚད་ལྔ་བརྒྱ་ཡོད་པའི་རི་ངོག་གཅིག་ལ་སྦྲུལ་མང་པོ་གིས་གང་དུ་ཡོད་པ་དེ་ལ་"
1693261,1695646,2385,"བྱང་ཆུབ་སེམས་དཔའ་གཅིག་མཉམ་བཞག་བྱས་ནས་བཞུགས་ཡོད་ན་"
1695646,1698791,3145,"ནང་གི་དབེན་པ་སྟོང་ཉིད་ཀྱི་ལྟ་བ་དེ་མ་ཤེས་ནས་བཟུང་ཏེ་"
1698791,1705734,6943,"ཕྱི་བྱང་ཆུབ་སེམས་དཔའ་དེ་ལྷག་པའི་ང་རྒྱལ་སྐྱེས་ནས་འགྲོ་བར་གནས་པ་ཡིན་ཏེ་"
1705734,1707397,1663,"གེགས་དང་གོལ་ས་ཡིན་ཞེས་གསུང་།"
1707397,1710352,2955,"དེའི་ཕྱིར་ན་གང་ཤར་ལམ་འཁྱེར་གྱི་གནད་ཤེས་ནས་"
1710352,1712783,2431,"ལུས་ཀྱི་མཚམས་ཁང་དུ་སེམས་ཀྱི་སྒྲུབ་པ་པོ་"
1712783,1716975,4192,"དབེན་པར་གནས་པའི་སྒྲུབ་པ་ཁོ་ན་ལས་ཆོད་ཆེ་བའི་དེ་ལམ་མེད་པས་"
1716975,1721672,4697,"ལོ་མཚམས་ཟླ་མཚམས་ཀྱི་ཁ་གྲངས་མང་པོ་རྫོགས་པའི་བྱས་ཡུས་ལ་རེ་ལྟོས་མི་འཆའ་བར་"
1721672,1727640,5968,"མི་ཚེ་ཁོ་ན་ལ་ཚད་བཙུགས་ནས་གནས་ལུགས་མ་བཅོས་པའི་རྒྱུན་སྐྱོང་བ་ལ་འབད་ཅིང་།"
1727640,1730286,2646,"བཟང་ངན་གྱི་རྣམ་རྟོག་གང་ཤར་ཡང་རྣམ་རྟོག་གོ་"
1730286,1733711,3425,"སྙམས་པའི་ཅེར་འཛིན་གྱི་ལྷན་པ་འདེབས་པ་དང་སྤང་བྱའི་སྟེང་དུ་"
1733711,1738719,5008,"གཉེན་པོའི་མེ་བཙའ་རྒྱག་པ་སོགས་གང་ཡང་མི་བྱེད་པར་"
1748976,1751346,2370,"དེ་ལ་ཆེད་དུ་འཛིན་མེད་སྤྲོས་བྲལ་གྱི་ངང་དུ་"
1751346,1757613,6267,"ཉིན་མཚན་བར་མེད་དུ་ལ་བཟློ་བར་བྱས་པས་ལྷག་མཐོང་རྟོག་མེད་ཀྱི་རྩལ་རྫོགས་ཏེ།"
1757613,1759595,1982,"ཆོས་ཉིད་ཀྱི་ངོ་བོ་མངོན་སུམ་དུ་རྟོགས།"
1759595,1762612,3017,"གནས་འགྱུ་དྲན་རིག་བཟང་རྟོག་ངན་རྟོག་ཇི་ལྟ་བུ་འཆར་ཡང་"
1762612,1765520,2908,"འཆར་བ་ཐམས་ཅད་རིག་སྟོང་བློ་འདས་རྫོགས་པ་ཆེན་པོའི་ཀློང་ངམ་"
1765520,1768757,3237,"ངོ་བོ་ལས་མ་འདས་པ་ཡིན་པས་དེས་ངང་ལས་ངེས་ཤེས་དྲངས་ཏེ།"
1768757,1771223,2466,"དེས་སྟེང་དུ་བཙན་ས་ཟིན་པས་ན་རྫོགས་ཆེན་ནས།"
1771223,1774600,3377,"རྟོག་པ་ནམ་མཁའ་འདྲ་སྟེ་འགྱུར་བ་མེད། ཅེས་པ་ལྟར་"
1774600,1778758,4158,"རྣལ་འབྱོར་པ་དེ་ལུས་ཐ་མལ་པ་ལྟར་སྣང་ཡང་"
1778758,1783333,4575,"སེམས་ཆོས་སྐུ་སྤྲོས་པའི་བྱ་རྩོལ་དང་བྲལ་བའི་དགོངས་པ་ལ་རྟག་ཏུ་མི་གཡོ་བར་བཞུགས་པས་"
1783333,1786129,2796,"སྣང་སྲིད་བླ་མའི་དཀྱིལ་འཁོར་གང་ཤར་ཡེ་ཤེས་ཕྱམ་བརྡལ་"
1786129,1789686,3557,"ཡུལ་སྣང་བརྡ་དང་དཔེ་ཆ། ས་ལམ་བྱར་མེད་ལྷུག་པ་"
1789686,1792630,2944,"དགོངས་པ་འཁོར་འདས་ཡེ་གྲོལ་གྱི་ཀློང་ནས་གནས་སྐབས་སུ་"
1792630,1796224,3594,"བསྟན་པ་དང་སེམས་ཅན་གྱི་དོན་འབད་མེད་ལྷུན་གྲུབ་ཏུ་འབྱུང་ཞིང་།"
1796224,1800109,3885,"ལུས་རྒྱའི་འཆིང་བ་ཞིགས་པ་དང་དུས་མཚུངས་པར་བུམ་ནང་གི་ནམ་མཁའ་"
1800109,1804106,3997,"བུམ་པ་ཆགས་པ་དང་ལྷན་ཅིག་ཕྱིའི་ནམ་མཁའ་དང་དབྱེར་མེད་རོ་གཅིག་ཏུ་གྱུར་པ་ལྟར།"
1804106,1807860,3754,"གདོད་མའི་གཞི་དབྱིངས་ནང་གསལ་དཔྱོད་བྱེད་ཀྱི་ཤེས་པ་དང་བྲལ་བའི་"
1807860,1813036,5176,"གཞོན་ནུ་བུམ་པའི་སྐུར་མངོན་སུམ་སངས་རྒྱས་པ་ནི་སྒྲུབ་བྱ་མཐར་ཐུག་པ་གྱུར་པ་ཡིན་ཟེར།"
1813036,1817777,4741,"འདིར་སྨྲས་པ། ཀུན་རྫོབ་འཁྲུལ་པའི་སྣང་བ་རྫུན་པོ་ཆེ།"
1817777,1821528,3751,"ཀློང་ཆེན་རིག་པའི་གཤིས་སུ་འུབ་ཆུབ་པའི། འགྱུ་དྲན་སེམས་ཀྱི་བྱ་བྱེད་བྱིས་པའི་གར།"
1821528,1823761,2233,"བློ་འདས་དྲན་པའི་ངང་དུ་བག་ལ་ཞ། གསུང་དུས་"
1823761,1828646,4885,"ཀུན་རྫོབ་སྣང་བ་འདི་ཐམས་ཅད་སྒྱུ་མ་དང་རྨི་ལམ་ལྟ་བུས་སེམས་བསླུ་བསྡད་པ་དེའི་ཡིན་དུས་"
1828646,1832448,3802,"ཁོང་ཉིད་ཀློང་ཆེན་ཡེ་ཤེས་རིག་པའི་དགོངས་པ་དེ་རྫོགས་ཚར་དུས་"
1832448,1835722,3274,"ཡུལ་གྱིས་བསླུ་མེད་པ་རེད་ཚར་དུས་དེ་ཡིན་པའི་ཕྱིར་ན་"
1835722,1839406,3684,"འགྱུ་དྲན་གྱི་སེམས་བྱ་བྱེད་དེ་བྱིས་པ་རྣམས་སྤུ་གུ་རྩེད་བ་དང་འདྲ་སྟེ་"
1839406,1842490,3084,"ཁོང་གི་བློ་འདས་དྲན་པའི་ངང་དུ་བག་ལ་ཞ་སྟེ་བཞུགས་ཏེ།"
1842490,1847010,4520,"ལྟ་བ་མཐོན་པོར་སྙེགས་པའི་བཟང་རྟོག་དང་། །ཐེ་ཚོམ་སྒྲོག་ཏུ་ཆུད་པའི་ངན་རྟོག་ཆང་། །"
1847010,1850706,3696,"བཏུངས་པའི་གཏི་མུག་གཉིད་ཀྱིས་མ་བཟི་བར། །ཐ་མལ་རིག་པ་རྗེན་པ་ལྷོད་དེར་གནས། ཞེས་"
1850706,1854334,3628,"ང་རྫོགས་པ་ཆེན་པོ་སྒོམ་ཡིན་ཟེར་ལྟ་བ་མཐོ་པོའི་ང་རྒྱལ་གྱི་སྒོ་ནས་"
1854334,1857298,2964,"སྒོམ་པ་བཟང་རྟོག་དང་།གཅིག་གོ་ཡང་གོ་ལ་ལ་འདྲ་བོ།"
1857298,1859582,2284,"ཐག་ཡང་མ་ཆོད་པ་དེ་ནས་ཐེ་ཚོམས་ཀྱི་སྒྲོག་ཏུ་ཆུད་པའི་"
1859582,1863619,4037,"ངན་རྟོག་གི་ཆང་དེ་ཐམས་ཅད་བཏུང་བའི་སེམས་ཅན་ཐམས་ཅད་"
1863619,1868249,4630,"གཏི་མུག་གཉིད་ཀྱི་མི་བསླུ་བར་ཐ་མལ་རིག་པ་རྗེན་པ་ལྷོད་དེ་གནས་པ་དེ་ངོ་ཤེས་པར་གྱུར་ཏེ། །"
1868249,1872065,3816,"གོ་ཡུལ་ཁ་ལྟར་འབྱམས་པའི་འུད་གོག་དང་། །གནས་འགྱུའི་འཕྲང་ལ་འཛེར་བའི་དུཿཁ་སོགས། །"
1872065,1876039,3974,"དགོངས་བརྒྱུད་རྡོ་རྗེའི་ཚིག་རྐང་ཟབ་མོ་ཡི། །ཉུང་ངུའི་གཏམ་གྱིས་ལན་བརྒྱར་ཟིལ་གྱིས་མནན། གསུང་ཏེ་"
1876039,1879437,3398,"དཔེ་ཆ་གི་གོ་རྟོག་ཙམ་གྱིས་ཁ་མཁས་པ་བཤད་བསྡད་ལེ་ཙམ་གྱིས་"
1879437,1882191,2754,"འུད་གོག་གྱིས་རྫོགས་པ་ཆེན་པོའི་གནས་ལུགས་མི་རྟོགས།"
1882191,1886838,4647,"གནས་འགྱུ་གཉིས་པོ་དེ་བསྒྲངས་ཏེ་དེས་འཕྲང་ལས་གྲོལ་བའི་"
1886838,1893781,6943,"རང་གི་སེམས་༢༨?སྙིང་རླུང་རེད་ཡོང་དུས་དུཿཁ་ལ་སོགས་པ་ཐམས་ཅད་"
1893781,1895862,2081,"སྒོམ་རྒྱུའི་རྡོ་རྗེ་ཚིག་རྐང་ཟབ་མོ་འདི་ཡིས་"
1895862,1898706,2844,"ཉོན་མོངས་གཏམ་གྱི་ལན་བརྒྱར་རུ་ཟིལ་གྱིས་མནན་པ་ཡིན། །"
1898706,1900650,1944,"སྔོན་བསགས་སྨོན་ལམ་དཀར་པོའི་རྟེན་འབྲེལ་དང༌། །"
1900650,1902223,1573,"ཟབ་ལམ་རྡོ་རྗེའི་རྣལ་འབྱོར་བཀའ་དྲིན་ལས། །"
1902223,1904524,2301,"དབུ་མའི་རྩ་མདུད་་མ་ལ་གྲོལ་བའི་ལག་རྗེས་སུ། །"
1904524,1906749,2225,"ཉམས་མྱོང་གནད་ཀྱི་མན་ངག་འདི་ཀོ་བྱས། ཟེར་དུས་"
1906749,1911644,4895,"ཁོང་སྐྱེ་བ་སྔོན་ཚོགས་བསགས་ཐུགས་བསྐྱེད་སྨོན་ལམ་ཡག་པོ་བྱས་བཞག་པ་དེས།"
1911644,1914035,2391,"ད་ལྟ་ཟབ་ལམ་རྡོ་རྗེ་རྣལ་འབྱོར་སྒོམ་རྒྱུ་བྱུང་།"
1914035,1917637,3602,"སྒོམ་པ་དེ་ལ་བརྟེན་ནས་ཉམས་སུ་བླངས་པས་དབུ་མའི་རྩ་མདུད་གྲོལ་བའི་ལག་རྗེས་སུ་"
1917637,1921663,4026,"ཉམས་མྱོང་གནད་གྱི་མན་ངག་འདི་ཀ་ཡིན། །དེ་ལྟའི་དབྱར་རྔའི་ང་རོ་བསྒྲགས་པ་ན། །"
1921663,1925215,3552,"མཁས་རློམ་ས་ཀུ་ཙི་ཡི་སྙིང་གས་ཀྱང་། །ཉམས་རྟོགས་ཟབ་མོ་ཁོང་ནས་ལུད་པའི་ཕྱིར། །"
1925215,1928012,2797,"ཀློང་བརྡོལ་གཏམ་ལ་སྦ་གསང་བྱ་མ་ཐུབ། ཅེས་"
1928012,1935648,7636,"དེ་ལྟ་བུའི་རྫོགས་པ་ཆེན་པོ་དབྱར་གྱི་ང་རོ་དེ་འབྲུག་ལྟ་བུ་ཅན་ཞིག་དེ་བསྒྲགས་བཞག་ན།"
1935648,1939287,3639,"ང་མཁས་པ་ཡིན། ང་གྲུབ་ཐོབ་ཡིན་བསམ་པའི་རློམས་སེམས་ཡོད་པ་དེ་"
1939287,1946211,6924,"དཔེར་ན་ཙི་ཙི་ལྟ་བུ་རེད་དུས་སྙིང་གས་ཀྱང་ཉམས་རྟོགས་ཟབ་མོ་ཁོང་ནས་ལུད་ཏེ་"
1946211,1949286,3075,"བསྟན་མ་ཕོབ་པའི་ཚེ་ན་སྒོམས་བྱུང་ཀློང་བརྡོལ་བའི་གཏམ་ནི་"
1963121,1967111,3990,"དགེ་དེས་རང་བབས་དྲན་པ་སྐྱོང་བ་ལ། །འཇུར་དྲན་ཆལ་བར་ཤོར་བའི་མི་དགེ་ཀུན། །"
1967111,1970422,3311,"ཤུགས་འབྱུང་གཉུག་མའི་ངང་དུ་དག་ནས་ཀྱང་། ། ཀུན་གྱིས་རྫོགས་པ་ཆེན་པོ་རྟོགས་པར་ཤོག༣༠"
1970422,1978528,8106,"ད་ལྟ་འཆད་སྤེལ་བྱས་པའི་དགེ་བའི་རྩ་བ་དེས་རང་བབས་ཀྱི་དྲན་པ་དེ་ལ་?"
1978528,1983771,5243,"དེ་ནས་རྣམ་རྟོག་གི་འགྱུ་དྲན་རག་པ་རུ་ཤོར་ཡོང་བའི་མི་དགེ་བ་ཀུན་ཤུགས་འབྱུང་"
1983771,1987768,3997,"གཉུགས་མའི་ངང་དུ་དག་ནས་ཀྱང་ཀུན་གྱི་རྫོགས་པ་ཆེན་པོར་རྟོགས་གྱུར་ཅིག །ཅེས་"
1987768,1992717,4949,"གོལ་ཤོར་ཚར་གཅོད་སེང་གེའི་ང་རོ་ཞེས་བྱ་བ་འདི་ཡང་དད་གཏོང་ཐོས་པའི་ནོར་གྱིས་ཕྱུག་ཅིང་།"
1992717,1996427,3710,"འོད་གསལ་རྫོགས་པ་ཆེན་པོ་ལ་འཕྲོ་ཞུད་མེད་པར་སྐྱོང་བའི་སྔོན་དགེའི་ལས་འཕྲོ་ཅན་"
1996427,2000338,3911,"ཆོས་དྲུང་དམ་པ་ཀློང་གྲོལ་དབྱིངས་རིག་དང་། དབེན་པ་གསུམ་གྱིས་རྒྱུད་བསྡམས་ཏེ་"
2000338,2003474,3136,"འདག་འབྱར་ཁོ་ན་ལ་གནས་པས་འོད་གསལ་རྡོ་རྗེ་སྙིང་པོའི་སྒྲུབ་པ་ལ་བརྩོན་པ་"
2003474,2007508,4034,"སྐུ་གསུམ་དབྱིངས་རིག་སོགས་ཀྱིས་ལན་གཅིག་མ་ཡིན་པར་ཡང་ཡང་བསྐུལ་འདེབས་བྱུང་བར་བརྟེན།"
2007508,2012017,4509,"འོད་གསལ་རྫོགས་པ་ཆེན་པོ་མངོན་སུམ་གྱི་གནས་ལ་གོམས་པར་རློམ་པའི་ཀུ་སུ་ལུའི་རྣལ་འབྱོར་པ་"
2012017,2015850,3833,"པདྨ་དབང་ཆེན་ཡེ་ཤེས་དཔལ་གྱི་རོལ་མཚོས། དཔལ་གྱི་མཆིམས་ཕུའི་ལྟེ་བ་"
2015850,2020102,4252,"འོག་མིན་མཁའ་འགྲོའི་ཚོགས་ཁང་གསང་ཆེན་མེ་ཏོག་ཕུག་གི་མཚམས་མལ་དུ་བྲིས་པ་འདི་"
2020102,2024423,4321,"ཁྲིད་མ་ཐོབ་པ་དང་། ཐོབ་ཀྱང་རང་རྩིས་ཀྱི་དུག་ཆུས་མྱོས་ཤིང་"
2024423,2029659,5236,"ལམ་གྱི་གནད་མ་ལོངས་པ་ཞེས་ལམ་གྱི་གནད་ཡག་པོ་མ་ཤེས་པའི་"
2029659,2036226,6567,"སྐལ་མེད་ལོག་ལྟ་ཅན་གྱི་རིགས་ལ་བསྟན་པར་མི་བྱའོ། དམ་དུ་སྒོམ་པར་བྱའོ། །"
2036226,2040390,4164,"སྒྲུབ་པ་སྙིང་པོར་བྱེད་པ་རྣམས་ཀྱིས་ཡི་གེ་འདི་ལ་ནན་ཏན་དུ་གཟིགས་ཤིག །"
2040390,2042499,2109,"ངེས་ཤེས་སྐྱེས་ཚད་ལ་ལུང་བྱིན་པ་ཡིན་ནོ། །"
2042499,2047257,4758,"སྙིང་ཏིག་གཉེན་པོའི་བཀའ་སྲུང་རྣམས་ལ་གཉེར་རོ། །ས་མ་ཡཿ རྒྱ་རྒྱ་རྒྱ"