12232,14814,2582,"112-A ཉིན་མཚན་འོད་གསལ་འཆར་བའི་ཡུལ་དེ་གང་རེད་ཟེར་ན།"
14814,18758,3944,"ཆོས་སྐུ་དེ་ཉི་མ། ལོངས་སྐུ་དེ་ཟླ་བ། སྤྲུལ་སྐུ་དེ་མར་མེ།"
18758,23992,5234,"དིང་སང་གློག་ཡོད་པ་འདི་ལྟ་བུ་ལ་ཕར་བལྟས་ན་འཆར་རྒྱུ་རེད་དཀར་ཆ་ཡུལ་ཉི་མ་ལ་"
23992,27230,3238,"ཕར་མིག་གིས་བལྟས་བཞག་ན་མིག་ལ་སྐྱོན་ཏོག་ཙམ་ཡོང་རྒྱུ་རེད་"
27230,31876,4646,"དེའི་ཕྱིར་ན་ཁྲུ་གང་ཙམ་ཉི་མའི་འོག་ལ་བལྟ། བལྟ་ས་དེ་ཡུལ་ཟླ་བ་ཡིན་ན་"
31876,36131,4255,"ཆུ་ཤེལ་གྱི་ཁམས་རེད་དུས་ཟླ་བའི་དཀྱིལ་དུ་བལྟས་གཞག་ནའང་འགྲིག་རྒྱུ་རེད།"
36131,40185,4054,"དེ་མ་ཡིན་པར་གློག་དང་ཉི་མ་ལྟ་བུ་ཡིན་ན་དེའི་འོག་ལ་ཁྲུ་གང་ཙམ་ལ་བལྟ་ན་"
40185,47056,6871,"མིག་ཟིམ་ཟིམ་བྱས་ན་དེའི་འོད་དེ་མིག་ལ་འཆར་འོང་བའི་ཚེ་ན་གསལ་བར་བྱེད་པ་དེ་ཡིན་ཟེར། །"
47056,51604,4548,"འཆར་གཞི་སློང་བྱེད་རྐྱེན་གསུམ་དང་། །བྲལ་བ་ཟེར་གཉིས་དུས་སུ་སྟེ།"
51604,58290,6686,"གསུང་དུས་འཆར་བའི་གཞི་དེ་གང་རེད་ཟེར་ན་ ད་ཉི་མ་དང་ཟླ་བ་ཐམས་ཅད་"
58290,65760,7470,"ནམ་མཁའ་ནས་འཆར་གྱི་རེད་ནམ་མཁའ་སྟོང་པ་ཐལ་བ་ཚུབ་ཚུབ་འདྲ་ཡོད་ན་"
65760,70101,4341,"ཤར་གྱི་མ་རེད་ནམ་མཁའ་དེ་སླད་བྱེད་ཀྱི་རྐྱེན་གསུམ་དང་བྲལ་བ་དེ་ལ་"
70101,76245,6144,"ཞོག་པ་སྔ་དྲོ་ཉི་མ་རིའི་རྩེ་ནས་ཚུར་ཤར་བ་ལྟ་བུ་ཆུ་ཚོད་བདུན་པ་བརྒྱད་པ་ལྟ་བུ་དང་།"
76245,83772,7527,"དགུང་མོ་ས་རུབ་ཁ་ཉི་མ་ལ་ཁ་ནས་རྒས་རན་ཁ་བལྟས་ན་ཤར་སླ་བ་རེད།"
83772,87512,3740,"དེ་ལྟ་བུ་ཟེར་གཉིས་ཀྱི་དུས་སུ་བལྟ་དགོས་པ་ཡིན་ཟེར་"
87512,89694,2182,"བལྟ་བ་དེ་ལའང་གནད་ཀྱིས་ 1-27 གཅུན་དགོ་དུས། །"
89694,92967,3273,"རླུང་གནད་མཆུ་སོར་མ་རེག་པར། །དལ་བུས་འཇུག་དང་ལྡང་བར་བྱེད། །"
92967,96536,3569,"ཟེར་དུས་དེ་ནས་དེ་སྟེང་ལུས་དང་གཅིག་ བལྟ་སྟངས་དང་གཉིས་"
96536,100747,4211,"རླུང་གི་གནད་གསུམ་དགོས་རེད་ རླུང་གི་གནད་དེ་རླུང་དེ་ཁ་དང་སྣ་གཉིས་ནས་"
100747,105103,4356,"བརྒྱུ་ཡི་ཡོད་རེད་དེའི་ནང་ནས་ཁ་ནས་བརྒྱུ་ན་དབུ་མ་ཡེ་ཤེས་ཀྱི་རླུང་ཡིན་གསུང་གི་རེད་"
105103,109645,4542,"རླུང་དེ་ཁ་མར་བཙུམ་བཞག་ན་དེས་ཡེ་ཤེས་ཀྱི་རླུང་འབྱུང་བའི་སྒོ་དེ་བཀག་འགྲོ་གི་རེད་དུས་"
109645,114168,4523,"མཆུ་དང་སོ་གཉིས་མ་རེག་པའི་སྒོ་ནས་རླུང་ཁ་ནས་འཇུག"
114168,117953,3785,"ཁ་ནས་འཇུག་པ་དེའང་ལམ་སང་ཕར་འཇུག་ཚུར་ལྡོག་མི་བྱེད་པར་"
117953,123391,5438,"འཇུག་ལྡང་ག་ལེར་དལ་བུས་བྱས་ཏེ་ནན་གཏན་བལྟ་དགོས་པ་ཡིན་ཟེར།"
126395,129868,3473,"ཐོག་མར་འོད་སྣང་སྔོ་རིབ་ནི། །ཤིན་ཏུ་དག་པར་སྣང་བ་ལས། །"
129868,133213,3345,"ནང་དབྱིངས་ཕྱི་རུ་གསལ་བའི་གདངས། །འོད་ལྔའི་དྲྭ་བས་འབྲེལ་བ་ཤར།"
133213,140651,7438,"གསུང་དུས་ད་གོང་དུ་བཤད་པ་དེ་ལྟ་བུའི་གནད་གསུམ་གྱི་མན་ངག་དང་།"
140651,144273,3622,"འཇུག་ལྡང་གནས་པ་རྣམ་པ་གསུམ་གྱི་སྒོ་ནས་གནད་དུ་2-21 གཅུན་ཏེ་བལྟས་ན་"
144273,149585,5312,"དེའི་ནང་ནས་ཀྱང་ཆོས་ཉིད་ཀྱི་དགོངས་པ་གཡོ་བ་མེད་པ་དེ་ཉམས་སུ་ཡག་པོ་ཞིག་ལེན་ཐུབ་དགོས་རེད་"
149585,154165,4580,"དེ་ལེན་པའི་ཚེ་ན་ཐོག་མར་ཕྱི་རོལ་ནམ་མཁའ་སྟོང་པའི་སྟེང་དུ་བཞག་ན།"
154165,159869,5704,"སྔོ་ཙམ་ཅིག་གི་འོད་ཀྱི་སྣང་བ་སྔོ་རོང་བ་གཅིག་ཤར་རྒྱུ་རེད་དེ་ཕྱི་དབྱིངས་ཟེར་མཁན་དེ་རེད།"
159869,162796,2927,"དེའི་སྔོ་རོང་བ་དེ་ལ་མིག་གི་བལྟ་སྟངས་བྱས་ན་དེའི་ནང་ནས་"
162796,168041,5245,"འོད་ཁ་དོག་ལྔ་ལྡན་གྱི་སྣང་བ་ཞིག་ཤར་རྒྱུ་རེད་ དེ་ནས་ ཁ་དོག་ལྔ་ལྡན་གྱི་སྣང་བ་དེ་"
179828,186259,6431,"ཤིན་དུ་དག་པའི་སྣང་བ་དེ་ཤར་དུས་སྣང་བ་དེའི་ནང་རང་གི་ལུས་ཀྱི་ནང་ལ་ཡོད་པ་མ་གཏོགས་"
186259,190372,4113,"ཕྱི་ལ་ད་ལྟ་ངེད་ཏོས་ཀྱི་མཐོང་བསྡད་རྒྱུ་སྣོད་བཅུད་རི་ར་བའི་གཟུགས་ལྟ་བུ་མ་རེད།"
190372,193598,3226,"དེའི་ཕྱིར་ན་ནང་གི་དབྱིངས་དེ་ཕྱི་རུ་གསལ་བ་དེ་བྱས་ནས་"
193598,196898,3300,"དེ་ཕྱི་དབྱིངས་སྔོ་རོང་ངེ་བ་དེ་ལ་ཡང་ནས་ཡང་དུ་བལྟས་བཞག་ན་"
196898,200788,3890,"འོད་དཀར་སེར་དམར་ལྗང་ཁ་དོག་ལྔ་གྱེན་འགྲེང་། རྩིབ་ཤར་"
200788,204576,3788,"དྲ་བ་དྲ་ཕྱེད་གྱི་ནང་ནས་ཅེ་རེ་ཤར་འོང་རྒྱུ་རེད་དུས། དེ་ཤར་དུས་"
204576,209663,5087,"དེ་ལས་རིག་པ་སྟོང་པའི་ཆ་དེ་དབྱིངས་ཟེར་ལེ་རེད་དུས་"
209663,212954,3291,"དབྱིངས་དེ་ལ་ཕྱི་དབྱིངས་ནང་དབྱིངས་གཉིས་ཡོད་དུས་དེའི་སྣང་བ་ཡིན་ཟེར།"
212954,216147,3193,"གཉིས་པ་ཐིག་ལེ་སྟོང་སྒྲོན་ནི། ། དེ་དབུས་ཐིག་ལེ་སྟོང་སྒྲོན་ནི། །ཐིག་ཟླུམ་འོད་ལྔའི་མུ་ཁྱུད་ཅན། །"
216147,217579,1432,"མཐོང་ཚེ་ །གསུམ་པ་ཤེས་རབ་རང་བྱུང་གི་སྒྲོན་མ། །"
217579,219981,2402,"ནང་དུ་སྟོང་གསལ་ཉམས། །འཆར་བ་ཤེས་རབ་རང་བྱུང་གི །"
219981,223034,3053,"སྒྲོན་མ་ཉིད་ཡིན་དེ་ཉིད་ལས། །ལྷག་མཐོང་རྡོ་རྗེ་ལུ་གུ་རྒྱུད། །"
223034,224465,1431,"མུ་ཏིག་བསྟར་ལ་བརྒྱུས་པ་ལྟར། བཞི་པ་རིག་པ་ཡེ་ཤེས་ཀྱི་སྒྲོན་མའོ། །"
224465,227689,3224,"ཤར་ཚེ་དབྱིངས་རིག་དྲྭ་བ་རུ། །བཙུད་ཅིང་བསྒོམ་པ་རིག་པའི་གནད།"
227689,231751,4062,"གསུང་དེ་ནས་ དེའི་འོད་དང་བྲལ་བ་འདིའི་སྟེང་དུ་རིམ་པ་སྒོམ་བསྡད་ན་"
231751,235430,3679,"ཐིག་ལེ་སྟོང་པའི་སྒྲོན་མ་ཟེར་རྒྱུ་རྨ་བྱའི་སྒྲོ་ཡི་ཐིག་ལེ་ལྟ་བུ་དང་"
235430,240347,4917,"ཉ་ཡི་མིག་ལྟ་བུ་མང་པོ་ཤར་འོང་བ་དེ་ཤར་བ་དེ་ལའང་ལས་དང་པོ་པའི་སྐབས་སུ་"
240347,245829,5482,"ཐིག་ལེ་ཉིས་སྦྲེལ་ཐིག་ལེ་རེ་རེ་དེ་ལྟ་བུའི་ཐིག་ལེ་ཟླུམ་པོ་ཐིག་ལེ་ཟླུམ་པོ་དེ་ལའང་"
245829,249061,3232,"འོད་ཁ་དོག་ལྔ་ལྡན་གྱི་མུ་ཁྱུད་ཅན་ཤར་འོང་"
249061,253695,4634,"དེའི་འོད་ཁ་དོག་ལྔ་ལྡན་གྱི་མུ་ཁྱུད་ཅན་ཤར་འོང་རྒྱུའི་ཐིག་ལེ་དེ་དབྱིངས་ཀྱི་སྟེང་དུ་སྣང་དུས་"
253695,258834,5139,"དེ་ལ་རིག་པ་རྩེ་གཅིག་དུ་གཏད་ན་ནང་གི་རིག་པ་དེ་ལས་ལྷག་པར་གསལ་བའི་ངར་ཐོན་ཏེ་"
258834,262106,3272,"རིམ་པས་ཉམས་མྱོང་དེ་གསལ་པོ་ཤར་འོང་རྒྱུ་རེད་ 4-19"
262106,265748,3642,"དེ་ནས་སྟོང་གསལ་གྱི་ཉམས་ཤར་འོང་རྒྱུ་རེད་སྟོང་གསལ་གྱི་ཉམས་ཤར་ན་"
265748,270736,4988,"རིག་པ་གསལ་ཆ་དེ་ཧ་ཅང་ཆེ་འོང་རྒྱུ་དེ་ ཤེས་རབ་རང་བྱུང་གི་སྒྲོན་མའི་རྩལ་ཡིན་གསུང་"
270736,274601,3865,"ཤེས་རབ་རང་བྱུང་སྒྲོན་མ་དེའི་ནང་ནས་ཇི་ཙམ་གསལ་བ་བཞིན་དུ་"
274601,279075,4474,"ལུས་ཀྱི་ནང་གི་རྩ་རླུང་ཐིག་ལེ་དང་འདྲེས་ཏེ་འོད་ཀྱིས་དེ་ཙམ་གྱིས་དྭངས་འོང་རྒྱུ་རེད་"
279075,283519,4444,"དེ་ནས་འོད་དེས་ཇི་ཙམ་དྭངས་ཡོང་ན་དེ་ཙམ་གྱིས་རྣལ་འབྱོར་པ་རྣམས་"
283519,288696,5177,"དངོས་གཞི་རྩ་ཡི་མདུད་པ་གྲོལ་ནས་ 4-40 རླུང་སེམས་རང་དབང་དུ་འདུས་ཟེར་"
288696,293856,5160,"ཐོས་བསམ་རྒྱ་ཆེན་པོ་བྱས་མ་མྱོང་ནའང་ རྫོགས་པ་ཆེན་པོའི་ལྟ་སྒོམ་སྤྱོད་གསུམ་གྱི་གནད་བཤད་འོང་དུས་"
293856,297377,3521,"ཤིན་ཏུ་ཟབ་ཅིང་རྒྱ་ཆེ་བ་སྔར་ལས་ལྷག་པ་གཅིག་ཤར་འོང་རྒྱུ་རེད།"
297377,300164,2787,"དེ་ཤེས་རབ་རང་བྱུང་གི་སྒྲོན་མེའི་ངོ་བོ་ཡིན་གསུང་ལེ་རེད་"
300164,303161,2997,"དེ་ནས་ཤེས་རབ་རང་བྱུང་གི་སྒྲོན་མ་དེ་ག་རེ་ཤར་འོང་རེད་ཟེར་ན་"
303161,307770,4609,"ཤེས་རབ་རང་བྱུང་སྒྲོན་མེའི་གསལ་ཆ་ཤར་རྒྱུ་དེའི་སྟེང་དུ་ལྷག་མཐོང་ཟེར་མཁན་དེ་"
307770,311732,3962,"ཞི་གནས་དང་ལྷག་མཐོང་གཉིས་ཡོད་རེད་ ཞི་གནས་དེ་སེམས་མི་གཡོ་བ་གནས་པ་དེ་"
311732,316735,5003,"ལྷག་མཐོང་ནང་གི་རིག་པ་ཞི་གནས་ངོས་ཟིན་བྱེད་ཀྱི་རིག་པ་རེད་རིག་པ་དེ་ཉིད་"
316735,321190,4455,"ཕྱི་རོལ་དུ་རྡོ་རྗེ་ལུ་གུ་རྒྱུད་ཀྱི་རྣམ་པ་ཤར་འོང་ཟེར་ རྡོ་རྗེ་ལུ་གུ་རྒྱུད་དེ་ཉིད་"
321190,325136,3946,"གསེར་གྱི་སྐུད་པ་བསྒྲིམས་པ་ལྟ་བུ་དང་ 5-17 མུ་ཏིག་སྟར་ལ་བསྒྱུས་པ་ལྟར་དུ་འཆར་འོང་ཟེར་"
325136,330242,5106,"དེ་ཤར་འོང་ན་ཡང་དེའི་སྟེང་ཤེས་རབ་རང་བྱུང་གི་སྒྲོན་མ་མཐོང་བ་རྡོ་རྗེ་ལུ་གུ་རྒྱུད་"
330242,334284,4042,"ཐིག་ལེ་སྟོང་པའི་སྒྲོན་མ་དེ་འོད་གསལ་ལྷུན་གྲུབ་ཀྱི་འཆར་ཆ་དེ་རེད 5-30"
334284,338785,4501,"ཕྱི་དབྱིངས་ནང་དབྱིངས་ཡིན་དུས་ཀ་དག་གི་འཆར་ཆ་དང་དེ་གཉིས་པོ་དེ་ནང་ནས་དཔེར་ན་"
338785,340998,2213,"ཀ་དག་དང་ལྷུན་གྲུབ་གཉིས་ཟུང་འཇུག་ཡོད་པ་བཞིན་དུ་"
340998,345086,4088,"ཕྱི་ནས་སྣང་བ་དེའང་ཟུང་དུ་འཇུག་དགོས་རྒྱུ་རེད་དུས། དེའི་ཕྱིར་ན་"
345086,351388,6302,"ཕྱི་མཐོང་བ་ཤར་བ་དེ་ལ་རིག་པ་རྩེ་གཅིག་དུ་གཏད་ན་ཐིག་ལེ་སྟོང་པའི་སྒྲོན་མ་ཡིས་ནང་ནས་"
351388,356680,5292,"རྡོ་རྗེ་ལུ་གུ་རྒྱུད་དེ་གཡེང་དུ་མི་འཇུག་པ་དེའི་གནད་དེ་ལ་གཟེར་ནས་བལྟ་བསྡད་དགོས་རེད་"
356680,360379,3699,"དེ་དྲྭ་བ་རུ་བཙུད་ཅིང་བསྒོམ་པ་རིག་པའི་གནད་ཞེས་པ་དེ་ཡིན་ཟེར། །"
360379,362159,1780,"གསུམ་པ་ཉམས་ལེན་སྲང་དུ་གཞུག་པ་ནི། །དེ་ལྟར་ཞེན་མེད་རང་གསལ་ངང་། །"
362159,365201,3042,"ཐུན་བཞི་རྣལ་འབྱོར་དང་ལྡན་པས། །ཉམས་ལེན་སྲང་དུ་གཞུག་པ་ཡིས། །"
365201,366739,1538,"སྣང་བཞིའི་ཕ་རོལ་སོན་འགྱུར་ཏེ།"
366739,371490,4751,"ཞེས་གསུང་དེ་ལྟར་ཡང་ནས་ཡང་དུ་སྒོམ་བསྡད་ན་ཕྱི་རོལ་ཐོད་རྒལ་གྱི་སྣང་བ་དེ་ལས་"
371490,379196,7706,"སྒྲོན་མའི་སྣང་བ་ཇེ་གསལ་དེའི་སྟེང་དུ་ཐིག་ལེ་ཁ་དོག་ལྔ་ལྡན་"
379196,384299,5103,"ཐིག་ལེ་ཁ་དོག་ལྔ་ལྡན་གྱི་སྟེང་དུ་རྡོ་རྗེ་ལུ་གུ་རྒྱུད་ དེའི་ནང་རིམ་པ་བཞིན་དུ་གོམས་འོང་ནས་གཟུང་།"
384299,387050,2751,"ཞི་ཁྲོ་དམ་པ་རིག་བརྒྱའི་སྐུ་ལ་སོགས་པ་ཤར་འོང་རྒྱུ་རེད་དུས་"
387050,391903,4853,"ཇི་ཙམ་སྣང་བ་འཕེལ་འོང་ན་ཉམས་རྟོགས་མཐོ་པོར་སླེབ་སོང་བསམ་པའི་ཞེན་ཆག་མེད་པ་"
391903,394066,2163,"ཞེན་མེད་རང་གསལ་གྱི་ངང་ནས་ཉམས་ལེན་བྱེད་དགོས།"
394066,397662,3596,"སྣང་བ་གཏན་ནས་མ་ཤར་ནའང་ཆོས་ཉིད་མ་བཅོས་པའི་ངོ་བོ་སྐྱོང་བསྡད་ན་"
397662,401241,3579,"ཞེན་པ་མེད་པ་རང་གསལ་བའི་ཡེ་ཤེས་དེ་བསྒོམས་དགོས་ཟེར་"
401241,405367,4126,"དེ་ལྟ་བུའི་ཡེ་ཤེས་དེ་ཉིད་ལ་ཐུན་བཞི་ཡི་རྣལ་འབྱོར་ 6-39 རྩོལ་ལྡན་ཟེར་དུས་"
405367,415365,9998,"མན་ངག་ཡེ་ཤེས་བླ་མ་ནང་ན་ཡོད་པ་ལྟ་བུ་གྱི་ཐུན་བཞི་རྣལ་འབྱོར་དུ་ལྡན་པའི་སྒོ་ནས་"
415365,418494,3129,"ཉམས་ལེན་སྲང་དུ་འཇུག་ཟེར་ ཉམས་ལེན་སྲང་དུ་འཇུག་པ་དེ་"
418494,422968,4474,"སྤྲོས་བཅས་དང་སྤྲོས་མེད་རབ་ཏུ་སྤྲོས་མེད་ཁོ་ན་གི་སྦྱོང་དགོས་རྒྱུ་རེད་"
422968,426683,3715,"དེ་ཙམ་གྱི་མ་ནུས་ནའང་སྤྲོས་བཅས་སྤྲོས་མེད་གཉིས་ཀའི་ཆ་སྙོམས་པོ་བྱེད་དེ་"
426683,430399,3716,"སྤྲོས་བཅས་ཀྱིས་ཐབས་དེ་ཉུང་དུ་གཏོང་། སྤྲོས་མེད་དེ་གཙོ་བོ་བྱས་གཞག་ན་"
430399,433923,3524,"རིམ་པ་བཞིན་དུ་ཆོས་ཉིད་མངོན་སུམ་ ཉམས་གོང་འཕེལ་ རིག་པ་ཚད་ཕེབ་"
433923,437123,3200,"ཆོས་ཉིད་ཟད་པ་བཞིའི་སྣང་བ་དེ་མཐར་ཕྱིན་འོང་རྒྱུ་ཡིན་ཟེར་"
442424,445450,3026,"ཤར་བའི་དབྱིངས་སྣང་མཐོང་ནས་བཟུང་། །ཐིག་ལེ་ཐིག་ཕྲན་འོད་ཟླུམ་དང་། །"
445450,448658,3208,"ཐིག་ལེ་སུམ་འབྲེལ་སྣང་བའི་མཚམས། །ཀ་དག་རིག་པ་ལུ་གུ་རྒྱུད། །"
448658,451703,3045,"ཕྲ་ཞིང་འཁྱོགས་ལ་ཐིག་ལེས་འབྲེལ། །འགྲོ་འོང་བཅས་པར་ཤར་བ་གང་། །"
451703,454512,2809,"དབྱིངས་རིག་ཕྱག་རྒྱར་བཅིངས་ནས་བསྒོམ།"
454512,459068,4556,"གསུངས་པ་དེ་རེད་དུས་དེ་དག་དང་པོ་དཔེར་ན་རྒྱུ་མཚན་ཉིད་ཐེག་པའི་ལམ་ནས་ཡིན་ན་"
459068,464883,5815,"ཚོག་ལམ་དང་སྦྱོར་ལམ་གཉིས་ཀྱི་སྒོ་ནས་ཆོས་ཉིད་གྱི་ངོ་བོ་དེ་ཐོས་བསམ་གྱི་གོ་བ་རྙེད་དགོས་རེད་"
464883,468075,3192,"དཔེ་དེ་བཞིན་དུ་རྫོགས་པ་ཆེན་པོའི་ལམ་ 7-42 སྒོམ་པ་དེ་ལའང་"
468075,472929,4854,"གོང་དུ་ཞུས་པ་ལྟར་དུ་སེམས་དང་ཡེ་ཤེས་གཉིས་ཡོད་པའི་ནང་ནས་ཡེ་ཤེས་ལམ་བྱེད་རེད་"
472929,478101,5172,"ཡེ་ཤེས་ལམ་དུ་བྱེད་པ་དེ་ལ་སེམས་རིག་གཉིས་ཤན་ཕྱེ་དགོ་དུས་སེམས་རིག་ཤན་ཕྱེ་བར་བྱེད་པ་དེ་ལ།"
478101,482273,4172,"ནང་རིག་པ་ཉམས་མྱོང་གི་ཤན་ཕྱེ་བ་དང་ ཕྱི་སྣང་བ་ཐོད་རྒལ་གྱི་སྣང་བ་དེ་"
482273,486979,4706,"བསྒོམས་ཏེ་ཤན་ཕྱེ་འོང་དུས་ཆོས་ཉིད་མ་བཅོས་པའི་དོན་དེ་འདི་རེད་འདུག་སྙམ་པ།"
486979,490965,3986,"ད་ལྟ་ 8-06 རྩ་བ་རྡོ་རྗེ་ཚིག་ཀང་ནང་གསུང་པ་ལྟར་དུ།"
490965,493861,2896,"མཁས་བཙུན་བརྒྱ་དང་གྲུབ་ཐོབ་སྟོང་། །བསྟན་བཅོས་བྱེ་བ་ས་ཡ་དང་། །"
493861,498324,4463,"རྒྱ་མཚོའི་ཐེ་ཚོམ་བཅད་མི་དགོས། །རང་གི་རང་ལ་ཡིད་ཆེས་ཀྱི་ངེས་པ་རྙེད།"
498324,501791,3467,"ངེས་ཤེས་དེ་ལའང་འཛིན་པ་མེད་པ་རང་ཤུགས་ཀྱིས་ཤར་འོང་རྒྱུ་རེད་དུས་"
501791,504096,2305,"དེས་ཆོས་ཉིད་མངོན་སུམ་ཟེར་མཁན་དེ་རེད།"
504096,506940,2844,"དེ་ནས་ ཆོས་ཉིད་མངོན་སུམ་ཞེས་རྟོགས་རྒྱུ་དེ་གང་རེད་ཟེར་ན་"
506940,511638,4698,"ད་ལྟ་ཐེག་པ་ཆེན་པོ་མདོ་སྡེ་ཐམས་ཅད་ཀྱི་ནང་ནས་ བདེ་གཤེགས་སྙིང་པོ་"
511638,516417,4779,"འགྲོ་བ་ཡོངས་ལ་ཁྱབ་ཟེར་མཁན་དེའི་བདེ་གཤེག་སྙིང་པོའི་རྩལ་དེ་ཤར་བསྡད་ཡོད་རེད་"
516417,518100,1683,"བདེ་གཤེག་སྙིང་པོ་ཁོ་རང་ཤེས་དགོས་ན་མཚན་ཉིད་ཐེག་པ་ལྟར་ན་"
518100,521942,3842,"མངོན་སུམ་དང་རྗེས་དཔག་གཉིས་ཟེར་དུས་དཔེར་ན་ནགས་གསེབ་གཅིག་ནས་"
521942,525193,3251,"དུ་བ་ཞིག་འོང་གི་ཡོད་ན་དེ་ན་མེ་འབར་གྱི་ཡོད་ས་རེད་བསམ་རྒྱུ་དེ་"
525193,529664,4471,"མེ་ཡོད་པ་དེ་ཤེས་དུས་རྗེས་དཔག་རེད་ དེ་ནས་ མེ་དམར་ལྷབ་ལྷབ་བུད་ཤིང་གི་སྟེང་"
529664,532071,2407,"མངོན་སུམ་དུ་མཐོང་འོང་དུས་དེ་མངོན་སུམ་རེད་དུས།"
532071,536962,4891,"ད་ལྟ་རིག་པའི་ངོ་བོ་དེ་སེམས་རིག་ཤན་ཕྱེ་ཏེ་རིག་པ་དམར་འཇུས་བྱེད།"
536962,542374,5412,"ཉམས་མྱོང་གི་སྒོ་ནས་རྒྱུད་ལ་སྐྱེ་འོང་རྒྱུ་རེད་དུས་དེའི་ཕྱིར་ན་ཆོས་ཉིད་མངོན་སུམ་ཟེར་མཁན་དེ་རེད།"
542374,547041,4667,"དེ་ནས་ ཆོས་ཉིད་མངོན་སུམ་ནང་གི་རིག་པ་སེམས་རིག་གཉིས་ཤན་ཕྱེ་ཏེ་ངོ་འཕྲོད་པའི་རྗེས་སུ་"
547041,552205,5164,"ཕྱི་སྣོད་ཀྱི་སྣང་བ་དེ་སྒོམ་བསྡད་ན་ཡང་ཐིག་ལེའམ་ལུ་གུ་རྒྱུད་ཀྱི་སྣང་བ་ཤར་འོང་རྒྱུ་དེ་"
552205,556042,3837,"དཔེར་ན་མི་གཅིག་གིི་གདོང་པ་དེ་མེ་ལོང་ནང་དུ་ཤར་བསྡད་ཡོད་ན་"
556042,560761,4719,"མེ་ལོང་གི་ནང་དུ་ཤར་བ་དེ་མི་དངོས་མ་རེད། མི་ཡི་གདོང་པའི་གདངས་རེད་དུས་"
560761,566255,5494,"དཔེ་དེ་བཞིན་དུ་རང་གི་རིག་པའི་གདངས་དེ་ད་ལྟ་ཐིག་ལེ་ཐིག་ཕྲན་ལ་སོགས་པ་ཤར་བ་དེ་རེད་"
566255,570025,3770,"ཤར་བ་དེ་ལས་དང་པོ་ཕྱི་དབྱིངས་ནང་དབྱིངས་ཀྱིས་སྣང་བ་མཐོང་བ་ནས་གཟུང་"
570025,575201,5176,"ཐིག་ལེ་ཐིག་ཕྲན་ཟེར་ཐིག་ལེ་ཆེན་པོ་རེ་རེ་ལ་ཐིག་ལེ་ཆུང་ཆུང་གི་གང་སོང་དུས་ 9-32"
575201,582332,7131,"འོད་ཟླུམ་གྱི་ཐིག་ལེ་དང་པོ་ཉིས་འབྲེལ་ཤར། ཐ་མ་ཡིན་ན་ཐིག་ལེ་སུམ་འབྲེལ་དུ་སྣང་བ་དེ་ཤར་འོང་ཟེར་"
582332,585464,3132,"དེ་ནས་ཐིག་ལེའི་སུམ་འབྲེལ་གྱི་སྣང་བ་དེ་ཤར་འོང་བ་མཉམ་དུ་"
585464,589348,3884,"ཀ་དག་གི་རིག་པ་རྡོ་རྗེ་ལུ་གུ་རྒྱུད་དེ་ཕྲ་ཞིང་འཁྱོགས་པ་སྤུས་བྲིས་བཞིན་ཡོད་པ་ལས་"
589348,593264,3916,"ཐིག་ལེས་འབྲེལ་བ་འགྲོ་འོང་དུ་བཅས་པ་ཟེར་ རི་དྭག་ 9-48 རྩེབ་ལ་རྒྱུག་པ་ལྟར་དང་།"
593264,596710,3446,"དེ་ནས་ཤ་ར་ན་དར་གྱིས་འགྲོ་བ་ལྟ་བུ་ཟེར་ཐོད་རྒལ་གྱི་སྣང་བ་དེ་"
596710,599348,2638,"ནང་གི་སེམས་ཀྱིས་གཟུང་འཛིན་གྱི་གཡོ་རྩོལ་བྱེད་པའི་སྟོབས་ལས་"
599348,602703,3355,"གཡོ་འགུལ་བྱེད་རྒྱུ་མ་གཏོག་གཏན་ནས་བསྡད་ནུས་པ་ཞིག་དང་པོ་ཤར་རྒྱུ་མ་རེད་གསུང་"
602703,608685,5982,"དེའི་འགྲོ་འོང་དང་བཅས་པ་ཤར་བར་གྱུར་པའི་ཚེ་ན་ དེའི་ད་ལྟ་གོང་ནས་གསུང་བ་བཞིན་དུ་"
608685,612204,3519,"ཕྱི་དབྱིངས་ནང་དབྱིངས་ཀྱི་ཐོག་ནས་ཐིག་ལེ་དེ་ཤར་ ཐིག་ལེ་དེའི་ལོག་ནས་"
612204,615975,3771,"ལུ་གུ་རྒྱུད་དེ་ཤར་འོང་དུས་ལུ་གུ་རྒྱུད་དེ་ལ་རིག་པ་རྩེ་གཅིག་དུ་གཏད་ན་"
615975,617966,1991,"དབྱིངས་རིག་མ་འབྲལ་བ་ཟེར་མཁན་དེ་རེད་དུས་"
617966,621391,3425,"དབྱིངས་རིག་ཕྱག་རྒྱར་སྐྱོངས་ནས་བསྒོམ་དགོས་པ་ནི། །"
621391,624523,3132,"དེ་ཚེ་ནང་དུ་རྟོག་དཔྱོད་ཀྱིས། །ཤེས་རབ་ཁྱད་པར་ཅན་འཆར་ཞིང་། །"
624523,626184,1661,"ཡེ་ཤེས་སུམ་ཆ་ཙམ་ལ་དབང་། གཉིས་པ་དེའི་གྲོལ་ཚད་ནི། །"
626184,629444,3260,"འདི་དུས་བར་དོ་ཆོད་གྱུར་ཀྱང་། །རང་བཞིན་སྤྲུལ་སྐུའི་ཞིང་ཁམས་སུ། །"
629444,631114,1670,"དབུགས་འབྱིན་ཐོབ་པར་ཐེ་ཚོམ་མེད།"
631114,636236,5122,"གསུང་དུས་དེའི་ཚེ་ན་ནང་དུ་དཔེར་ན་ཐོས་བསམ་གྱི་རིག་པ་རྟོག་དཔྱོད་ཀྱིས་སྒོ་ནས་ཤར་འོང་དུས་"
636236,640141,3905,"ཐེག་པ་གཞན་གྱི་མ་རྟོགས་པ་ཐམས་ཅད་ཡེ་ཤེས་ཀྱིས་རྩལ་ལས་ཤར་འོང་བ་ལྟ་བུ་ཞིག་"
640141,643572,3431,"ཤེས་རབ་གྱི་ཁྱད་པར་ཅན་འཆར་འོང་རེད། ཤེས་རབ་ཁྱད་པར་ཅན་"
643572,648223,4651,"ཡེ་ཤེས་མཐོང་བ་དེ་བོགས་ཐོན་ཡོང་རེད། དེ་འོང་བའི་ཚེ་ན་ཡེ་ཤེས་སུམ་ཆ་ཟེར་"
648223,651765,3542,"བདེ་གཤེགས་སྙིང་པོ་དེ་བཅོ་ལྔའི་ཟླ་བ་ལྟ་བུ་ཅིག་ལ་ཆག་བཞག་ན་"
651765,656077,4312,"དེའི་ཆ་གསུམ་གྱི་ཆ་གཅིག་དུ་མངོན་སུམ་དུ་མཐོང་འོང་རེད་ཟེར་"
656077,661854,5777,"དེ་མཐོང་བ་དེའི་ངང་ནས་ཕར་ལམ་མཐར་མ་ཕྱིན་ཤི་སོང་ནའང་བར་དོའི་གནས་སྐབས་ན་"
661854,666490,4636,"བར་དོའི་སྣང་བ་ཡུད་ཙམ་གཅིག་ཤར་ཏེ་རང་བཞིན་སྤྲུལ་སྐུའི་ཞིང་ཁམས་ལྔ་"
666490,669361,2871,"ཤར་ཕྱོགས་མངོན་པར་དགའ་བ། ལྷོ་ཕྱོགས་དཔལ་དང་ལྡན་པ།"
669361,673532,4171,"ནུབ་ཕྱོགས་པདྨ་བརྩེགས་པ། བྱང་ཕྱོགས་ལས་རབ་བཀོད་པའི་ཞིང་ལྔ་"
673532,677644,4112,"ཞིང་ཁམས་དེ་ན་སྟོན་པ་རིག་ལྔ་ཡི་ཞལ་མཐོང་དེ་ལས་གསུང་ཐོས།"
677644,682193,4549,"ལམ་སྐུ་བཞི་ཐོབ་དེའི་སྟེང་དུ་གྲོལ་བར་གྱུར་བ་ 11-17 ཁྱད་པར་གྱི་སྒོམ་པ་ཡིན་གསུང་།"
682193,686667,4474,"ད་དེའི་རྗེས་སུ་ཉམས་གོང་འཕེལ་ཟེར་མཁན་དེ་རེད་དུས་ད་ཉམས་གོང་འཕེལ་དེ་"
686667,695570,8903,"ཧ་ལམ་སྒོམ་ལམ་གྱི་གནས་སྐབས་ལྟ་བུ་རེད།"
695570,697030,1460,"གཉིས་པ་ཉམས་གོང་འཕེལ་ནི། །"
697030,698512,1482,"གཉིས་པ་ཉམས་སྣང་གོང་འཕེལ་ནི། །སྔ་མའི་འོད་སྣང་དེ་ཉིད་ལས། །"
698512,702032,3520,"ཆེས་ཆེར་འཕེལ་ཞིང་རྩིབས་ཤར་དང་། །གྱེན་འགྲེང་ཟླུམ་འཁྲིགས་མཆོད་རྟེན་དབྱིབས། །"
702032,704921,2889,"པདྨ་མཁར་ཐབ་མདུང་རྩེ་དང་། །དྲྭ་བ་དྲྭ་ཕྱེད་མིག་མངས་རིས། །"
704921,707803,2882,"ཐིག་ཟླུམ་སྲན་མ་ཙམ་ནས་བཟུང་། །བསེ་ཕུབ་ཙམ་གྱི་བར་སྐྱེ་ཞིང་། །"
707803,711175,3372,"ལུག་རྒྱུད་འགྲོ་འོང་གཡོ་བ་ཡང་། །འདབ་ཆགས་འཕུར་སྐྱེན་ཙམ་ཉིད་ནས། །"
711175,713836,2661,"བུང་བ་བཅུད་ལ་འཁོར་བ་བཞིན། །ཅུང་ཟད་གོམས་པའི་རིམ་པ་ཡིས། །"
713836,717003,3167,"འོད་སྣང་འཕེལ་དང་རིག་པ་དལ། །མཐར་གྱིས་སྟོང་ཉམས་འོད་གསལ་གྱི། །"
717003,720540,3537,"སྣང་བས་གར་བསྟས་གཡོ་མེད་ཁྱབ། །དབྱིངས་སྣང་ཟླུམ་འཁྲིགས་པད་འདབ་བཞིས། །"
720540,726508,5968,"བརྒྱན་པའི་ཚོམ་བུ་འཆར་གྱུར་ན། གཉིས་པ་གྲོལ་ཚད་ནི། འཆི་སྲིད་འོད་གསལ་ངང་དུ་གྲོལ།།"
726508,730556,4048,"ཞེས་ དེ་ནས་ ཉམས་ཟེར་མཁན་འདི་ལ་སྣང་ཉམས་དང་ཤེས་ཉམས་གཉིས་ཡོད་རྒྱུ་རེད།"
730556,734468,3912,"ཤེས་ཉམས་ཟེར་མཁན་དེ་ད་ལྟ་ཞི་གནས་སྒོམ་བསྡད་པའི་སྐབས་ལྟ་བུ་ཡིན་ནའང་"
734468,737420,2952,"བདེ་གསལ་མི་རྟོག་པའི་ཉམས་ཤར་བ་དང་མངོན་ཤེས་ཤར་བ་དང་"
737420,740814,3394,"རི་བྲག་ལ་ཟང་ཐལ་གྱི་མཐོང་བ་ལ་སོགས་པ་ཡོད་རྒྱུ་རེད་དུས་དེ་དང་"
740814,744401,3587,"དུས་འཁོར་གྱི་སྐབས་སུ་སྟོང་གཟུགས་མང་པོ་ཤར་ཡོང་རྒྱུ་ཡོད་པ་དང་"
744401,750607,6206,"དེ་རྣམས་ཐམས་ཅད་ཤེས་ཉམས་ཟེར་བ་དེ་རེད་ སྣང་ཉམས་ཟེར་མཁན་དེ་གང་རེད་ཟེར་ན་"
750607,753754,3147,"ཆོས་ཉིད་མངོན་སུམ་གྱི་སྣང་བ་གོང་ནས་གོང་དུ་འཕེལ་འོང་དུས་"
753754,757675,3921,"སྣང་ཉམས་དེ་ཉམས་བརྟན་པོ་ཞིག་རྒྱུད་ལ་ཤར་འོང་དུས་རིག་པའི་གདང་རེད་"
757675,761065,3390,"དེ་ཡན་ཆད་བློ་ལས་འདས་པའི་ཉམས་ཡིན་པའི་ཕྱིར་ན་"
761065,766171,5106,"དེ་སྣང་ཉམས་གོང་དུ་འཕེལ་བར་གྱུར་པ་ཡིན་ཟེར་ དེ་ནས་ ཉམས་སྣང་གོང་ལ་ག་འདྲ་བྱེད་འཕེལ་འོང་རེད་ཟེར་ན་"
766171,771618,5447,"སྔར་ཐོད་རྒལ་གྱི་འོད་སྣང་དེ་ཉིད་ དཔེར་ན་སྔོན་ནས་ཡིན་ན་ཐིག་ལེ་སྟོང་པའི་སྒྲོན་མ་ཡིན་ན་ 12-47"
771618,774475,2857,"རྩིབས་ཁྱུད་དང་ འཁོར་བ་དང་དེ་ནི་ཤར་གྱི་མ་རེད་"
785963,792436,6473,"ཟླུམ་པོ་ཆེན་པོ་ནས་ཆེས་ཆེར་འཕེལ་ དེ་ནས་ འོད་ཀྱི་སྣང་བ་དེའང་"
792436,796082,3646,"རྩིབས་ཤར་ཟེར་དུས་འཕྲད་དུ་ཡོད་པ་ གྱེན་བསླང་ཟེར་དུས་གྱེན་དྲང་དུ་ཡོད་པ།"
796082,800571,4489,"ཟླུམ་འཁྲིགས་ཀྱི་རྣམ་པ་གསུམ་དུ་ཡོད་དུས་ཐིག་ལེ་ཟླུམ་པོའི་རྣམ་པ་རེ་མིག་ལྟ་བུ་"
800571,805458,4887,"གོང་ན་ཡོད་པ་མཆོད་རྟེན་གྱི་བང་རིམ་ལྟ་བུ་གོང་ན་བཞི་ཡོད་པ་དེའི་སྟེང་ན་"
805458,811820,6362,"ཐིག་ལེ་སྟོང་པའི་སྒྲོན་མའི་ནང་དེ་ཐམས་ཅད་མེ་ཏོག་པདྨ་འདབ་མ་བཞི་ལྟ་བུ་"
811820,816381,4561,"རྣམ་པ་དང་གཞལ་ཡས་ཁང་གི་རྣམ་པ་ལྟ་བུ་དང་ འོད་ཟེར་གྱི་སྣང་བ་ཐམས་ཅད་"
816381,820053,3672,"མིག་གཉིས་ལ་ཚུར་ཟུག་ཡོང་བ་དཔེར་ན་ཟངས་དུང་གི་རྩེ་མོ་ལྟ་བུ་དང་"
820053,823514,3461,"གཞལ་ཡས་ཁང་གི་དྲྭ་བ་དང་དྲྭ་ཕྱེད་ལྟ་བུ་དང་ནི་"
823514,828248,4734,"ད་ལྟ་ཏིལ་གོང་གི་རྣམ་པ་ཁ་དོག་སྣ་ཚོགས་པ་ཡོད་པ་ལྟ་བུའི་ཉིན་མོ་རེས་"
828248,833706,5458,"ཤར་ཐིག་ལེ་སྟོང་པའི་སྒྲོན་མ་ཟླུམ་པོ་དེའང་ཆོས་ཉིད་མངོན་སུམ་གྱི་སྐབས་ལ་སྲན་མ་ཙམ་ལས་"
833706,837529,3823,"ཉམས་གོང་ནས་འཕེལ་འོང་དུས་བསེ་ཕུབ་ཙམ་གྱིས་བར་དུ་འཕེལ།"
837529,841692,4163,"དེ་འཕེལ་འོང་དུས་དེའི་ནང་དུ་དབྱིངས་དང་ཐིག་ལེའི་སྣང་བ་དེའི་ནང་དུ་"
841692,847441,5749,"ལུ་གུ་རྒྱུད་རྡོ་རྗེ་ལུ་གུ་རྒྱུད་འགྲོ་འོང་གཡོ་བ་དེ་འདབ་ཆགས་འཕུར་སྐྱེན་པ་ཟེར་དུས་"
847441,850859,3418,"ཕུག་རོན་ནམ་མཁའ་ནས་འཕུར་བ་ལྟ་བུ་ དང་པོ་གཡོ་འགུལ་དུ་སྐྱེན་པ་དང་"
850859,855406,4547,"དེ་ནས་རིམ་པ་བཞིན་དུ་བུང་བ་མེ་ཏོག་གི་ནང་དུ་སླེབ་འོང་ན་མེ་ཏོག་གཅིག་གི་སྦྲང་རྩི་ལེན་"
855406,859514,4108,"ཏོག་ཙམ་བསྡད་ཡང་དེའི་ནང་ནས་ཐོན་ཚར་དུས་མེ་ཏོག་གཞན་གཅིག་ལ་འགྲོ་གི་རེད་"
859514,864945,5431,"དཔེ་དེ་བཞིན་དུ་རིག་པ་རྡོ་རྗེ་ལུ་གུ་རྒྱུད་ དང་པོ་མིག་གཡོན་ན་ཟུར་ལྟ་ལ་གཅིག་འཆར་དེ་ཡོད་ན་"
864945,868283,3338,"དེ་ལས་རིག་པ་གཏད་བཞག་ན་ཏོག་ཙམ་བསྡད་ཏེ་ཡང་ཏོག་ཙམ་རེད་དུས་"
868283,871677,3394,"གཡས་ཕྱོགས་ལ་ཕར་འགྲོ་བ་ལྟ་བུ་རིམ་པ་བཞིན་དུ་གོམས་དུས་"
871677,880184,8507,"དེ་འདབ་ཆགས་འཕུར་སྐྱེན་པ་ལྟ་བུ་དེ་ལས་དང་པོ་བུང་བ་བཅུད་ལ་འཁོར་བ་ལྟ་བུ་དེ་རེད་"
880184,885187,5003,"ཅུང་ཟད་གོམས་པ་ན་དེ་ནས་ རི་དྭག་རྩིབ་ལ་རྒྱུུག་པ་ལྟ་བུའི་ཆེས་ཆེར་བསྒོམ་པའི་རིམ་པ་བཞིན་"
885187,891454,6267,"འོད་ཀྱི་སྣང་བ་དེ་ཉིད་གོང་ནས་འཕེལ་ རིག་པ་རྡོ་རྗེ་ལུ་གུ་རྒྱུད་དེ་དལ་གྱིས་མཐོང་བ་དེ་ཙམ་གྱི་རེད་དུས་"
891454,897030,5576,"མཐར་ཆོས་ཉིད་རིག་པ་མངོན་སུམ་དུ་སྣང་བ་དེའང་སྟོང་པའི་ཉམས་དེ་རྒྱ་ཆེར་འོང་ཏེ་"
897030,901124,4094,"དེ་ནས་ གང་ན་བལྟས་གཞག་ན་ཕྱི་ས་རྡོ་རི་བྲག་རྩི་ཤིང་ནགས་ཚལ་ཐམས་ཅད་"
901124,904198,3074,"གར་བལྟས་དབྱིངས་དང་ཐིག་ལེའི་སྣང་བ་འཆར་བ་དང་"
904198,908303,4105,"དབྱིངས་སྣང་ཟླུམ་འཁྲིག་དེ་ལས་པདྨ་འདབ་མ་བཞི་རེ་ཡོད་པ་"
908303,914731,6428,"དེའི་ནང་དུ་རྒྱལ་བ་རིག་ལྔ་ཡོད་པའི་ཚོམ་བུས་བརྒྱན་འཆར་དེ་ནི་ནང་གི་མཐར་ཕྱིན་པ་ཡིན་ཟེར་"
914731,919764,5033,"ཉམས་གོང་འཕེལ་མཐར་ཕྱིན་པ་དེའི་ངང་དུ་གྲོལ་སོང་ན་ དེ་ནས་བར་དོ་ནས་གྲོལ་བར་འགྱུར་པ་དེ་ལ།"
919764,922230,2466,"འཆི་ཁ་བར་དོ། ཆོས་ཉིད་བར་དོ། སྲིད་པ་བར་དོ།"
922230,928148,5918,"གསུམ་ཡོད་པའི་ནང་ནས་འཆི་ཁ་བར་དོ་འོད་གསལ་ལྷུན་གྲུབ་ཀྱི་སྣང་བ་"
928148,934180,6032,"ཆོས་ཉིད་བར་དོའི་ངང་ལ་གྲོལ་ཟེར་རྒྱུ་དེ་རེད་ དེ་ནས་ཆོས་ཉིད་བར་དོའི་ངང་ལ་"
934180,939756,5576,"ཁྱད་ཆོས་དྲུག་གི་མངོན་པར་སངས་རྒྱས་འགྲོ་བ་ཡིན་གསུང་། གསུམ་པ་རིག་པ་ཚད་ཕེབས་ནི། །"
939756,941240,1484,"གསུམ་པ་རིག་པ་ཚད་ཕེབས་ནི། །ཡེ་ཤེས་ལྔ་ཡི་ཐིག་ལེའི་དབུས། །"
941240,944453,3213,"སྐུ་གསུམ་ཚོམ་བུ་ཐ་དད་པ། །རིམ་བཞིན་གསལ་བས་གདོས་བཅས་འགགས། །"
944453,947885,3432,"ཅིར་སྣང་དག་པ་རབ་འབྱམས་སུ། །ཤར་ཞིང་ གཉིས་པ་གྲོལ་ཚད། ཡུལ་དུ་ཐོགས་རྡུགས་བྲལ། །"
947885,951830,3945,"ལུས་སེམས་རྟེན་འབྲེལ་རྒྱུན་ཆད་པས། །ཁམས་གསུམ་གནས་སུ་མི་ལྡོག་གོ།"
951830,955967,4137,"གསུང་དུས་ ད་དེའི་རྗེས་རིག་པ་ཚད་ལ་ཕེབ་པའི་སྣང་བ་དེ་ཤར་དུས་"
955967,959642,3675,"དཔེར་ན་མདོ་ལུག་ལྟར་ཡིན་ན་དག་པ་ས་གསུམ་ལྟ་བུ་རེད་"
959642,962442,2800,"དེའི་སྐབས་ལ་སྣང་བ་གང་ཤར་ཟེར་ན་ཡེ་ཤེས་ལྔ་"
962442,967712,5270,"ནང་གི་རིག་པ་དེ་ལ་ཡེ་ཤེས་ལྔ་ཡོད་པ་དེ་ཡར་རྫོགས་ཡོང་དུས་ཕྱི་ཡི་ཐིག་ལེ་དེ་ལའང་"
967712,973490,5778,"དེ་ནས་ཁ་དོག་ལྔ་ཁ་དོག་ལྔ་ལྡན་དེའི་ནང་དུ་སྐུ་ཡི་སྣང་བ་ཤར་འོང་དུས་"
973490,978221,4731,"དང་པོ་སྐུ་གཅེར་བུ་ལྟ་བུ་དང་ དབུ་དང་ཕྱག་ལག་དེ་ནས་རིམ་པ་བཞིན་དུ་"
978221,981644,3423,"གོམས་ཡོང་དུས་སྐུ་ཡོངས་རྫོགས་རྒྱན་ཆས་ཡོད་པ་ཡབ་ཡུམ་ཟུང་འབྲེལ་"
981644,986967,5323,"དེ་ནས་ཐིག་ལེ་ལྔ་ཚན་གྱི་ནང་དུ་རྒྱ་བ་རིག་ལྔ་ལ་སོགས་པ་ཚོམ་བུ་རིམ་པ་བཞིན་དུ་གསལ་"
986967,990920,3953,"དེ་གསལ་འོང་དུས་ཕྱི་ས་རྡོ་རི་བྲག་ཐམས་ཅད་ལ་བལྟས་ན་འོད་དང་"
990920,995690,4770,"ཐིག་ལེ་སྐུ་གསུམ་གྱི་སྣང་བ་རྣམས་གདོས་བཅས་ཡུལ་གྱི་སྣང་བ་གཏན་ནས་མེད་པ་ཤར་ཏེ་"
995690,997992,2302,"སྣོད་བཅུད་ཐམས་ཅད་དག་པ་རབ་འབྱམས་སུ་ཤར་དུས་"
997992,1005227,7235,"དེ་ཤར་བ་དང་མཉམ་དུ་ཕྱི་ཡི་ཡུལ་གྱི་སྣང་བ་དེ་དང་ནང་གིས་རིག་པ་གཉིས་དབྱེར་མེད་དུ་འདྲེས་ཏེ་"
1005227,1009923,4696,"༼ དེ་ཐུན་མོང་གི་ཆོས་སྐད་ལྟ་བུ་བྱས་ན་རླུང་སེམས་16-44 ཨོཾ་ནི་སྣང་སེམས་འདས་ཟེར་མཁན་དེ་རེད་དུས་ ? ༽"
1009923,1015090,5167,"རི་བྲག་ལ་ཟང་ཐལ་དུ་འགྲོ་ནུས་པ་ལྟ་བུ་དང་ རི་བྲ་ཐམས་ཅད་གཅིག་གིས་གཅིག་"
1015090,1019357,4267,"མི་སྒྲིབ་པ་རང་བཞིན་གྱིས་གསལ་བའི་ཐོགས་རྡུགས་དང་བྲལ་བར་གྱུར་པ་ཡིན་ཟེར།"
1019357,1022692,3335,"དེ་ནས་ ལུས་དང་སེམས་གཉིས་པོ་ལྷན་གཅིག་དུ་འདྲེས་འགྲོ་བའི་སྐབས་ན་"
1022692,1026685,3993,"འཁྲུལ་བའི་སྣང་བ་ཐམས་ཅད་དག་གི་ཡོད་རེད་དུས་དེས་རིག་པ་ཚད་ལ་ཕེབ་པའི་སྐབས་ན་"
1026685,1035454,8769,"ལུས་སེམས་གཉིས་འབྲེལ་བ་ཆད་ཏེ་དེའི་སྟེང་དུ་ཤི་སོང་ན་དེ་འཆི་ཁ་བར་དོ་ནས་གྲོལ་འགྲོ་རེད།"
1035454,1040500,5046,"བར་དོ་གཞན་གྱི་སྣང་བ་མ་ཤར་བའི་ཁམས་གསུམ་གནས་སུ་མི་ལྡོག་གོ་ཞེས་གསུང་།"
1040500,1045259,4759,"བཞི་པ་ཆོས་ཉིད་ཟད་ས་ནི། །"
1045259,1046991,1732,"བཞི་པ་ཆོས་ཉིད་ཟད་པ་ནི། །ལས་རླུང་གཡོ་མེད་ཡེ་ཤེས་སུ། །"
1046991,1050543,3552,"འཕེལ་བས་ཕྱི་འབྱུང་གཟུང་ཡུལ་དང་། །ནང་འབྱུང་འཛིན་པའི་སེམས་བྱུང་བཅས། །"
1050543,1053329,2786,"འགགས་ཤིང་གསང་བ་འོད་གསལ་གྱི། །སྣང་བ་ཀུན་ཀྱང་ཆོས་དབྱིངས་ཐིམ།"
1053329,1060400,7071,"ད་བཞི་པ་ཆོས་ཉིད་ཟད་ས་ལ་ཕྱིན་འགྲོ་དུས་ས་བཅུ་རྒྱུན་མཐའ་ལ་གནས་ཏེ་སངས་རྒྱས་འགྲོ་དུས་"
1060400,1063829,3429,"དེ་ནས་ ཆོས་ཉིད་ཟད་ཟེར་མཁན་དེ་ཆོས་ཉིད་སྟོང་པ་ཉིད་ལ་ཟད་རྒྱུ་ཡོད་མ་རེད་དུས་"
1063829,1068300,4471,"ཆོས་ཉིད་ཀྱི་ཀློང་དེ་ལ་ཆོས་ཅན་གྱི་སྣང་བ་ཐམས་ཅད་ནང་དུ་ཕར་བསྡུ་སོང་བ་"
1068300,1072475,4175,"དེ་ལ་ཟད་པའི་སྒྲ་སྦྱར་གཞག་དུས་དེས་ན་ཟད་འགྲོ་བའི་རྒྱུ་མཚན་དེ་རེད་ཟེར་ན་"
1072475,1075312,2837,"དེ་སྔོན་འོད་གསལ་གྱི་སྣང་བ་ཕྱི་ལ་ཤར་བསྡད་པ་དེ་ལས་"
1075312,1077949,2637,"རླུང་གི་རྩལ་གཅིག་གིས་སྟོང་ཉིད་གཡོ་བསྡད་ཡོད་རེད་"
1077949,1082090,4141,"རླུང་གི་རྩལ་དེ་ལས་རླུང་གི་ནུས་པ་དེ་ཆོས་ཉིད་ཀྱི་ངང་ལ་ཕར་བཟློགས་ཚར་ན་"
1093274,1096872,3598,"དེ་ནས་ མཉམས་རྗེས་ལས་འདས་འགྲོ་བའི་ཚེ་ན་ལས་རླུང་གི་གཡོ་བ་མེད་དུས་"
1096872,1101331,4459,"ཡེ་ཤེས་ཀྱི་སྐུ་མངོན་སུམ་དུ་མཐོང་བ་ བི་མ་མི་ཏྲ་དང་གུ་རུ་རིན་པོ་ཆེ་ལྟ་བུ་རེད་དུས་"
1101331,1106412,5081,"དེ་ནི་ད་ཕྱི་འབྱུང་གི་གཟུང་ཡུལ་ཟད་ཏེ་རང་གིས་ལུས་ཀྱི་18-22 ཕྱི་ཡི་འབྱུང་བ་"
1106412,1111121,4709,"ས་ཆུ་མེ་རླུང་ཐམས་ཅད་འོད་གསལ་གྱི་སྣང་བ་ཁོ་ན་མ་གཏོགས་གདོས་བཅས་མེད་ཚར་དུས་"
1111121,1115689,4568,"གྲུབ་པ་ཐོབ་པའི་རྣལ་འབྱོར་པ་དེ་ཉིད་ མེ་ལ་བསྲེགས་ན་འཚིག་གི་མ་རེད།"
1115689,1120835,5146,"ཆུ་ལ་བསྐུར་ན་ཆུས་ཁུར་གྱི་མ་རེད། 18-34 རྗེ་བཙུན་མི་ལ་ལྟ་བུ་རེད་འགྲོ་ཚར་རེད་"
1120835,1124331,3496,"ནང་གིས་སེམས་ཡིན་ནའང་གཟུང་འཛིན་གྱིས་གཏན་ནས་གཡོ་བ་མེད་དུས་"
1124331,1128481,4150,"ནང་གིས་འབྱུང་བ་དག་ཕྱི་གདོས་བཅས་ཤ་ཁྲག་གི་ཕུང་པོ་འདི་ཐམས་ཅད་"
1128481,1131624,3143,"འོད་ཀྱི་སྐུ་མ་གཏོགས་པ་གཏན་ནས་ཡོད་ཀྱི་མ་རེད་དུས་"
1131624,1134715,3091,"ནང་འཛིན་པའི་སེམས་ཡུལ་དང་བཅས་པ་འགགས།"
1134715,1141176,6461,"གསང་བ་འོད་གསལ་གྱི་སྣང་བ་དཔེར་ན་ཟླ་བ་དེ་དང་པོ་ཚེས་གཅིག་ནས་བཅོ་ལྔ་བར་དུ་ཡར་འཕེལ་གྱི་རེད།"
1141176,1148854,7678,"བཅུ་དྲུག་ནས་གནམ་སྟོང་བར་དུ་མར་འགྲིབ་ཟླ་བ་ཁོ་རང་ལ་འཕེལ་འགྲིབ་མེད་ནའང་ བཅུ་དྲུག་ནས་གནམ་སྟོང་བར་དུ་མར་འགྲིབ་འགྲོ་བ་ལྟར་སྣང་རྒྱུ་དེ་རེད་དུས་"
1148854,1153300,4446,"དེའི་སྣང་བ་དེ་ཐམས་ཅད་ཆོས་ཉིད་ཅིག་གིས་ངང་ལ་ཕར་བསྡུ་ཚར་དུས་"
1153300,1158122,4822,"ཉིན་མཚན་འཁོར་ཡུག་དུ་འོད་གསལ་གྱི་དགོངས་པ་གཅིག་ལས་མི་གཡོ་བ་རང་བཞིན་རེད་འགྲོ་རྒྱུ་རེད།"
1158122,1160324,2202,"དེ་ནས། །སྣང་བ་ཀུན་ཀྱང་ཆོས་ཉིད་ཐིམ། གཉིས་པ་གྲོལ་ཚད་ནི། །"
1160324,1163402,3078,"དེ་ཚེ་སྐྱེ་བར་དབང་ཐོབ་པས། །སྣང་སྟོང་ཆུ་ཟླ་ལྟ་བུའི་ངང་། །"
1163402,1166386,2984,"འོད་གསལ་འཕོ་ཆེན་དྭངས་མའི་སྐུས། །འགྲོ་སྒྲོལ་ཕྲིན་ལས་རྟག་ཏུ་སྤྱོད།"
1166386,1168763,2377,"ཅེས་གསུང་དེ་ནས་ཆོས་ཉིད་ཟད་ས་ལ་སླེབ་ཚར་དུས་"
1168763,1171574,2811,"སྐྱེ་བ་དང་འཇུག་པ་ལ་དབང་ཐོབ་ཟེར་མཁན་དེ་རེད་"
1171574,1177027,5453,"སྐྱེ་བ་ལ་དབང་ཐོབ་ཟེར་དུས་ད་ལྟ་ང་ཚོ་ཁམས་གསུམ་འཁོར་བར་འཁྱམས་བྱེད་ཀྱི་རྩ་བ་འཁྲུལ་བ་དེ་རེད་"
1177027,1179756,2729,"སྐྱེ་འཆི་བར་དོ་གསུམ་ཟེར་མཁན་ཡང་དེ་རེད་ དེ་ནས་"
1179756,1184998,5242,"དཔེར་ན་ཤི་འགྲོ་དུས་ལས་དགེ་སྡིག་གིས་གང་ན་སྐྱེ་དགོས་ཀྱི་ཡོད་ན་མ་གཏོགས་"
1184998,1187864,2866,"རང་བསམ་བཞིན་དུ་སྐྱེ་བ་བཞེས་ཐུབ་ཀྱི་མ་རེད་"
1187864,1192493,4629,"སྐྱེ་བ་ལ་དབང་ཐོབ་པའི་གང་ཟག་དེ་ད་ལྟ་ལུས་རྟེན་འདིའི་སྟེང་དུ་"
1192493,1196757,4264,"འགྲོ་བའི་དོན་རྒྱ་ཆེན་པོ་གཅིག་མཛད་དགོངས་ན་ད་ལྟ་ཟག་བཅས་ཀྱི་སྐུ་འདི་"
1196757,1200214,3457,"འོད་ཀྱི་རང་བཞིན་དུ་དྭངས་ནས་སྣོད་བཅུད་ཐམས་ཅད་དག་པ་ཆེན་པོ་རེད་ཚར་དུས་"
1200214,1203869,3655,"ཕྱག་གིས་སོར་མོ་ལ་འོད་ལྔ་འཁྲིགས་འོང་དུས་དེ་ལ་རིག་པ་གཏད་བཞགས་ན་"
1203869,1209743,5874,"ནམ་མཁའ་ཇི་སྲིད་ཀྱི་བར་དུ་རྡོ་རྗེའི་སྐུ་སྐྱེ་འཆི་མེད་པ་བི་མ་མི་ཏྲ་དང་གུ་རུ་རིན་པོ་ཆེ་ལྟ་བུ་རེད་"
1209743,1214281,4538,"དེ་ཡིན་ནའང་སྐུ་དེ་ལ་ཕར་བལྟས་ན་སྔ་མ་ལྟར་དུ་ཡོད་རྒྱུ་རེད་དུས་"
1214281,1219044,4763,"དེའི་སྐུ་ལ་ལག་པས་རེག་པ་དང་གཟུགས་ཅན་ལྟར་དུ་བཟུང་རྒྱུ་ཡོད་ས་མ་རེད།"
1219044,1222960,3916,"དཔེར་ན་ཆུ་ནང་གི་ཟླ་བའི་གཟུགས་ལྟ་བུ་རེད། དེ་འོད་གསལ་འཕོ་ཆེན་དྭངས་མའི་སྐུ་"
1222960,1227218,4258,"གུ་རུ་རིན་པོ་ཆེ་ད་ལྟ་ཟངས་མདོག་དཔལ་རི་ལ་སྔར་བོད་ལ་ཕེབས་བསྡད་རྒྱུ་"
1227218,1230803,3585,"སྐུ་དེ་འདྲ་བྱས་ནས་བཞུགས་ཡོད་རྒྱུ་རེད། བི་མ་མི་ཏྲ་རྒྱ་ནག་རི་བོ་རྩེ་ལྔ་ལ་བཞུགས་ཡོད་རེད་"
1230803,1234245,3442,"དེ་ལྟ་བུ་དྭངས་མའི་སྐུ་ཡི་ངང་ནས་གུ་རུ་པདྨ་ཇི་སྲིད་འཁོར་བ་མ་སྟོང་བར་དང་"
1234245,1238350,4105,"བི་མ་མི་ཏྲ་སྐལ་བཟང་སངས་རྒྱས་སྟོང་གིས་འགྲོ་དོན་མ་རྫོགས་ཀྱི་བར་དུ་"
1238358,1243237,4879,"ད་ལྟ་ཞིང་ཁམས་འདིའི་སྟེང་དུ་བཞུགས་ནས་འགྲོ་དོན་ 20-40 བྱེད་བཞིན་ཡོད་པ་"
1243237,1245503,2266,"དེ་ལྟ་བུ་འགྲོ་དོན་ཕྲིན་ལས་རྟག་དུ་བྱེད། །"
1245503,1248607,3104,"དེ་བཞིན་འཇུག་པར་དབང་ཐོབ་པས། །གདོད་མའི་གཞི་དབྱིངས་ཆེན་པོ་རུ། །"
1248607,1251551,2944,"ནང་གསལ་ཐིམ་ལ་མ་རྨུགས་པར། །སྐུ་དང་ཡེ་ཤེས་འདུ་འབྲལ་མེད།"
1251551,1255194,3643,"གསུང་དེ་ནས་ འཇུག་པ་ཟེར་མཁན་དེ་གང་རེད་ཟེར་ན་སྔར་ཆོས་ཉིད་ཟད་ས་ 20-51 དེའི་སྟེང་ནས་"
1255194,1258576,3382,"འོད་གསལ་འཕོ་བ་ཆེན་པོའི་སྐུར་ཚུར་བཞེངས་དགོངས་ན་འདྲ།"
1258576,1262148,3572,"སྐུ་མ་བཞེངས་ནས་ནང་དུ་ཕར་བསྡུ་བཞག་ནའང་རང་ལ་རང་དབང་ཡོད་རེད་"
1262148,1266382,4234,"དགོངས་པ་གང་ཡོད་པ་དེ་ལྟར་ཆོག་གི་རེད་ དེ་ནས་འཇུག་པ་ལ་དབང་ཐོབ་ཟེར་བ་དེ་རེད།"
1266382,1274674,8292,"འཇུག་པ་ལ་དབང་ཐོབ་དུས་གདོད་མའི་གཞི་དབྱིངས་ཆེན་པོ་རུ་ཟག་བཅས་ཀྱི་ཕུང་པོ་དེ་ཐམས་ཅད་ཕར་ཐིམས། ནང་གསལ་ཐིམ་ལ་མ་རྨུགས་པར། སྐུ་དང་ཡེ་ཤེས་འདུ་འབྲལ་མེད་པ་ 21-14"
1274674,1278843,4169,"རྗེ་བཙུན་སེངྒེ་དབང་ཕྱུགས་ལྟ་བུ་རེད་འགྲོ་དུས་"
1278843,1282156,3313,"སྐུ་དང་ཡེ་ཤེས་འདུ་འབྲལ་མེད་པའི་དགོངས་པ་མངོན་དུ་གྱུར་བ་ཡིན་ཟེར། །"
1285261,1288535,3274,"མི་འགུལ་གསུམ་གྱི་གཞི་བཅའ་ཞིང་། །སྡོད་པ་གསུམ་གྱིས་ཚད་བཟུང་སྟེ། །"
1288535,1292649,4114,"ཐོབ་པ་གསུམ་གྱིས་གཟེར་གདབ་པར། །གདིང་བཞིའི་གྲོལ་ཚད་བསྟན་པའོ། །"
1292649,1298625,5976,"གསུང་དུས་ད་དེ་ལྟར་སྐྱེ་བ་ལ་དབང་ཐོབ་ན་འདྲ་འཇུག་པ་ལ་དབང་ཐོབ་ན་འདྲ་"
1298625,1302088,3463,"སྣང་བ་བཞི་པོ་དེ་རྫོགས་པ་ཆེན་པོའི་ལམ་གྱི་དངོས་གཞི་རེད།"
1315075,1318157,3082,"མི་འགུལ་བ་གསུམ་གྱི་གཞི་བཅའ། སྡོད་པ་གསུམ་གྱིས་ཚད་བཟུང་།"
1318157,1322474,4317,"ཐོབ་པ་གསུམ་གྱིས་གཟེར་གདབ། གདིང་བཞིའི་གྲོལ་ཚད་བསྟན་དུས་སྣང་བ་བཞི་པོ་དེ་"
1322474,1327182,4708,"ཚད་དུ་ཕྱིན་པ་ཅིག་བྱེད་ན་དང་པོ་མི་འགུལ་བ་གསུམ་གྱིས་གཞི་བཅའ་ཟེར་ན།"
1331003,1334225,3222,"རྩ་རླུང་དལ་ཞིང་སྣང་བ་འཕེལ། །དབྱིངས་རིག་ཟུང་དུ་ཆུད་པར་འགྱུར།"
1334225,1337893,3668,"ཞེས་གསུང་པ་ལྟར་ལས་དང་པོ་པའི་གང་ཟག་ཐོད་རྒལ་སྒོམ་པའི་སྐབས་ཡིན་ན་"
1337893,1341717,3824,"ལུས་འདི་བཞུགས་སྟངས་གསུམ་བྱེད། མིག་འདི་གཟིགས་སྟངས་གསུམ་གྱི་ངང་ནས་"
1341717,1347038,5321,"སེམས་བཟོ་མེད་མི་གཡོ་བར་བྱ། བྱ་བ་དགུ་ཕྲུགས་སུ་བཏང་ན་ཅི་ཕན་གྱི་རེད་ཟེར་ན་"
1347038,1353401,6363,"ལུས་ཀྱི་རྩ་དང་ལས་ཀྱི་རླུང་ཐམས་ཅད་ཀྱི་སྒོ་དེ་བཀག ཡེ་ཤེས་ཀྱི་རྩ་དང་ཡེ་ཤེས་ཀྱི་སྒོ་དེ་ཕྱེ་འོང་དུས་"
1353401,1359006,5605,"དེ་ནས་ བྱ་བ་གང་ཡང་མེད་པ་གུ་ཡངས་ལྷོད་པོ་ལྟ་བུའི་སྒོ་ནས་དལ་བར་བྱས་ན་"
1359006,1360357,1351,"དབྱིངས་རིག་ཟུང་དུ་ཆུད་པ་མ་ཚད་པ་ཉམས་སྣང་བ་བཞི་པོ་དེ་"
1360357,1363941,3584,"གོང་ནས་གོང་དུ་འཕེལ་ཏེ་དབྱིངས་རིག་ཟུང་འཇུག་གི་དགོངས་པའི་རྩལ་"
1363941,1368879,4938,"མངོན་སུམ་དུ་རྫོགས་འོང་རྒྱུ་རེད་དུས་དེའི་ཕྱིར་ན་མི་འགུལ་བ་གསུམ་གྱི་གཞི་བཅའ་བ་ཟེར་མཁན་དེ་ཡིན།"
1377810,1381001,3191,"འདར་འཕྲིག་མེད་པར་སྡོད་པ་ཡིས། །འཁྲུལ་སྣང་འཁྲུལ་རྟོག་ཀུན་ཟད་ཅིང་། །"
1381001,1382408,1407,"ཞིང་ཁམས་ཚད་ལ་ཕེབས་པར་འགྱུར།"
1382408,1387528,5120,"ཟེར་ན་ ཉམས་གོང་འཕེལ་གྱི་དུས་ཚོད་ལ་ལུས་བྱ་བ་ལ་མི་གནས་པ་"
1387528,1393514,5986,"ལུས་ཀྱི་བྱ་བ་དགུ་ཕྲུགས་སུ་བཏངས་ རྩ་དང་རླུང་ཐམས་ཅད་རྩ་དེའི་ནང་ལ་"
1393514,1397733,4219,"རླུང་དེ་གཡོ་འོང་དུས་སེམས་ཀྱི་རྩལ་དེ་འགུལ་འཁྲིག་ཅིག་མི་བྱེད་པ་ཐབས་ཡོད་མ་རེད་"
1397733,1400827,3094,"རྩ་ཡི་ནང་དུ་རླུང་དེ་མི་གཡོ་བ་བརྟན་པོ་ཅིག་བསྡམ་ཚར་ན་"
1400827,1405783,4956,"དེ་ནས་སེམས་རང་བཞིན་ 23-23 མ་བཅོས་རྣལ་མ་རང་བཞིན་སྡོད་འགྲོ་རྒྱུ་རེད་"
1405783,1409241,3458,"རྩ་ཁམས་འཕེལ་བ་མེད་པ་ཡིས་ཞེས་ཡེ་ཤེས་ཐོད་རྒལ་གྱི་སྣང་བ་དེ་"
1409241,1414190,4949,"འདར་འཕྲིག་མེད་པ་སྡོད་དུས་གཟུང་འཛིན་འཁྲུལ་བའི་སྣང་བའི་འཁྲུལ་རྟོག་ཐམས་ཅད་ཟད་དེ་"
1414190,1417862,3672,"སྣང་སྤྱོད་ཐམས་ཅད་ཡེ་ཤེས་ཀྱི་རོལ་པར་ཤར་ཏེ་དག་པ་"
1417862,1421574,3712,"རབ་འབྱམས་ 23-37 དཀྱིལ་འཁོར་གྱི་བཀོད་པ་རྫོགས་ནས་ཞིང་ཁམས་ཚད་ལ་ཕེབས་པ་ཡིན་ཟེར།"
1424771,1428833,4062,"ཞེས་གསུང་དུས་དེའི་ཚེ་ན་རིམ་པ་བཞིན་དུ་ཆོས་ཉིད་མངོན་སུམ་གྱི་དུས་སུ་"
1428833,1435270,6437,"ལུས་རུ་སྦལ་མཁར་གཞོང་ནང་བཅུག་པ་ལྟ་བུ་དང་། ངག་བརྗོད་པ་དང་བྲལ་བ་ལྐུག་པའམ་"
1435270,1438241,2971,"པི་ཝཾ་རྒྱུན་ཐག་ཆད་པ་ལྟ་བུ་དང་ སེམས་མཁའ་འགྲོ་སྙི་ལ་ཟིན་པ་ལྟ་བུ་ལ་སོགས་པ་"
1438241,1441679,3438,"དེའི་སྣང་བ་བཞི་པོའི་ལམ་རྟགས་ཡོད་པ་དེ་རིམ་པ་བཞིན་དུ་རྫོགས་དུས་"
1441679,1445122,3443,"དེ་ནས་ སྣང་བ་བཞི་པོ་དེ་མཐར་ཕྱིན་དགོས་རེད་རྟགས་དེ་འབྱུང་བ་ཡིན་ཟེར་"
1445122,1447366,2244,"དེ་ནས་རྟགས་དེ་སྣང་བ་བཞི་པོ་ཡིན་ལ། །"
1447366,1450186,2820,"དེ་ཚེ་བར་ཆད་བདུད་དང་ནི། །འཕེལ་འགྲིབ་ཉམས་དང་མི་འགྱུར་བ། །"
1450186,1457127,6941,"གསང་བའི་རྟགས་ཀྱང་ངེས་པ་ཡིས། །སོ་སོའི་འཇུག་ལྡོག་མ་འཁྲུལ་བྱ།"
1457127,1460707,3580,"གསུང་དུས་ད་དེའི་སྣང་བ་བཞི་པོ་དེ་ལ་ཉམས་ཀྱི་སྣང་བ་དང་"
1460707,1463648,2941,"སྣང་བ་བཞི་པོ་དངོས་གནས་མཐར་ཕྱིན་པ་གཉིས་ཡོད་རེད་དེའི་ཚེ་ན་"
1463648,1467118,3470,"བར་ཆད་བདུད་ཀྱི་རྟགས། འཕེལ་འགྲིབ་ཉམས་ཀྱི་རྟགས། མི་འགྱུར་གསང་བའི་རྟགས།"
1467118,1470149,3031,"གསུམ་ཡོང་གི་རེད་ བར་ཆད་བདུད་ཀྱི་རྟགས་ཡིན་ནས་བཟུང་དུ་"
1470149,1472963,2814,"ནམ་མཁའ་ནས་མཁའ་འགྲོ་མའི་ལུང་བསྟན་འདི་ལྟ་བུ་དང་"
1472963,1475031,2068,"རྫུ་འཕྲུལ་བསྟན་པ་ལྟ་བུ་ཡིན་དུས་ད་སངས་རྒྱས་ཐོབ་སོང་བསམ་ནས་"
1475031,1478508,3477,"དེ་ལ་རློམ་སེམས་ཞུགས་སོང་ན་ས་ལམ་གྱི་བར་ཆད་རེད་འགྲོ་རྒྱུ་རེད།"
1478508,1482977,4469,"འཕེལ་འགྲིབ་ཉམས་ཀྱི་རྟགས་ཟེར་དུས་ལུས་རྩ་ཁམས་དངས་བ་ལྟ་བུ་ཡིན་ན་"
1482977,1487493,4516,"ཆོས་ཉིད་མངོན་སུམ་གྱི་དུས་ཚོད་ནས་ཉམས་གོང་འཕེལ་གྱི་སྣང་བ་གང་ཤར་བསྡད་ན་"
1487493,1493560,6067,"དེ་ལ་རེ་དོག་གི་མ་ལྷད་པར་རིམ་པ་བཞིན་དུ་སྐྱོང་བཞག་ན་ཉམས་འཇའ་ཚོན་དང་འདྲ་བའི་རྟེན་ཡིན། །"
1493560,1495569,2009,"བློ་བྱིས་པ་དང་འདྲ་བའི་སྒོམ་ཆེན་སླུ། །"
1495569,1499516,3947,"ཟེར་ཉམས་ཀྱི་སླུ་མི་ནུས་པ་རེད་སོང་དུས་འཕེལ་འགྲིབ་ཉམས་ཀྱི་སྣང་བ་དེ་རེད་"
1499516,1502917,3401,"དེ་ནས་ མི་འགྱུར་གསང་བའི་རྟགས་ད་ལྟ་ལུས་རུ་སྦལ་མཁར་གཞོང་དུ་བཅུག་པ་"
1502917,1505818,2901,"ལ་སོགས་པ་ལྟ་བུ་དེ་འོང་དུས་དེ་ངོ་མ་དངོས་གནས་དྲང་གནས་"
1505818,1512504,6686,"ལམ་དེ་མཐའ་རུ་ཕྱིན་པའི་རྟགས་རེད་དུས་དེ་ངེས་པ་ཡི་སྒོ་ནས་བར་ཆད་བདུད་ཀྱི་རྟགས་དང་"
1512504,1515032,2528,"འཕེལ་འགྲིབ་ཉམས་ཀྱི་རྟགས་གཉིས་ཀྱི་དབང་དུ་ཤོར་རྒྱུ་མ་རེད་"
1515032,1522957,7925,"འཕེལ་འགྲིབ་ཀྱི་ཉམས་མི་འགྱུར་གསང་བའི་རྟགས་ཀྱི་སྟེང་དུ་སླེབ་ན་"
1522957,1526293,3336,"དེ་ནས་ ལམ་གྱི་སྣང་བ་མཐར་ཕྱིན་པ་རེད་ དེ་ལས་རྒྱུན་སྐྱོང་རྒྱུ་རེད་དུས་"
1526293,1531900,5607,"མ་འཁྲུལ་བ་བྱ་དགོས་པ་ཡིན་ཟེར་ སྤྱིར་རྣལ་འབྱོར་པ་དེ་དག་གི་ཉམས་ལེན་གྱི་རིམ་པ་"
1531900,1540476,8576,"གང་དང་གང་བྱས་ན་ཡང་དེ་ཐམས་ཅད་ཉིན་མཚན་གཉིས་ཀ་ལ་ལམ་ཁྱེར་ཡོད་དགོས་རེད་མ་གཏོགས་པ་"
1540476,1544002,3526,"མཉམས་བཞག་གི་སྐབས་ལ་སྒོམ་སྤྱོད་ཡུལ་དེ་རྗེས་ཐོབ་ཀྱི་སྐབས་ལ་ལམ་ཁྱེར་མེད་ནས་བཟུང་དུ་"
1544002,1547389,3387,"ཐ་མལ་དུ་ཤོར་འགྲོ་གི་རེད་ གང་ཟག་དབང་པོ་ཡང་རབ་ཏུ་གྱུར་པ་ཡིན་ན་"
1547389,1548808,1419,"ཉིན་མཚན་འོད་གསལ་གྱི་ 25-44 འཁོར་ལོ་ཟེར།"
1548808,1553316,4508,"ཆོས་ཉིད་ཅོག་གཞག་གི་ཉམས་ཁྲེག་ཆོད་ཐོད་རྒལ་གཉིས་པོ་སྒོམ་བསྡད་ན་ཆོག་གི་རེད་ཏེ་"
1553316,1559154,5838,"ད་དེ་ལྟ་བུ་གང་ཟག་གཅིག་ཆར་བ་དེ་དཀོན་པོ་ཡིན་དུས་ལམ་རིམ་གྱིས་བྱེད་པ་ལ་དེ་ཡང་།"
1559154,1562468,3314,"གཉིས་པ་ཚད་རྨི་ལམ་གྱིས་བཟུང་བ་ནི། ། གཞན་ཡང་དྲོད་ཚད་ཉིང་འཁྲུལ་ནི། །རབ་ཀྱིས་འོད་གསལ་ཉིད་དུ་འཆར། །"
1562468,1565208,2740,"འབྲིང་གིས་ངོ་ཤེས་སྤྲུལ་བསྒྱུར་ནུས། །ཐ་མས་བག་ཆགས་ངན་པའི་རྒྱུན། །"
1565208,1566762,1554,"ཆད་ཅིང་དགེ་བའི་རྨི་ལམ་འགྱུར། །"
1566762,1572726,5964,"གསུང་དུས་ 26-07 གང་ཟག་དེས་ལམ་སྒོམ་བསྡད་པའི་ཚེ་ན་དྲོད་ཚད་ཟེར་དུས་"
1572726,1579207,6481,"སོས་ཀ་དྲོད་འོང་བའི་ཚེ་ན་ས་གཞི་ཡི་འཁྱག་པ་ཐམས་ཅད་ཞུ་རྩི་ཤིང་ཐམས་ཅད་ཡར་ཁ་འབུར་འོང་གི་རེད་"
1579207,1584263,5056,"དཔེ་དེ་ལྟ་བུ་ད་ལྟ་ལམ་གྱི་རྣལ་འབྱོར་པ་དེའི་ནང་ནས་ལྟ་སྒོམ་གྱི་ཉམས་ཐོན་འོང་ན་"
1584263,1589288,5025,"མཚན་རྨི་ལམ་བཟང་པོ་འོང་རེད་ཉིན་མོ་རྨི་ལམ་དང་ཁྱད་མེད་ན་བར་དོ་ལམ་གྱི་ཆོད་པ་ཡིན་ཟེར་"
1589288,1593359,4071,"ཉིན་མོའི་སྣང་བ་འདི་དག་རྨི་ལམ་གྱི་སྣང་བ་གཉིས་རྩེ་གཅིག་དུ་བསྲེ་ནུས་པ་བྱས་ན་"
1593359,1595901,2542,"བར་དོའི་གནས་སྐབས་དེ་བཞིན་དུ་གྲོལ་ཐུབ་རྒྱུ་རེད་"
1595901,1601263,5362,"དེའི་ཕྱིར་ན་བར་དོར་གྲོལ་བའི་ཁྲིད་དེ་རེད། ཉིང་འཁྲུལ་ཟེར་མཁན་དེ་གང་རེད་ཟེར་ན་"
1601263,1604891,3628,"སྤྱིར་ ངེད་ཏོས་26-38 སྣང་བ་ཚོགས་དྲུག་གི་ཡུལ་དུ་སྣང་བ་འདི་ཐམས་ཅད་འཁྲུལ་བ་རེད་"
1604891,1609536,4645,"གཉིད་ཁུག་འགྲོ་དུས་རྨི་ལམ་གྱི་སྐབས་ལ་འོང་བ་དེ་འཁྲུལ་བ་ལས་ཀྱང་ཡང་འཁྲུལ་རེད་སོང་དུས་"
1609536,1613323,3787,"ཉིང་གི་སྒྲ་འཇུག་ས་དེ་རེད་དུས་ཉིང་འཁྲུལ་ཞེས་དེ་ལྟ་བུའི་ཉིང་འཁྲུལ་"
1613323,1617505,4182,"ལམ་དུ་བྱེད་པའི་གང་ཟག་དེ་ལ་རབ་ཡིན་ན་ཉིན་མཚན་འོད་གསལ་ཉིན་མོ་ཡང་"
1617505,1621675,4170,"ཁྲེགས་ཆོད་ཐོད་རྒལ་གྱི་སྒོམ་པ་དེ་ཉམས་སུ་ལེན་ མཚན་མོ་གཉིད་ཁུག་དུས་"
1621675,1625914,4239,"ཁྲེགས་ཆོད་ཐོད་རྒལ་སྒོམ་པ་དེའི་སྟེང་དུ་མཉམ་པར་བཞག་བསྡད་ན་"
1625914,1631214,5300,"དེ་ནས་ད་ལྟ་གཉིད་ཁུག་འགྲོ་དུས་སྐབས་ཡིན་ནའང་ཐོ་རེང་གི་སྐབས་ལ་"
1631214,1634328,3114,"ཚོགས་དྲུག་གི་སྣང་བ་ཚུར་བསྡུ་ཏེ་ 27-10 ༼དབང་ཆེན་ཐོ་ཚུག་ ༽ཤར་རྒྱུ་རེད་དུས་"
1634328,1638047,3719,"དེའི་ཤར་བ་དེ་ཉིད་ལ་ཐིམ་པའི་འོད་གསལ་དང་སྲབ་པའི་འོད་གསལ་ཟེར་"
1638047,1641097,3050,"འོད་གསལ་གྱི་སྣང་བ་ཤར་གཉིད་ལམ་ཐ་མལ་གྱི་རང་བཞིན་"
1641097,1645308,4211,"འཁྲུལ་བ་མེད་པ་དེ་ལྟར་དུ་འོང་རྒྱུ་རེད་དེ་ནས་གང་ཟག་འབྲིང་གཅིག་ཡིན་ན་"
1645308,1655299,9991,"དེ་ལྟ་བུ་འོད་གསལ་གྱི་སྣང་བ་མ་ཤར་ནས་ལམ་དུ་བྱེད་མ་ཐུབ་ན་གང་ཟག་འབྲིང་ཅིག་ཡིན་ན་རང་གི་སྙིང་པདྨ་འདབས་མ་བཞི་པ་ཞིག་བསྒོམས་ཏེ་དེའི་ནང་དུ་ཡིག་གེ་ཨ་དཀར་པོ་ཞིག་སྒོམས་"
1655299,1661300,6001,"ཨ་ཡི་འོད་ཀྱི་སྣོད་བཅུད་རི་གླིང་ཐམས་ཅད་འོད་གསལ་གྱི་སྣང་བས་ཁྱབ་ཡོད་བསམས་ཏེ་"
1671971,1676052,4081,"རྨི་ལམ་ངོ་ཤེས་དུས་རྨི་ལམ་གྱི་སྐབས་ལ་ དཔེར་ན་འཇིགས་སྐྲག་གི་སྣང་བ་བྱུང་ན་"
1676052,1680940,4888,"རྨི་ལམ་འཁྲུལ་བ་ལ་སྙིང་པོ་གང་ཡང་མེད་སོང་དུས་ཐུགས་ཀྱི་བཞེད་པ་ལྟ་བུ་དང་"
1680940,1684208,3268,"རྨི་ལམ་ངན་པ་དམག་མིས་བསད་ལེ་རྡུང་ལེ་ལྟ་བུ་མཐོང་ན་"
1684208,1688370,4162,"དེ་ཡེ་ཤེས་ལྷ་ཡི་སྐུ་རུ་བསྒོམས་ཏེ་ལྷག་པའི་ལྷ་རུ་ 28-04 བསྒྱུར་བཞག་པ་ལྟ་བུའི་"
1688370,1692185,3815,"རྨི་ལམ་ངན་པ་བཟང་པོ་ལ་བསྒྱུར་ བཟང་པོ་ངན་པ་ལ་བསྒྱུར་བ་ལྟ་བུ་དང་"
1692185,1696550,4365,"རྨི་ལམ་གཅིག་ནས་རྨི་ལམ་མང་པོ་སྤྲུལ་ནུས་པ་ལྟ་བུ་སྤྲུལ་བསྒྱུར་ནུས་པ་གྱུར་བ་ཡིན་གསུང་"
1696550,1700255,3705,"དེ་ནས་གང་ཟག་ཐ་མ་ཅན་ཅིག་ཡིན་ན་བག་ཆག་ངན་པའི་རྨི་ལམ་གྱིས་"
1700255,1703802,3547,"འཇིག་རྟེན་ཚེ་འདིའི་ཞིང་སོ་ནམ་དགྲ་འདུལ་གཉེན་སྐྱོང་ལྟ་བུའི་རྨི་ལམ་"
1703802,1707939,4137,"ཕ་མ་གཉེན་གྲོགས་འགྲོག་པ་ལྟ་བུ་མེད་པ་དགེ་བའི་གཤེས་གཉེན་མཇལ་བ་དང་"
1707939,1711972,4033,"དག་པའི་ཞིང་ཁམས་ལ་འགྲོ་བ་ བླ་མ་ལས་ཆོས་ཐོས་པ་ལ་སོགས་པ་དེ་རེད་དུས་"
1711972,1715170,3198,"ངན་པ་དེའི་རྒྱུན་ཆད་ཅིང་དགེ་བའི་རྨི་ལམ་ཉིད་དུ་འགྱུར་བ་ཡིན་ཟེར་"
1720829,1723752,2923,"རྐྱེན་སྣང་ཞིང་ཁམས་ཉིད་དུ་འཆར། །གདོས་བཅས་ཕུང་པོ་འོད་དུ་གསལ།"
1723752,1728979,5227,"ཞེས་བྱ་བ་དེ་རེད་དུས་ དེའི་ཕྱིར་ན་སྣང་བ་བཞི་པོ་མཐར་ཕྱིན་ནས་"
1728979,1732194,3215,"ཕྱི་ནང་སྣོད་བཅུད་ཀྱི་འཇིག་རྟེན་ཐམས་ཅད་དག་པའི་ཞིང་ཁམས་ལ་ 28-49 ཤར་དུས་"
1732194,1738124,5930,"ཚོགས་དྲུག་གི་ཡུལ་དང་རང་སེམས་ཐ་མལ་གྱིས་བསྡུས་རླུང་སེམས་གཡོ་བ་ཐམས་ཅད་ལ་"
1738124,1745206,7082,"རང་དབང་ཐོབ་ཏེ་གཡོ་མི་ནུས་པར་གྱུར་དུས་ཕྱི་རྐྱེན་སྣང་ཐམས་ཅད་ལྷ་ཡི་སྐུ་རུ་ཤར་ཚར་དུས་"
1745206,1749547,4341,"དེ་ལས་ཆགས་ལྡང་གི་ཡུལ་དུ་མི་འགྲོ སྒྲ་གྲག་ཐམས་ཅད་སྔགས་ཀྱི་རང་བཞིན་དུ་ཤར་ཚར་དུས་"
1749547,1751813,2266,"བཟླས་བརྗོད་ཆེད་དུ་མི་དགོས་པ་རང་བཞིན་དུ་འགྲུབ།"
1751813,1755696,3883,"སེམས་ཀྱི་འཁྲུལ་རྟོག་ཐམས་ཅད་རང་ཤར་རང་གྲོལ་སྦྲུལ་གྱི་མདུད་པ་གྲོལ་བ་བཞིན་དུ་"
1755696,1758813,3117,"གྲོལ་འགྲོ་དུས་དེ་ནས་གདོས་བཅས་ཀྱི་ཕུང་པོ་འདི་འོད་ཀྱི་རང་བཞིན་དུ་"
1758813,1764121,5308,"གསལ་མི་འགྲོ་བའི་ཐབས་ཡོད་རྒྱུ་མ་རེད་ དེ་ལྟ་བུ་སྒོ་གསུམ་ཡེ་ཤེས་ཀྱི་ཀློང་དུ་གྲོལ་སོང་ན་"
1764121,1772954,8833,"མཚམ་མེད་ལྔ་དང་ལྡན་པའི་རྣམ་ཤེས་ཉིད་ཀྱང་གྲོལ་བར་འགྱུར་ཟེར་དུས་ མཚམ་མེད་པ་ལྔ་བྱས་པའི་གང་ཟག་གཅིག་ཆོས་ཉིད་ཀྱི་ལྟ་བ་མངོན་དུ་གྱུར་བའི་རྣལ་འབྱོར་པ་གཅིག་གི་མཐོང་འོང་ན་"
1772954,1777296,4342,"དེས་མཚམ་མེད་ལྔ་བྱས་པའི་མི་ཞིག་ཤི་འགྲོ་གི་ཡོད་ན་དེ་གཞི་ཆོས་ཉིད་ཀྱི་སྟེང་དུ་ཕྱིན་པ་དང་"
1777296,1786873,9577,"རྣལ་འབྱོར་པ་དེས་རིག་པ་གཏད་འོང་ན་རྣལ་འབྱོར་དེའི་དགོངས་པའི་སྟོབས་ཀྱིས་བར་དོ་དེ་ཉིད་དུ་གྲོལ་བ་མ་གཏོགས་དམྱལ་བ་ལ་འགྲོ་གི་མ་རེད། དེ་མི་འགྲོ་བའི་ནུས་པ་ཇི་ལྟ་བུ་ཡིན་ཞེ་ན་"
1786873,1791909,5036,"སྒོ་གསུམ་ཡེ་ཤེས་ཀྱི་ཀློང་དུ་གྱུར་སོང་བའི་སྟོབས་རེད་དེ་ལྟར་འགྱུར་བ་དེས་ དབང་པོ་རབ་ཚེ་འདིར་གྲོལ་བའི་གདམ་པ་དེ་བསྟན་ཟིན་པ་རེད་"
1791909,1795425,3516,"དེ་ནས་དེའི་གྲོག་སུ་གྱུར་བ་དེ་ལ་ཅི་དགོས་ཟེར་ན། བཞི་པ་གདེང་བཞིས་གྲོལ་ཚད་ནི། །"
1795425,1798377,2952,"བཞི་པ་འཁོར་བའི་སྡུག་བསྔལ་དང། །རྒྱུ་འབྲས་རྣམ་སྨིན་གདོད་ནས་དག །"
1798377,1801152,2775,"མྱ་ངན་འདས་པའི་གོ་འཕང་དང། །བྲལ་བའི་འབྲས་བུ་བཙལ་དུ་མེད།"
1801152,1804768,3616,"ཟེར་ དེ་ལྟ་བུའི་ཆོས་ཉིད་ཀྱི་དགོང་པ་དེ་མངོན་དུ་གྱུར་སོང་ན་"
1804768,1809100,4332,"ཁམ་གསུམ་འཁོར་བ་ཟེར་སེམས་ཀྱི་རྩལ་སྣང་ཙམ་རེད་མ་གཏོག་འཁོར་བ་ཟེར་གཞག་རྒྱུ་"
1809100,1813049,3949,"སྐྲག་གཞག་ས་འཇིགས་གཞག་ས་ 30-09 གང་ཡང་ཡོད་རྒྱུ་མ་རེད་དུས་"
1813049,1815849,2800,"དེའི་ཕྱིར་ན་ཁམ་གསུམ་འཁོར་བ་འཁྲུལ་སྣང་དེ་སྐུ་དང་ཡེ་ཤེས་སུ་ཤར་ཚར་ན་"
1815849,1818180,2331,"འཁོར་བའི་སྡུག་བསྔལ་གྱིས་དམྱལ་བ་ལ་ལྷུང་གི་མ་རེད་"
1818180,1824261,6081,"ལས་རྒྱུ་འབྲས་ཅི་སྤྱད་སྣང་སྤྱོད་ཐམས་ཅད་དགེ་བ་མ་གཏོགས་སྡིག་པ་གཏན་ནས་མེད་པའི་ཕྱིར་ན་"
1824261,1826920,2659,"སྡིག་པའི་རྣམ་སྨིན་གྱི་འབྲས་བུ་གདོད་ནས་དག་"
1826920,1831502,4582,"དེ་ནས་ མྱ་ངན་ལས་འདས་པའི་སྐུ་དང་ཡེ་ཤེས་ཀྱི་སྣང་བ་ལ་ལོང་སྤྱོད་པའི་གོ་འཕང་ཉིད་དུ་བྱེད། །"
1831502,1834703,3201,"ལུས་དང་གང་ཟག་ལྷ་མི་ཡང་། །དགོང་པ་དམ་པ་སངས་རྒྱས་དངོས། །"
1834703,1839666,4963,"ཟེར་བྲལ་བའི་འབྲས་བུ་མངོན་དུ་བྱས་དུས་དེའི་འབྲས་བུའི་དེའང་ལོག་སུ་བཙལ་དགོས་མ་རེད་པ་"
1839666,1841906,2240,"རང་གི་རིག་པ་མངོན་དུ་གྱུར་བ་དེ་ཡིན་ཟེར། དྲུག་པ་མི་སློབ་པའི་མཐར་འབྲས་དངོས་ནི། །"
1841906,1845019,3113,"དེ་ཕྱིར་ཞི་དང་སྲིད་པ་ཡི། །རེ་དོག་རྫུན་ཕུག་རང་སར་ཡལ། །"
1845019,1848295,3276,"ཐར་པ་ཆེན་པོའི་གྲོང་ཁྱེར་དུ། །ཡང་དག་མངོན་པར་རྫོགས་སངས་རྒྱས།"
1848295,1851926,3631,"ཅེས་གསུང་། རྒྱུ་མཚན་དེའི་ཕྱིར་ན་ད་ལྟ་མྱ་ངན་ལས་འདས་པ་ཐོབ་བྱ་"
1851926,1855992,4066,"སྐུ་དང་ཡེ་ཤེས་ཞི་བ་མྱ་ངན་ལས་འདས་པ་དང་ སྤང་བྱ་ལས་དང་ཉོན་མོང་པ་"
1855992,1860301,4309,"སྲིད་པ་ཁམ་གསུམ་འཁོར་བར་འཆིང་ཟེར་མཁན་འདི་སེམས་དེ་གཟུང་འཛིན་འཁྲུལ་པའི་དབང་གི་རེད། 30-55"
1860301,1867337,7036,"སྐུ་དང་ཡེ་ཤེས་ལ་རང་དབང་ཐོབ་དུས་མྱ་ངན་ལས་འདས་པ་ཨི་ཐོབ་བསམ་རྒྱུའི་རེ་བ། ཁམས་གསུམ་འཁོར་བ་འཁྱམས་འོང་བསམ་རྒྱུའི་དོག་པ་ཡོད་རྒྱུ་མ་རེད་དུས་གདེང་བཞི་ཡི་གྲོལ་ཚད་ཡལ་ཚར་ནས་གཟུང་"
1867337,1870174,2837,"ཁམ་གསུམ་འཁོར་བ་འཁྱམས་རྒྱུའི་དོག་པ་དགོས་ལེ་མ་རེད་"
1870174,1875603,5429,"མྱ་ངན་ལས་འདས་པ་ཨི་ཐོབ་བསམ་པའི་རེ་བ་སེམས་ཀྱི་འཁྲུལ་བའི་རྫུན་ཕུག་ཐམས་ཅད་ཡོང་སུ་གྲོ་ཏེ་"
1875603,1878988,3385,"ཐར་པ་ཆེན་པོའི་གྲོང་ཁྱེར་དུ་སྐུ་བཞི་ཡེ་ཤེས་ལྔ་ཡི་བཙན་ས་ཟིན་པའི་"
1878988,1881892,2904,"ཡང་དག་པ་མངོན་པར་རྫོགས་པར་སངས་རྒྱ་བ་འགྱུར་བ་ཡིན་ཟེར།"
1881892,1884852,2960,"བདུན་པ་ལམ་ཟབ་པར་གདམས་པས་མཇུག་བསདུ་བ་ནི། ། མདོར་ན་སྲས་དང་བཅས་པ་ཡི། །རྒྱལ་བ་ཀུན་གྱི་ཡེ་ཤེས་མཆོག །"
1884852,1887681,2829,"འོད་གསལ་ཐིག་ལེ་ཆེན་པོའི་དབྱིངས། །རང་གྲོལ་བཙན་ས་ཟིན་པའོ། 31-25"
1887681,1890475,2794,"ཞེས་གསུང་། མདོར་ན་སྲས་དང་བཅས་པའི་རྒྱལ་བ་མ་ལུས་པ་ཐམས་ཅད་ །"
1890475,1894882,4407,"ཟབ་ཞི་སྤྲོས་བྲལ་འོད་གསལ་འདུས་མ་བྱས། །བདུད་རྩི་ལྟ་བུ་ཆོས་ཞིག་བདག་གིས་རྙེད།"
1894882,1899824,4942,"གསུང་རྒྱུ་དེའི་ཡེ་ཤེས་མཆོག་དུ་གྱུར་པ་དེ་ཉམས་མྱོང་གི་སྒོ་ནས་རྙེད་ཟིན་པ་ཙམ་དུ་མ་ཟད་"
1899824,1902609,2785,"བརྟན་པ་ཐོབ་པ་རེད་ཚར་དུས་ཆོས་སྐུ་ནང་གསལ་གྱི་ཡེ་ཤེས་ 31-40"
1902609,1905936,3327,"ཆོས་དབྱིང་སྒྲོ་འདོགས་སོ་གཉིས་དང་བྲལ་བའི་ཐིག་ལེ་ཆེན་པོའི་དབྱིངས་སུ་"
1905936,1911732,5796,"རང་ཤུག་གིས་གྲོལ་ཏེ་བཙན་ས་ཟིན་ནས་སྐུ་བཞི་གོ་འཕང་མངོན་སུམ་དུ་ཐོབ་པར་འགྱུར་བ་ཡིན་ཟེར། །"
1911732,1914023,2291,"རྡོ་རྗེའི་ཐོལ་གླུ་ཡེ་ཤེས་གྲུབ་པ་ལས། །"
1914023,1916782,2759,"དངོས་གཞིའི་ལམ་གྱི་རིམ་པའི་ཚོམས་ཏེ་གཉིས་པའོ། ཟེར་དུས་"
1916782,1921025,4243,"ད་རྫོགས་པ་ཆེན་པོ་རྡོ་རྗེ་ཐོལ་གླུ་ཚུར་བཞིན་དུ་ཉམས་སུ་བླང་ན་"
1921025,1924013,2988,"སངས་རྒྱས་འཕགས་པའི་ཡེ་ཤེས་མངོན་སུམ་དུ་གྲུབ་པར་བྱས་པ་འདི་ལ་"
1924013,1928143,4130,"ས་བཅད་གྱི་རིམ་པ་རྣམས་པ་གསུམ་དུ་ཡོད་པ་ནང་ལས། དབང་པོ་རབ་ཚེ་འདིར་སངས་རྒྱས།"
1928143,1933154,5011,"དངོས་གཞི་ལམ་གྱི་རིམ་པ་གསུམ་ཏེ་ ལེའུ་གཉིས་པས་རྫོགས་པར་གྱུར་བ་ཡིན།"
1933154,1940235,7081,"སྤྱིར་གཞུང་འདི་དབང་པོ་རབ་འབྲིང་ཐ་གསུམ་ལ་དགོངས་ཏེ་ 32-15"
1940235,1944385,4150,"དབང་པོ་རབ་ཚེ་འདིར་གྲོལ་བའི་གདམས་པ། འབྲིང་བར་དོ་གྲོལ་བའི་གདམས་པ།"
1944385,1948661,4276,"ཐ་མ་རང་བཞིན་སྤྲུལ་སྐུའི་ཞིང་དུ་གྲོལ་བའི་གདམ་ངག་རྣམ་པ་གསུམ་དུ་ 32-25 བསྟན་པར་གྱུར་བ་"
1948661,1952684,4023,"དེའི་ནང་ནས་ དབང་པོ་རབ་ཚེ་འདིར་གྲོལ་བའི་གདམས་པ་དེ་ཡན་བསྟན་ཟིན་ནས།། ༈"
1959352,1962575,3223,"སླར་ཡང་འབྲིང་དང་རྟུལ་པོའང་། །དབུག་འབྱིན་བགྱི་སླད་ཚུལ་འདི་གདམས།"
1962575,1965482,2907,"ཞེས་གསུང་པ་སྟེ་དེ་ནས་གང་ཟག་ 32-40 དེ་ལྟ་བུའི་དབང་པོ་རྣོན་པོ་"
1994705,1999110,4405,"ཚེ་འདིའི་སྟེང་དུ་སངས་མ་རྒྱས་ནའང་བར་དོའི་གནས་སྐབས་ལ་"
1999110,2003277,4167,"སངས་རྒྱ་བར་འགྱུར་བ་དབང་པོ་འབྲིང་གི་གདམ་པ་ནི་ དབང་པོ་ཤིན་ཏུ་རྟུལ་པོ་ཡིན་ན་"
2003277,2005759,2482,"རང་བཞིན་སྤྲུལ་སྐུའི་ 33-21 ཞིང་དུ་དབུག་དབྱུངས་བའི་སླད་དུ་"
2005759,2010273,4514,"དབང་པོ་འབྲིང་དང་རྟུལ་པོ་གཉིས་ཀྱི་ལམ་ཚུལ་འདི་གདམས་པ་ཡིན་ཟེར་"
2010273,2015172,4899,"ད་དེའི་ནང་ནས་ དང་པོ་དབང་པོ་འབྲིང་བར་དོ་གྲོལ་བའི་གདམ་ངག་འཆད་པར་འགྱུར་བ་དེ་ལའང་"
2015172,2018331,3159,"སྤྱིར་བར་དོ་ལ་ནང་གསེས་ཀྱི་དབྱེ་བ་དུ་མ་ཡོད་ནའང་"
2018331,2021004,2673,"རྫོགས་ཆེན་རང་གི་ཆོས་སྐད་ཀྱི་དབང་དུ་བྱས་ན་"
2021004,2024646,3642,"རང་བཞིན་བར་དོ་ འཆི་ཁ་བར་དོ་ ཆོས་ཉིད་བར་དོ་ སྲིད་པ་བར་དོ་སྟེ་"
2024646,2031932,7286,"བར་དོ་རྣམ་པ་བཞི་རུ་ཡོད་པ་དེའི་རང་བཞིན་ལམ་དུ་བྱེད་པའི་གདམ་ངག་སྟོན་པ་དེ་ལ།"
2034912,2038480,3568,"ལྷག་པར་ཐེག་མཆོག་སྙིང་པོའི་ལམ། །ཚུལ་བཞིན་སྟོན་ནུས་བཤེས་གཉེན་བསྟེན། །"
2038480,2042438,3958,"དེ་ནས་ནམ་ཞིག་ཚེ་འདི་ཡི། །འཕེན་པ་རྫོགས་པར་བརྩམ་པ་ན། །"
2042438,2045466,3028,"འཆི་ཁའི་བར་དོ་ཞེས་བྱ་སྟེ། །དུས་དེར་ཆགས་ཞེན་འཁྲི་བ་བཅད།"
2045466,2053422,7956,"ཞེས་པ་ལ་སོགས་པའི་སྒོ་ནས་བསྟན་ཏེ་ སྤྱིར་རིག་དྲུག་གི་སེམས་ཅན་མ་ལུས་པ་ཐམས་ཅད་"
2074543,2079313,4770,"ད་ལྟ་བདག་ཅག་རྣམས་ཐམས་ཅད་མི་ཡི་ལུས་ཐོབས་པ་འདིའི་སྟེང་འཆི་བས་གཏུག་འོང་ན་"
2079313,2083262,3949,"གང་ན་འགྲོ་ངེས་པ་ཡོད་རྒྱུ་མ་རེད་དུས་སྐྱེ་བ་སྔ་ཕྱི་གཉིས་ཀའི་བར་ལམ་རེད་"
2083274,2087147,3873,"ཡིན་ནའང་ད་ལྟ་གདོས་བཅས་ཤ་ཁྲག་གི་ལུས་འདི་ལ་རྟེན་ཡོད་པའི་དབང་གི་"
2087147,2093190,6043,"རང་ལ་རང་དབང་ཅུང་ཟད་ཙམ་ཡོད་པའི་སྐབས་སུ་གང་དགོས་རེད་ཟེར་ན་ །"
2093190,2096068,2878,"ཚུལ་གནས་ཐོས་དང་བསམ་ལྡན་པས། །སྒོམ་པ་ལ་ནི་རབ་ཏུ་སྦྱོར། །"
2096068,2099232,3164,"གསུང་པ་ལྟར་དུ་ ད་ལྟ་སངས་རྒྱས་ཀྱི་བསྟན་པ་དང་འཕྲད་"
2099232,2104796,5564,"མཚན་ལྡན་གྱི་བླ་མས་རྗེས་སུ་བཟུང་ཟབ་མོའི་གདམས་ངག་ཚུལ་བཞིན་དུ་ཐོབ་པར་གྱུར་བའི་དུས་འདིར་ །"
2104796,2109603,4807,"ལེགས་ན་ཐར་པའི་གྲུ་གཟིངས་ལུས་འདི་ཡིན། །ཉེས་ན་འཁོར་བའི་གཏིང་རྡོ་ལུས་འདི་ཡིན། །"
2109603,2111404,1801,"དགེ་སྡིག་ཀུན་གྱི་གཡོག་པོ་ལུས་འདི་ཡིན།"
2141107,2144886,3779,"སྐྱེ་གནས་བར་དོ་ཞེས་པ་འདིར་ཉམས་སུ་ལེན་པར་གྱུར་བ་དེ་ལ་"
2144886,2149624,4738,"སྤྱིར་དུ་དམ་པའི་ཆོས་གང་ཞིག་ཉམས་སུ་བླང་ནའང་ །ཚུལ་གནས་ཐོས་དང་བསམ་ལྡན་པས། །"
2149624,2153848,4224,"སྒོམ་པ་ལ་ནི་རབ་ཏུ་སྦྱོར། གསུང་རྒྱུ་དེ་རེད་ དང་པོ་རང་གི་ཆོས་ཐོས་པ་དེ་"
2153848,2159976,6128,"མཚན་ལྡན་གྱི་བླ་མའི་ཞལ་ནས་སྒྲོ་འདོགས་ཡག་པོ་བཅད་ཏེ་ཉམས་སུ་ལེན་ཆོག་ཆོག་གཅིག་མ་བྱས་ན་"
2159976,2163297,3321,"རང་དགར་དང་ཕོ་ཚོད་ཀྱི་སངས་རྒྱས་ཐོབ་པ་གཅིག་ཀྱང་ཡོད་རྒྱུ་མ་རེད་"
2163297,2167656,4359,"བསྐལ་བ་སྟོང་གི་སངས་རྒྱས་གང། བླ་མ་དག་ལ་བསྟེན་ཏེ་འབྱུང། གསུང་པ་དེ་རེད་"
2167656,2174082,6426,"དེས་ན་ བླ་མ་ཚུལ་བཞིན་དུ་བསྟེན་ཏེ་བླ་མའི་གདམ་ངག་དེ་ཚུལ་བཞིན་དུ་རང་གི་ཉམས་སུ་ལེན་"
2174082,2177855,3773,"བླ་མས་ཅི་གསུང་གི་བཀའ་སྒྲུབ་ན་ བར་དོ་ཆོད་འགྲོ་རྒྱུ་རེད་དུས་"
2177855,2180189,2334,"དེས་ན་ བླ་མས་ཅི་གསུང་ 36-14 བཀའ་སྒྲུབ་པའི་ཕྱིར་དུ་"
2180189,2186365,6176,"སྤྱིར་སྔོན་འགྲོ་ དངོས་གཞི་ལམ་ཐམས་ཅད་ལ་དང་པོ་དགེ་བའི་གཤེས་གཉེན་གྱི་ཞལ་སྔ་ནས་"
2186365,2190775,4410,"ཆོས་མ་ཐོས་པ་ཐོས་པར་བྱེད་ ཐོས་པ་དེ་ཚིག་ཙམ་དུ་མི་གཞག་པར་རང་གི་"
2190775,2195217,4442,"ཡང་ནས་ཡང་དུ་སྒྲོ་འདོགས་བཅད་ཏེ་ལམ་གྱི་གེགས་གང་ཡིན་ གོལ་ས་གང་རེད་"
2195217,2201142,5925,"ལམ་ཟེར་མཁན་དེ་ལའང་ལམ་ལོག་ལམ་གོལ་ལམ་ཡང་དག་པ་རྣམས་པ་གསུམ་ཡོད་རྒྱུ་རེད་"
2201142,2206170,5028,"དེས་ན་ ལམ་ལོག་ཟེར་བ་གང་རེད་ཟེར་ན་ ཕྱི་རོལ་མུ་སྟེགས་པའི་ལམ་རྟག་ཆད་ལྟ་བུའི་ལམ་ལ་ཞུགས་སོང་ན་"
2206170,2211092,4922,"དེ་ལམ་ལོག་པ་རེད་དུས་ དེ་ཐར་པ་དང་ཐམས་ཅད་མཁྱེན་པའི་གོ་འཕངས་ཐོབ་མི་དགོས་"
2211092,2215218,4126,"མཐོ་རིས་ཙམ་ཡང་ཐོབ་དཀའ་རྒྱུ་རེད་ ལམ་གོལ་ཟེར་མཁན་རང་འདོད་ཡིད་བྱེད་དམན་པ་"
2215218,2219995,4777,"དཔེར་ན་འཇིག་རྟེན་ཚེ་འདིའི་བྱ་བ་ལ་གཡེང་ཏེ་36-54 བློ་སྣ་ཆོས་ལ་བསྒྱུར་མ་ནུས་ན་"
2219995,2225963,5968,"ལམ་གོལ་གསུང་བ་དེ་རེད་ ཉན་རང་ལྟ་བུའི་རང་གཅིག་པུ་གི་དོན་ལ་བསམ་ཏེ་"
2225963,2230355,4392,"ཐེག་པ་ཆེན་པོའི་སྒོ་རུ་མ་ཞུགས་ན་ཐེག་ཆེན་ལ་བལྟས་ན་ལམ་དམན་པ་རེད།"
2230355,2233202,2847,"དེས་མ་ཚད་པ་གསང་སྔགས་རྡོ་རྗེ་ཐེག་པའི་ལམ་ལ་ཞུགས་ནའང་། །"
2233202,2237405,4203,"སྔགས་ལ་ཞུགས་པའི་སྐྱེས་བུ་ངན་སོང་དང། །སངས་རྒྱས་གཉིས་ལས་འགྲོ་ས་གསུམ་པ་མེད།"
2237405,2241116,3711,"ཟེར་མཁན་དེ་རེད་དུས་ བླ་མ་ལས་དབང་ཐོབ་གདམས་ངག་ཐོབ་ཡོད་ན་"
2241116,2244714,3598,"ཚུལ་བཞིན་དུ་ཉམས་སུ་བླང་ན་ གསང་སྔགས་རྡོ་རྗེ་ཐེག་པའི་ཉེ་ལམ་ལ་བརྟེན་ནས་"
2244714,2248053,3339,"ཚེ་གཅིག་ལུས་གཅིག་གི་སྟེང་དུ་སངས་རྒྱས་ཀྱི་རེད་ དེ་མ་ཡིན་པ་"
2248053,2251476,3423,"བླ་མ་ལ་ལོག་པར་ལྟ་བ་དང་གདམས་ངག་ཆུད་ཟོས་སུ་བཏང་བཞག་ན་"
2251476,2253293,1817,"མཁའ་འགྲོ་ཆོས་སྐྱོང་གི་བཀའ་ཆད་ཀྱིས་ཚེ་འདིར་བྱ་བ་ལམ་འགྲོ་མི་ཡོང་བ་"
2253293,2257334,4041,"ཕྱི་མ་ངན་སོང་ངན་འགྲོ་ལ་སོགས་པ་མ་གཏོགས་ 37-32 འགྲོ་ས་ཡོད་རྒྱུ་མ་རེད་དུས་"
2257334,2261422,4088,"དེས་ན་ཡང་དག་པའི་ལམ་དེ་གང་ཡིན། ཡང་དག་པ་མ་ཡིན་པ་དེ་གང་ཡིན་"
2261422,2265125,3703,"མདོ་སྔགས་ཀྱི་ལམ་ཐམས་ཅད་ལ་སྒྲོ་འདོགས་ལེགས་པར་མ་བཅད་ན་མི་ཤེས་པས་དེ་ན་"
2265125,2267610,2485,"ཐོས་པ་མ་རིག་མུན་སེལ་སྒྲོན་མེ་ཡིན། །"
2267610,2271693,4083,"གསུང་རྒྱུ་དེ་རེད་ཐོས་པ་དཔེར་ན་མི་གཅིག་ལ་མིག་མེད་ན་གང་དུ་འགྲོ་དགོས་"
2271693,2277028,5335,"རང་གི་ལམ་བདེ་བ་དེ་ག་ན་ཡིན་མཐུན་རྐྱེན་ཡོད་ས་དེ་ག་ན་ཡིན་ཤེས་ཀྱི་མ་རེད་"
2277028,2281003,3975,"དཔེ་དེ་བཞིན་དུ་ཐོས་པ་གི་སྒོ་ནས་གདམས་ངག་དེ་སྒྲོ་འདོགས་ལེགས་པར་མ་བཅད་ན་"
2281003,2286173,5170,"ཉམས་སུ་ལེན་དགོས་ནའང་ ཐོས་པའི་ནམས་མ་ལང་ན་སྒོམ་པའི་ཉི་མ་མི་ཤར་ཟེར་མཁན་དེ་རེད་དུས། 38-0"
2286173,2292002,5829,"ཁྱད་པར་དུའང་རྫོགས་པ་ཆེན་པོའི་ལམ་སྒོམ་པ་ནི་ཆོས་ཕུང་བརྒྱད་ཁྲི་བཞི་སྟོང་གི་སྙིང་པོ་"
2292002,2296101,4099,"ཟབ་པ་མཐར་ཐུགས་པ་རེད་ ཐེག་པ་དེ་དབང་པོ་རྣོན་པོའི་དབང་དུ་བྱས་པ་རེད་"
2296101,2298884,2783,"འདི་ལ་ཐོས་བསམ་གྱིས་སྒྲོ་འདོགས་ཡག་པོ་ཅིག་མ་བཅད་ན་"
2298884,2303187,4303,"རང་བཞིན་གྱི་སེམས་གནས་པ་ཙམ་གྱིས་སྒོམ་བསྡད་ན་ལམ་གོལ་བ་དང་"
2303187,2307107,3920,"ལོགས་པ་ལ་མང་པོ་འགྲོ་རྒྱུ་རེད་དུས་ ཐོས་དགོས་རེད། ཐོས་པ་དེའི་སྟེང་ནས་"
2307107,2312726,5619,"བསམ་པས་སྒྲོ་འདོགས་བཅད་ཏེ་གདམས་ངག་ཟབ་ཅིང་རྒྱ་ཆེ་བ་དེ་ལ་ཇི་ཙམ་རིག་པས་དཔྱད་"
2312726,2316307,3581,"ཇི་ཙམ་གོ་བ་ལོན་ན་དེ་ཙམ་དུ་གདིང་ཟབ་ཏུ་འགྲོ་གི་རེད།"
2316307,2319085,2778,"སྲེག་བཅད་བརྡར་བའི་གསེར་བཞིན་དུ། ལེགས་པར་བརྟག་ལ་ང་ཡི་བཀའ།"
2319085,2320988,1903,"བླང་བར་བྱ་ཡི་གུས་ཕྱིར་མིན།"
2320988,2324385,3397,"གསུང་རྒྱུ་དེ་རེད་ དཔེར་ན་ གསེར་བཟང་པོ་ཅིག་ཡོད་ན་དེ་ཡང་ནས་ཡང་དུ་"
2324385,2329288,4903,"མེ་ལ་སྲེག་ཐོ་བས་བརྡུང་སྨན་གྱི་ནང་བཙོས་ན་ གསེར་བཟང་དུ་བཟང་དུ་འགྲོ་"
2329288,2333423,4135,"ཁ་དོག་གསལ་རུ་གསལ་རུ་འོང་རྒྱུ་རེད་ དཔེ་དེ་བཞིན་དུ་སངས་རྒྱས་ཀྱིས་གསུང་པའི་ཆོས་འདི་རྣམས་"
2333423,2337723,4300,"ཐོས་བསམ་གྱི་སྦྱང་བ་ག་ཚད་བྱས་ན་དེ་ཙམ་གྱིས་ཆོས་ཟབ་མོ་ཡིན་པ་"
2337723,2344046,6323,"ལམ་དམན་པ་དང་ལོག་པ་གོལ་བ་ག་ན་ཡིན་ལམ་ཡང་དག་པའི་ཐབས་དེ་ག་ན་ཡོད་"
2344046,2346317,2271,"གནད་དེ་ག་ན་ཡོད་ཇི་ལྟར་ཚུལ་བཞིན་དུ་ཤེས་འོང་རྒྱུ་རེད་"
2346317,2349968,3651,"དཔེར་ན་འོ་མ་དེ་ཡང་ནས་ཡང་དུ་དཀྲོགས་བསྡད་ན་མར་འབྱུང་གི་རེད་"
2349968,2352650,2682,"འོ་མ་མ་བསྲུབ་རང་དགར་བཞག་ན་མར་འབྱུང་གི་མ་རེད་དུས།"
2352650,2356838,4188,"དེ་བསམ་དགོས་རེད་དེ་བསམ་པ་ཙམ་གྱི་ཕན་རྒྱུ་མ་རེད་བསམ་བ་དེ་"
2356838,2361868,5030,"རང་གི་རྒྱུད་ཐོག་དུ་ཡོན་ཏན་ཉམས་མྱོང་གི་སྒོ་ནས་གཏན་ལ་མ་ཕབ་ནས་བཟུང་། །"
2361868,2366252,4384,"ཆོས་གོ་ལོ་ཐོས་ལོས་འཁོར་བ་ལས་མི་གྲོལ། །གཟུགས་རབ་བྱུང་ཙམ་གྱི་ཉན་ཐོས་ནི་མ་ཡིན། །"
2366252,2369177,2925,"གསུང་རྒྱུ་དེ་རེད། ཆོས་ཐོས་པ་ཙམ་གྱིས་ཐོས་གྲོལ་རེད་དེ་ཡིན་ནའང་"
2369177,2374395,5218,"ད་ལྟ་རང་གི་རྒྱུད་ལ་ཉོན་མོང་པའི་འཆིང་བ་ལས་གྲོལ་བ་དང་བདག་འཛིན་ཀྱི་གཉེན་པོར་འགྲོ་ཐུབ་ཀྱི་མ་རེད་དུས་"
2374395,2378215,3820,"དེ་སྒོམ་དགོས་རེད་ དེས་ན་ ཐོས་བསམ་སྒོམ་གསུམ་བྱེད་པ་དེ་དག་གི་སྒོ་ནས་"
2378215,2386015,7800,"རིམ་པ་བཞིན་དུ་གྲོལ་དགོས་རེད་དཔེར་ན་གང་ཟག་གཅིག་བློ་བུར་དུ་དེ་རིང་ལྟ་བུ་ཅིག་ལ་"
2386015,2389759,3744,"འཆི་བ་དེ་ཐོག་ལ་བབས་བྱུང་ན་ ངས་བར་དོའི་གདམས་ངག་འདི་འདྲ་བྱེད་སྒོམ་གྱི་ཡིན་"
2389759,2393357,3598,"སྐྱེ་གནས་བར་དོའི་གདམས་ངག་འདི་ཡིན། རང་བཞིན་བར་དོའི་གདམས་ངག་འདི་ཡིན།"
2393357,2396873,3516,"འཆི་ཁ་བར་དོ་དང་ ཆོས་ཉིད་བར་དོ་ལ་གདམ་ངག་འདི་ཡིན།"
2396873,2402734,5861,"སྲིད་པ་བར་དོ་ལ་གདམ་ངག་འདི་ཡིན་བསམ་ནས་ད་ལྟ་ནས་ཚགས་སུ་ཚུད་པ་ཅན་ཅིག་མ་རེད་ནས་བཟུང་།"
2402734,2406328,3594,"རང་བཞིན་གྱི་འཆི་བ་ཟེར་ཐོག་ལ་ཅིག་བབས་དུས་ སེམས་ལ་སྐྲག་སྣང་གཅིག་འཆར།"
2406328,2409637,3309,"འཇིག་རྟེན་ཚེ་འདིའི་བྱ་བ་ལ་ཞེན་ཆགས་ཀྱི་གཡེང་སོང་བ་ཞིག་"
2409637,2413439,3802,"གདམ་ངག་གི་སྒྲོ་འདོགས་གཞི་ནས་བཅད་དགོས་ན་དཀའ་མོ་ཅན་ཅིག་རེད་རྒྱུ་རེད་དུས།"
2413439,2417814,4375,"དེའི་ཕྱིར་ན་འདི་ཡི་སྒྲོ་འདོགས་ལེགས་པར་ཆོད་དགོས་ལྷག་པར་དུ་ཡང་"
2417814,2422808,4994,"ཐེག་པ་རིམ་པ་དགུ་ཡི་རྩེ་མོ་ཐེག་མཆོག་རྫོགས་པ་ཆེན་པོའི་ལམ་དེ་ཉིད་ཚུལ་བཞིན་དུ་"
2422808,2426025,3217,"བསྟན་ནུས་པའི་དགེ་བའི་བཤེས་གཉེན་ཁྱད་པར་ཅན་ཅིག་ལ་མ་བསྟེན་ནས་བཟུང་"
2426025,2430138,4113,"རྫོགས་པ་ཆེན་པོའི་དོན་དེ་ཤིན་ཏུ་ཟབ་ཅིང་རྟོགས་དཀའ་བ་ཅན་རེད་དུས་"
2430138,2433178,3040,"དགེ་བའི་བཤེས་གཉེན་གཅིག་ལ་བསྟེན་དགེ་བའི་བཤེས་གཉེན་གྱི་ཞལ་སྔ་ནས་"
2433178,2438825,5647,"ཐོས་བསམ་གྱི་སྒྲོ་འདོགས་བཅད་ དེ་ནས་ གང་ཟག་རབ་གཅིག་ཡིན་ན་"
2438825,2442110,3285,"འཆི་བའི་གནས་སྐབས་ཡོན་ཏན་འཆི་བ་ཆོས་སྐུ་རུ་ལམ་དུ་བྱས་ཏེ་"
2442110,2448531,6421,"ང་འཆི་བ་བྱུང་ནའང་ཡ་ང་བ་མེད་ཆོས་ཉིད་ཀྱི་ཀློང་དུ་གྲོལ་ས་ཡོད་བསམ་རྒྱུའི་གདེང་ཐོབ་པ་གཅིག་དགོས་རྒྱུ་རེད་"
2448531,2452806,4275,"གང་ཟག་འབྲིང་གཅིག་ཡིན་ན་བར་དོ་རྣམས་པ་བཞི་ཡི་སྣང་བ་འདི་འདྲ་ཤར་རྒྱུ་རེད་"
2452806,2455674,2868,"བར་དོ་བཞིའི་སྣང་བ་དེ་ལམ་ལ་ཁྱེར་དུས་འདི་འདྲ་ཅིག་"
2455674,2458729,3055,"ལམ་དུ་ཁྱེར་མ་ཐུབ་ན་སྐྱོན་འདི་འདྲ་ཅིག་འོང་གི་རེད་"
2458729,2463017,4288,"ལམ་དུ་ཁྱེར་བྱེད་ཀྱི་གདམས་ངག་འདི་འདྲ་ཅིག་སྒོམ་ཡོད་བསམ་རྒྱུས་ཉམས་ལེན་ཅན་ཞིག་བྱས་བསྡད་ན་"
2463017,2467066,4049,"དཔེར་ན་ ཐག་རིང་པོ་གཅིག་ཏུ་དགྲ་དང་རྐུ་མ་མང་པོ་ཡོད་སའི་ས་ལ་འགྲོ་དགོས་ན་"
2467066,2471848,4782,"རོག་པ་ཡག་པོ་གཅིག་ཡོད་ན་ དགྲ་དང་རྐུ་མ་ལ་སྐྲགས་དགོས་རྒྱུ་མ་རེད་དུས་"
2471848,2479995,8147,"དཔེ་དེ་ལྟ་བུ་ཅིག་གིས་གདམས་ངག་ལ་རང་བྱན་ཚུད་པ་བྱེད་དགོས། 41-17 །"
2479995,2485818,5823,"དེ་ཡན་ཆད་དུ་སྐྱེ་གནས་བར་དོ་ཟེར་མཁན་དེ་དང་རང་བཞིན་བར་དོ་ཟེར་མཁན་དེའི་གདམས་ངག་རེད།"
2488544,2491573,3029,"དེ་ནས་ནམ་ཞིག་ཚེ་འདི་ཡི། །འཕེན་པ་རྫོགས་པར་བརྩམ་པ་ན། །"
2491573,2495014,3441,"འཆི་ཁའི་བར་དོ་ཞེས་བྱ་སྟེ། །དུས་དེར་ཆགས་ཞེན་འཁྲི་བ་བཅད།"
2495014,2500370,5356,"གསུང་དུས་ ད་འཆི་བ་ཟེར་མཁན་དེ་གློ་བུར་གྱིས་ཐོག་ལ་བབས་འོང་དུས་འཇིག་རྟེན་ཚེ་འདིའི་ལུས།"
2500370,2505192,4822,"གཉེན་ཕ་མ་དགྲ་གྲོགས་ཐམས་ཅད་ཤུལ་དུ་བཞག་ཏེ་འགྲོ་བ་མ་གཏོགས་ཡོད་རྒྱུ་མ་རེད།"
2505192,2509762,4570,"དེ་དུས་ཡ་ང་བ་དང་ བག་ཚ་བ་ཅིག་ཡོང་རྒྱུ་རེད་ ཡ་ང་བ་བག་ཚ་བ་འོང་ན་"
2509762,2514283,4521,"དཔེར་ན་དཔའ་བོ་དགྲ་ལ་འཛིང་མཁས་པ་གཅིག་ཡིན་ན་དམག་རྒྱག་རན་ཁར་"
2514283,2518445,4162,"ཁོ་རང་གིས་དགྲ་ཆམས་ལ་ཕབས་དུས་དམག་ས་ག་འདྲ་གཅིག་ནས་བཟུང་དགོས་"
2518445,2523564,5119,"དམག་ག་འདྲ་གཅིག་ནས་འགྲོ་དགོས་འཐབ་རྩོད་ག་འདྲ་བྱས་ནས་རྒྱག་དགོས་"
2523564,2527983,4419,"ཁོང་དུ་ཆུད་ཚར་དུས་ཕ་རོལ་པའི་དགྲ་བོ་ཆམས་ལ་འབེབས་པ་དང་"
2527983,2532438,4455,"དགྲ་བོ་དང་གཡུལ་འདྲེས་འོང་ན་སྐྲག་གི་མ་རེད། དཔེ་དེ་བཞིན་དུ་ངེད་ཏོས་ཐམས་ཅད་ལ་"
2543167,2546254,3087,"བུ་ཕ་ཡི་ཁྱིམ་དུ་འགྲོ་འདོད་ན་འཚེར་སྣང་ཡོད་རྒྱུ་མ་རེད་"
2546254,2550414,4160,"བུ་མོ་མ་ཡི་ཁྱིམ་ལ་འགྲོ་དགོས་ན་འཚེར་སྣང་ཡོད་རྒྱུ་མ་རེད་ དེ་ལྟ་བུ་གཅིག་ཡིན་བསམ་ནས་"
2550414,2555387,4973,"ཤེས་པ་སྤྲོ་སིང་ངེ་བ་གཅིག་གིས་ འཇིག་རྟེན་ཚེ་འདིའི་འཕེན་པ་རྫོགས་པ་ཤེས་སྟེ་"
2555387,2558422,3035,"ནོར་དང་ལོངས་སྤྱོད་གཉེན་དང་གྲོགས་ཐམས་ཅད་ཤུལ་ཏུ་བཞག་སྟེ་"
2558422,2561343,2921,"མར་ཀྱི་དཀྱིལ་ནས་སྤུ་བཏོན་པ་བཞིན་དུ་འགྲོ་དགོས་རྒྱུ་རེད་དུས་"
2561343,2566845,5502,"ཚེ་འདིའི་ཕ་མ་གཉེན་གྲོགས་རང་གི་ཁང་པ་ ཅ་ཁ་ ཡོ་བྱད་ཐམས་ཅད་ལ་"
2566845,2571230,4385,"ཞེན་ཆགས་གཏན་ནས་སྤངས་ འཆི་བ་ཐོག་ལ་བབས་པ་ཤེས་ཚར་དུས་བཟུང་ནས་"
2571230,2575109,3879,"ཅ་ཁ་ཡོ་བྱད་ཐམས་ཅད་ ཡང་ན་བླ་མ་དང་དཀོན་མཆོག་ལ་ཡར་མཆོད་པ་ཕུལ་"
2575109,2579743,4634,"ཡང་ན་དགེ་འདུན་གྱི་སྡེ་ལ་ཕར་གཏོང་སྟེ་ཞེན་ཆགས་གཏན་ནས་མེད་པ་ཅན་ཅིག་བྱེད།"
2579743,2584326,4583,"དེ་ཡི་ཚེ་ན་འཆི་ཁ་བར་དོ་ཟེར་དུས་ད་འཆི་ནད་ཀྱིས་ཐེབས་ནས་"
2584326,2588398,4072,"སང་ཉིན་ 43-00 ཕྱི་དབུགས་དེ་མ་ཆད་ཀྱི་བར་དུ་འཆི་ཁ་བར་དོ་ཟེར་"
2588398,2592548,4150,"འཆི་ཁ་བར་དོ་དེའི་སྐབས་ལ་གདམས་ངག་དེའི་ནང་ནས་བར་དོའི་གདམས་ངག་ཐམས་ཅད་"
2592548,2597612,5064,"ཡང་ནས་ཡང་དུ་དྲན་ 43-09 བླ་མའི་ཐུགས་དང་ཆོས་ཉིད་ཀྱི་ངོ་བོ་ལ་"
2597612,2602647,5035,"མཉམ་པར་བཞག་གི་ཡིན་བསམ་ནས་བློ་གཏད་ན་རང་བཞིན་གྱི་འཁྲུལ་བའི་སྣང་བ་དེ་ཆད་འགྲོ་རྒྱུ་རེད།"
2602647,2607306,4659,"དེ་ལྟར་མ་སྒོམ་ན་ད་ང་ཤི་ས་འདུག་འཇིག་རྟེན་ཚེ་འདི་ཡི་ཕ་མ་གཉེན་གྲོགས་ག་འདྲས་བྱེད་དགོས་རེད་"
2607306,2609556,2250,"ངའི་ཅ་ཁ་ཡོད་བྱད་དེ་ག་ན་གཞག་དགོས་རེད་ 43-27"
2609556,2613666,4110,"དེ་ཆུད་ཟོས་འགྲོ་རྒྱུ་རེད་བསམ་མང་པོ་དྲན་ན་ དེ་ནས་ ཆགས་ཞེན་གྱི་འཁྲུལ་བས་"
2613666,2617789,4123,"ཞིང་ཁམས་ལ་མ་སླེབ་མ་ཚད་བར་དོའི་གདམས་ངག་ལམ་དུ་ཁྱེར་ནུས་ཀྱི་མ་རེད་དུས།"
2617789,2623536,5747,"དངོས་སུ་ད་འཆི་ཁ་བར་དོ་ཤར་འོང་དུས་ཉམས་ལེན་ག་འདྲ་དགོས་ཟེར་ན། །"
2623536,2626541,3005,"སྐུ་དང་ཡེ་ཤེས་དབྱེར་མེད་དབྱིངས། །འོད་གསལ་སྦུབས་ལ་འཇུག་བྱའི་ཕྱིར། །"
2626541,2629826,3285,"ཕུང་པོ་སེངྒེ་ཉལ་སྟབས་ཀྱིས། །ཤེས་པ་མིག་ལ་གཏད་ནས་ཀྱང། །"
2629826,2631318,1492,"དེ་ཉིད་དབྱིངས་རིག་ཐིག་ལེར་གཏད།"
2631318,2638494,7176,"ཅེས་གསུང་པ་ལྟར་ སྐུ་དང་ཡེ་ཤེས་ཟེར་མཁན་དེ་གང་རེད་ཟེར་ན་"
2638494,2643107,4613,"རང་གི་སེམས་ཉིད་བདེ་གཤེགས་སྙིང་པོ་ངོ་བོ་དེ་སངས་རྒྱས་ཀྱི་སྐུ་དང་ཡེ་ཤེས་ཐམས་ཅད་ཀྱི་གཏེར་མཛོད་"
2643107,2648147,5040,"སྐུ་དང་ཡེ་ཤེས་ཀྱི་ངོ་བོ་དེ་ད་ལྟ་ལམ་དུ་བྱེད་པའི་གནས་སྐབས་འདྲ་ཅིག་ཡིན་ན་"
2648147,2651194,3047,"ཐོད་རྒལ་ཉམས་ལེན་གྱིས་དབྱིངས་རིག་གི་སྣང་བ་ཕྱི་དབྱིངས་ནང་དབྱིངས་"
2651194,2655958,4764,"ཐིག་ལེ་ལུ་གུ་རྒྱུད་སྒྲོན་མ་དྲུག་ལ་སོགས་པའི་སྣང་བ་དེ་སྐུ་དང་ཡེ་ཤེས་ཀྱི་སྣང་བ་རེད་"
2655958,2660528,4570,"སྐུ་དང་ཡེ་ཤེས་ཀྱི་སྣང་བ་དེ་རང་གི་རིག་པའི་རྩལ་ལས་ཕྱིར་སྣང་གི་ཡོད་རེད་མ་གཏོག"
2660528,2664722,4194,"ཕྱི་ས་རྡོ་རི་བྲག་གི་སྣང་བ་འདི་འདྲ་གཏན་ནས་ཡོད་མ་རེད་"
2664722,2668460,3738,"དེ་ནས་ ནང་གི་རིག་པ་དེ་དང་ཕྱི་ཡི་སྣང་བ་དེ་གཉིས་དབྱེར་མེད་པ་ཤེས་ན་"
2668460,2672413,3953,"ཕྱི་སྣང་བ་ཐམས་ཅད་ལ་རིག་པ་ 44-28 མདུང་ཚུགས་སུ་གཏད་དེ་དག་པའི་ཞིང་དུ་"
2672413,2678360,5947,"འགྲོ་དགོས་བསམ་པ་ཅན་ཅིག་བྱས་ན་ དེ་ནས་རང་གི་ད་ལྟ་དཔེར་ན་"
2678360,2681692,3332,"ལུས་པོ་འདི་དང་སེམས་གཉིས་ལྷན་གཅིག་འཚོགས་པ་དེ་བྲལ་འོང་དུས་ 44-37"
2681692,2684910,3218,"སྣང་མཆེད་ཐོབ་གསུམ་ཟེར་མཁན་གྱི་བར་དོའི་སྣང་བ་དེ་ཤར་འོང་དུས་"
2684910,2689564,4654,"བར་དོའི་སྣང་བ་སྣང་མཆེད་ཐོབ་གསུམ་གྱི་སྦུབས་དེ་ན་ཅི་ཡོད་རེད་ཟེར་ན་"
2689564,2692757,3193,"འོད་གསལ་བསམ་གྱི་མི་ཁྱབ་པའི་ཡེ་ཤེས་ད་ལྟ་རང་གི་སྒོམ་བསྡད་རྒྱུ་"
2692757,2697156,4399,"རིག་པ་བདེ་གཤེགས་སྙིང་པོ་དེ་ཡོད་རེད། རིག་པ་བདེ་གཤེགས་སྙིང་པོ་དེ་ད་ལྟ་བླ་མས་ངོ་སྤྲད་ནས་"
2697156,2700230,3074,"རང་གི་ལམ་སྒོམ་སྟོབས་ཀྱིས་ཉམས་མྱོང་ཅིག་ཡོད་པ་དེ་དཔེའི་འོད་གསལ་རེད་"
2700230,2703188,2958,"བདེ་གཤེགས་སྙིང་པོ་དངོས་གནས་བར་དོ་ནས་གཞི་ཐོག་དུ་ཕྱིན་ན་"
2703188,2708132,4944,"དར་གཅིག་ཤར་འོང་རྒྱུ་དེ་མ་ཡི་འོད་གསལ་རེད་ དཔེ་དང་དོན་གྱི་འོད་གསལ་གཉིས་"
2708132,2711068,2936,"རོ་གཅིག་ཏུ་འདྲེས་དུས་མ་དང་བུ་གཉིས་འཕྲད་སོང་བ་རེད།"
2711068,2717170,6102,"དཔེར་ན་དུད་འགྲོ་ར་དང་ལུག་ལྟ་བུ་ནོར་མང་པོ་གཅིག་ཡོད་ས་གཅིག་ལ་"
2717170,2721905,4735,"རྟ་ཡི་སྤུ་གུ་གཅིག་གཏོང་བཞག་ན་རྟ་རང་གི་ཨ་མ་དེ་ག་ན་ཡིན་ན་དེའི་ནང་ནོར་འཁྲུལ་མེད་པ་"
2721905,2726979,5074,"ཨ་མ་དེའི་རྩ་ལ་འགྲོ་གི་རེད་ དཔེ་དེ་བཞིན་དུ་བར་དོའི་སྣང་བ་སྣང་མཆེད་ཐོབ་གསུམ་ཅི་ཞིག་ཤར་འོང་ན་"
2726979,2730893,3914,"སང་ཉིན་གཞིའི་འོད་གསལ་དེ་ཤར་འོང་ན་ ངས་སྔར་བླ་མའི་མན་ངག་གི་སྟོབས་ཀྱི་"
2730893,2734977,4084,"སྒོམ་སྡོད་རྒྱུའི་འོད་གསལ་དེ་འདི་རེད་འདུག་བསམ་ཉམས་མྱོང་གི་ཐོག་ལ་མཉམ་པར་བཞག་ན་"
2734977,2739359,4382,"གཞིའི་འོད་གསལ་དེ་དང་ད་ལྟ་ལམ་གྱི་འོད་གསལ་དེ་གཉིས་རོ་གཅིག་ཏུ་འདྲེས་འགྲོ་རེད་"
2739359,2743081,3722,"དེ་འདྲེས་ཚར་དུས་ཕྱིར་ལྡོག་གི་མ་རེད་དཔེར་ན་མཐའ་ཡི་རྒྱ་མཚོ་ཆེན་པོའི་ནང་"
2743081,2747370,4289,"འཛམ་བུ་གླིང་གི་ཆུ་ཀླུང་ཐམས་ཅད་བབས་ཚར་དུས་ འཛམ་བུ་གླིང་གི་ཆུ་ཀླུང་ཁ་ཁ་"
2747370,2750654,3284,"མཐའ་ཡི་རྒྱ་མཚོ་ཁ་ཁ་ཕྱེ་རྒྱུ་མེད་པ་ལྟ་བུ་གཅིག་རེད་འགྲོ་རྒྱུ་རེད་"
2750654,2754994,4340,"སྦུབས་དེ་ཅི་རེད་ཟེར་ན་སྣང་མཆེད་ཐོབ་གསུམ་གྱི་སྦུབས་དེ་ལ་"
2754994,2759263,4269,"འོད་གསལ་ཡེ་ཤེས་ཀྱི་སྣང་བ་དེ་ཡོད་པ་དེ་ལམ་མ་སྒོམ་ནས་བཟུང་"
2759263,2764086,4823,"འོད་གསལ་ཡེ་ཤེས་ཀྱི་སྣང་བ་དེ་ཐམས་ཅད་འཆི་འགྲོ་དུས་ལུས་དང་སེམས་གཉིས་བྲལ་འོང་དུས་"
2764086,2766046,1960,"ཐམས་ཅད་ལ་ཤར་ཀྱི་རེད་དེ་ངོ་ཤེས་ཀྱི་ཡོད་མ་རེད་"
2766046,2769421,3375,"དེའི་ཕྱིར་ན་སྔར་འདྲིས་ཀྱི་མི་དང་འཕྲད་པ་ལྟ་བུ་ཟེར་མཁན་དེ་རེད་"
2769421,2774240,4819,"སྔར་ནས་ངོ་ཤེས་པའི་མི་གཅིག་ཡོད་ན་དེ་མི་སྟོང་ཕྲག་མང་པོ་གཅིག་གི་ནང་ནས་འོང་གི་ཡོད་ན་"
2774240,2776971,2731,"འདི་ངའི་གྲོགས་པོ་ངོ་ཤེས་པ་དེ་རེད་བསམ་ནོར་འཁྲུལ་ཡོད་མ་རེད་"
2776971,2779661,2690,"དཔེ་དེ་བཞིན་དུ་གཞིའི་འོད་གསལ་དེ་འཆར་འོང་དུས་"
2779661,2782336,2675,"འདི་རང་གི་ཉམས་སུ་ལེན་པའི་རྫོགས་པ་ཆེན་པོ་དེ་རེད་བསམ་"
2782336,2787605,5269,"དེའི་ཉམས་མྱོང་དེས་གཞིའི་འོད་གསལ་དེ་དང་རོ་གཅིག་ཏུ་འདྲེས་འགྲོ་དུས་དེའི་ནང་དུ་གྲོལ་འགྲོ་གི་རེད་"
2787605,2792283,4678,"འོད་གསལ་དེ་ཡི་སྟེང་ལ་གྲོལ་བར་བྱེད་པའི་གདམས་ངག་ད་ལྟ་ནས་ཉམས་སུ་ལེན་རྒྱུ་ཡོད་རེད་"
2792283,2794716,2433,"ད་ལྟ་ནས་ཉམས་སུ་ལེན་དུས་གང་འདྲ་དགོས་ཟེར་ན། །"
2794716,2798586,3870,"ཕུང་པོ་སེངྒེ་ཉལ་སྟབས་ཀྱིས། །ཤེས་པ་མིག་ལ་གཏད་ནས་ཀྱང། །"
2798586,2800090,1504,"དེ་ཉིད་དབྱིངས་རིག་ཐིག་ལེར་གཏད།"
2800090,2802060,1970,"གསུང་དུས་"