0,5406,5406,"ང་གི་རིག་པ་དེ་མིག་ལ་གཏད་"
5406,9333,3927,"མིག་དེ་ཐོད་རྒལ་ལ་གོམས་འདྲིས་ཡོད་ན་ ཕྱི་ནས་དབྱིངས་རིག་གི་སྣང་བ་ཤར་འོང་བ་དེ་ལ་"
9333,13040,3707,"རྩེ་གཅིག་ཏུ་གཏད་ ཐོད་རྒལ་ལ་གོམ་པ་མེད་ན་ཕྱི་ནམ་མཁའ་སྟོང་པ་"
13040,16400,3360,"སྤྲིན་དང་བྲལ་བ་ནམ་མཁའ་སྟོང་སང་ངེ་ཡོད་པ་གཅིག་ལ་གཏད་དེ་"
16400,21187,4787,"དབྱིངས་རིག་གཅིག་ལ་གཏད་ནས་བཞག་དེས་སྣང་མཆེད་ཐོབ་གསུམ་རིམ་གྱིས་ཤར་སྟེ་ 00-20"
21187,24576,3389,"གཞི་ལམ་མ་བུ་འདྲེས་སྟེ་དེའི་སྟེང་དུ་གྲོལ་འགྲོ་རྒྱུ་རེད་"
24576,27158,2582,"སྐུ་དང་ཡེ་ཤེས་ཟུང་དུ་འཇུག་ཟེར་མཁན་དེ་རེད་"
27158,30796,3638,"ཡང་ན་གྲོང་འཕོ་དང་གྲོང་འཇུག་གི་སྒོ་ནས་འཇུག་དགོས་རྒྱུ་རེད་དུས། །"
30796,35560,4764,"གཉིས་པ་ཡུལ་དང་གནས་ལ་འཇུག་པ་འཕོ་བའི་གདམས་པ་ནི། ། ཡང་ན་གྲོང་འཕོ་གྲོང་འཇུག་ནི། །དབུགས་ཀྱི་འགྲོ་འོང་དང་བསྟུན་ནས། །"
35560,38863,3303,"རིག་པ་ཨ་ཡི་རྣམ་པར་འཕང། །འདི་དག་གིས་ནི་བཙན་ཐབས་སུ། །"
38863,40275,1412,"གྲོལ་བའི་གོ་འཕང་སྟེར་བར་བྱེད།"
40275,45572,5297,"གསུང་དུས་གྲོང་འཕོ་ཟེར་དུས་ དཔེར་ན་ད་ལྟ་ཁང་པ་འདིའི་ནང་ན་བསྡད་ཡོད་ན་"
45572,48567,2995,"ང་མོ་ཀྲ་གཅིག་ནང་ཞུགས་ཁང་པ་གཞན་གཅིག་ན་བུད་སོང་ན་"
48567,52969,4402,"ཁང་པ་ནས་ཁང་པ་སྤོས་སོང་བ་དཔེ་དེ་ལྟ་བུ་ད་ལྟ་གཟུགས་པོ་གདོས་བཅས་འདིའི་ནང་ལ་"
52969,55995,3026,"རྣམ་ཤེས་དེ་ 00-50 བསྡད་ཡོད་དུས་རྣམ་ཤེས་མདུན་ལ་འཕོ་ནས་"
55995,61561,5566,"དེ་ནས་ཡང་སྐྱེ་བ་གཞན་ཅིག་ལ་འཕོ་བ་དཔེར་ན་ཁང་པ་གཅིག་ནས་གཅིག་ལ་ཕར་འགྲོ་དགོས་པ་ལྟ་བུ་རེད།"
61561,66665,5104,"གྲོང་འཕོ་གྲོང་འཇུག་བྱེད་དུས་ལུས་དེ་ལ་སེམས་ཚུར་ཆགས་འོང་དུས་"
66665,70483,3818,"ལུས་དང་སེམས་གཉིས་འབྲེལ་བ་བྱེད་དགོས་འབྲེལ་བྱེད་ཁ་སྣ་ནས་ཕྱུང་བའི་དབུགས་འདི་རེད་"
70483,74395,3912,"ཕར་འབྲེལ་བ་ཆད་རན་ཁ་ལ་ཁ་སྣ་ནས་འགྲོ་བའི་དབུགས་ 01-13 དེས་"
74395,77976,3581,"ལུས་དང་སེམས་གཉིས་འབྲེལ་བ་ཆད་དགོས་རྒྱུ་རེད་ དེ་ཆད་པར་བྱེད་པ་ལ་"
77976,82196,4220,"རང་གི་ལུས་ནང་སྙིང་དང་གློ་བ་གཉིས་ཀྱི་བར་སྲོག་གི་རྩ་ཟེར་མཁན་གཅིག་ཡོད་རེད་"
82196,85983,3787,"སྲོག་གི་རྩ་དེའི་ནང་ཁྲག་གི་ཐིག་པ་གསུམ་རྒྱབ་འོང་དུས་མི་ཤི་རན་ཁ་"
85983,91136,5153,"ཁ་ནས་ཧ་སྒྲ་ཆེན་པོ་གསུམ་གྲགས་འོང་རྒྱུ་དེ་རེད་ དེ་ཡི་དབང་གིས་ད་ལྟ་དཔེར་ན་"
91136,93558,2422,"ཐིམ་རིམ་དངོས་སུ་ཤར་རྒྱུ་མ་རེད་མ་ཤར་གོང་ནས་ཉམས་ལེན་བྱེད་དགོས་དུས་"
93558,97841,4283,"རང་གི་ཁ་ནས་དབུགས་དེ་ཕྱི་ལ་ཤུགས་རིང་པོ་གཅིག་ཕྱི་ལ་འཕེན་དུས།"
97841,101698,3857,"ད་བདག་ངེས་པར་འཆི་བའི་དུས་ལ་བབས་པ་ཡིན་འདུག་སྤྲོས་པ་མེད་པའི་ངང་ལ་"
101698,106297,4599,"མྱ་ངན་ལས་འདའ་བར་བྱའོ་བསམ་ནས་རིག་པ་མིག་ལ་གཏད་མིག་ནམ་མཁའི་དཀྱིལ་དུ་གཏད་དེ་"
106297,111587,5290,"རང་གི་རིག་པ་དེ་ཡི་གེ་ཨ་དཀར་པོ་གཅིག་གི་རྣམ་པ་ཡོད་དུས་ ཕྱི་ཡི་ནམ་མཁའ་དེ་ལ་ཨ་དེ་ཐིམ།"
111587,114590,3003,"ཕྱིའི་ནམ་མཁའ་དེ་དང་ནང་གི་རིག་པ་གཉིས་དབྱེར་མེད་འདྲེས་སོང་བསམ་ནས་"
114590,119544,4954,"མཉམ་པར་བཞག་ན་ནང་གི་རིག་པའི་ངོ་བོ་དེ་ལ་ཡར་སྟོང་ཆ་གསལ་ངར་ཐོན་པ་ཅན་ཅིག་ཡོང་རྒྱུ་རེད་"
119544,124907,5363,"དེ་འོང་དུས་སང་ཉིན་དབུགས་ཕྱི་ནང་གཉིས་ཆད་རན་པ་དང་མཉམ་དུ་དེ་ལྟར་བལྟ་ཤེས་ན་"
124907,129026,4119,"རིག་པ་དེ་ཕྱི་ལ་འཕོ་འོང་དུས་ནང་དབྱིངས་རིག་གི་སྣང་བ་ཡིན་ན་འདྲ་"
129026,132230,3204,"ཕྱི་ནམ་མཁའ་སྟོང་པ་ཡིན་ན་འདྲ་དེ་ལ་དབྱེར་མེད་ཐིམ་འགྲོ་དུས་"
132230,133982,1752,"གཞི་ཡི་འོད་གསལ་མ་བུ་འདྲེས་ཟེར་བ་ 02-13 དེ་རེད་དུས་"
133982,139087,5105,"དེའི་སྟེང་དུ་གྲོལ་འགྲོ་རྒྱུ་རེད་ དེ་ནི་འཕོ་བ་ཐམས་ཅད་ཀྱི་རྒྱལ་པོ་སྤྲོས་མེད་ཀྱི་འཕོ་བ་ཟེར་རྒྱུ་དེ་རེད་"
139087,142561,3474,"དེ་ནས་ 02-18 ཡར་རྒྱབ་ནས་གྲོང་འཕོ་གྲོང་འཇུག་གི་འཕོ་བ་ཡིན་ནའང་འདྲ་"
142561,147156,4595,"མ་པང་བུ་འཇུག་གི་འཕོ་བ་གང་རུང་གིས་བཙན་ཐབས་སུ་གྲོལ་བའི་གོ་འཕང་སྟེར་བར་བྱེད་པའི་"
147156,152250,5094,"འཆི་ཁ་བར་དོའི་ཉམས་ལེན་དེ་རེད་ དེ་ནས་འཆི་ཁ་བར་དོའི་སྟེང་དུ་གྲོལ་མ་ཐུབ་ནས་བཟུང་"
152250,155011,2761,"ཆོས་ཉིད་བར་དོ་ཟེར་མཁན་དེ་ཤར་འོང་རྒྱུ་རེད་དེའི་སྟེང་དུ་གྲོལ་དགོས་ན་"
155011,157256,2245,"ཆོས་ཉིད་བར་དོ་དེ་ག་འདྲ་རེད་ཟེར་ན། གཉིས་པ་ཞར་བྱུང་ནི། །"
157256,160228,2972,"གལ་ཏེ་ལས་ཀྱི་གཞན་དབང་གིས། །དུས་དེར་བརྟན་པ་མ་ཐོབ་ན། །"
160228,166190,5962,"ཕྱི་རོལ་འབྱུང་བཞི་ཐིམ་པ་དང་། །ནང་དུ་རླུང་ལྔ་འགྲོས་ཐིམ་རྗེས། །"
166190,169766,3576,"གསུང་དུས་ད་ལྟའི་ལས་ཀྱི་གཞན་དབང་གི་ལུས་རྟེན་འདིའི་སྟེང་ལ་"
169766,174123,4357,"ཐོག་མ་གཞིའི་འོད་གསལ་གཅིག་ཤར་གྱི་རེད་ དེ་ང་ཚོས་ལམ་ངོས་མི་ཟིན་རེད་མ་གཏོགས་"
174123,177482,3359,"མཚན་མོ་གཉིད་འགྲོ་དུས་སྣང་མཆེད་ཐོབ་གསུམ་ཤར་དུས་"
177482,181344,3862,"གཞིའི་འོད་གསལ་ཧྲིབ་ཙམ་གཅིག་ཤར་གྱི་རེད་ ལམ་ཉམས་ལེན་བྱེད་མཁན་རྣམས་ཀྱིས་"
181344,187034,5690,"འོད་གསལ་ངོས་ཟིན་ཟེར་མཁན་དེ་ གཞིའི་འོད་གསལ་དེ་ངོས་ཟིན་འོང་བ་དེ་རེད།"
187034,190696,3662,"ད་ལྟ་ལུས་རྟེན་འདིར་གཞིའི་འོད་གསལ་དེ་ངོས་ཟིན་ན་བར་དོ་ནས་"
190696,193795,3099,"གཞི་ལམ་གྱི་འོད་གསལ་གཉིས་མ་བུ་འདྲེས་འགྲོ་དུས་ཐེ་ཚོམ་དགོས་རྒྱུ་མ་རེད་གྲོལ་ཐུབ་ཀྱི་རེད་"
193795,197542,3747,"དེ་ལྟ་བུའི་འོད་གསལ་ངོས་མ་ཟིན་ན་ལས་ཀྱི་གཞན་དབང་གིས་དུས་"
197542,202015,4473,"དེ་ལ་བརྟན་པ་མ་ཐོབ་ནས་བར་དོར་འཁྱམ་སོང་ན་ །དེའི་ཚེ་འབྱུང་བཞི་ཐིམ་པ་དང་ཟེར་དུས།"
202015,206456,4441,"དང་པོ་ང་ཚོས་ལུས་འདི་ས་ཆུ་མེ་རླུང་འབྱུང་བཞིས་ཚུར་གྲུབ་ཡོད་རེད་དུས་"
206456,214320,7864,"ད་ལུས་པོ་དེ་ཞིག་རན་ཁ་ཡང་ས་ཡི་ཁམས་དེ་ཤ་དང་རུས་པ་ལ་སོགས་པ་ཐམས་ཅད་ཕྱི་རོལ་འབྱུང་བ་ས་ལ་ཐིམ།"
214320,220159,5839,"ཆུ་ཡི་ཁམས་ལས་བྱུང་བའི་ཁྲག་དང་ཆུ་སེར་ལ་སོགས་པ་ཕྱིའི་འབྱུང་བ་ཆུ་ལ་ཐིམ།"
220159,225114,4955,"མེ་ཡི་ཁམས་ལས་བྱུང་བའི་ལུས་ཀྱི་དྲོད་ཐམས་ཅད་མེ་ལ་ཐིམ་འགྲོ་དུས་"
225114,233545,8431,"ལུས་ཀྱི་དྲོད་ཐམས་ཅད་མཐའ་ནས་བསྡུ། རླུང་གི་ཁམས་ཁ་སྣའི་དབུག་དེ་ཕྱི་རླུང་ལ་ཐིམ་ཚར་དུས་"
233545,238385,4840,"ཁ་སྣ་ནས་དབུག་ཕྱི་རུ་འཕེན་རྒྱུ་མ་གཏོགས་ནང་དུ་བསྡུ་མི་ཤེས་པ་རེད་"
238385,243855,5470,"རླུང་དེ་ལ་ནང་གསེས་ཀྱི་དབྱེ་ན་ ས་ཆུ་མེ་རླུང་ནམ་མཁའི་རླུང་ལྔ་ཡོད་རེད་"
243855,249489,5634,"དེའི་རླུང་ལྔ་པོ་དེ་འགྲོས་ཐིམ་འོང་དུས་ནང་རྟགས་སུ་སྣང་བ་མཆེད་པ་ཐོབ་པ་ཉེར་ཐོབ་བཞི་"
249489,255769,6280,"སྐུ་གསུམ་ཞིང་ཁམས་སྦྱོང་བའི་སྨོན་ལམ་ནང་དུ་གསུང་པ་དེ་ལྟ་བུ་ཤར་བའི་ཚེ་ན་"
255769,262584,6815,"རིག་གདངས་ཟེར་དུས་ད་ལྟ་རིག་པ་ངོས་ཟིན་ 04-23 དབྱིངས་རིག་གི་སྣང་བ་ཤར་རྒྱུ་དེ་"
262584,266567,3983,"རིག་པའི་གདངས་སྐྱེས་བུའི་གདོང་མེ་ལོང་ནང་ལ་ཤར་བ་ལྟ་བུ་རེད་"
266567,272773,6206,"དཔེར་ན་ མེ་ལོང་ཕར་བསྡུས་བཞགས་ན་མེ་ལོང་ནང་ཡོད་པའི་སྐྱེས་བུའི་གདོང་དེ་"
272773,277971,5198,"སྐྱེས་བུ་རང་གི་གདོང་དེ་ལ་བསྡུ་འགྲོ་རེད་དཔེ་དེ་བཞིན་དུ་ཕྱི་རོལ་རིག་པའི་གདངས་དེ་"
277971,282091,4120,"ནང་གི་སྙིང་གི་སྦུབས་སུ་ཚུར་བསྡུ་འོང་གི་རེད། དེ་ཡི་ཚེ་ན་"
282091,285369,3278,"འོད་གསལ་ཟུང་ 04-45 དུ་འཇུག་པའི་གདམས་པ་ཟེར་མཁན་འདིར་བཀོད་པ་ཡིན་ཟེར"
285369,287175,1806,"དེ་གང་འདྲ་བྱེད་དགོས་ཟེར་ན། །"
287175,290672,3497,"རླུང་ནི་ཁ་སྣའི་ལམ་ནས་སྡུད། །སེམས་ནི་ཡེ་ཤེས་རྒྱབ་གྱེས་ཏེ། །"
290672,292181,1509,"ཚེ་འདིའི་སྣང་བ་འགགས་པར་འགྱུར།"
292181,298017,5836,"རླུང་དེ་ཁ་སྣའི་ལམ་ནས་སྡུད་དེ་ཁ་ནས་ཧ་སྒྲ་གྲགས་ཏེ་"
298017,304557,6540,"ལུས་ཀྱི་ནང་ཞུག་དབུགས་ཀྱི་ངར་སྒྲ་རྩེག་ཟེར་མཁན་དེ་ཡི་སྐབས་ལ་སེམས་དང་ཡེ་ཤེས་གཉིས་རྒྱབ་གྱེས་"
304557,309278,4721,"སེམས་འཁྲུལ་བའི་རང་ཞིན་དེ་བག་ལ་ཞ། ཡེ་ཤེས་གཞིའི་འོད་གསལ་དེ་"
309278,312382,3104,"ཚུར་འཆར་འོང་བའི་སྐབས་ན་སེམས་དང་ཡེ་ཤེས་གཉིས་ཁ་བྲལ་འགྲོ་རེད་"
312382,318191,5809,"དེའི་ཚེ་ན་འཇིག་རྟེན་ཚེ་འདིའི་སྣང་བ་གནས་དོན་ལུས་གསུམ་གྱི་སྣང་བ་དེ་"
318191,321493,3302,"ཕར་འགགས་ཏེ་ཕྱི་མའི་ལམ་པོ་ཆེ་ལ་འཇུག་འགྲོ་བ་ཡིན་ཟེར་"
321493,325278,3785,"ཕྱི་མའི་ལམ་པོ་ཆེ་ལ་འཇུག་འགྲོ་དུས་ དང་པོ་ད་ལྟའི་སྣང་བ་གཞིའི་འོད་གསལ་ལ་ཕར་གཅིག་ཐིམ།"
325278,328715,3437,"གཞིའི་འོད་གསལ་དེ་ལས་གཞི་སྣང་གི་འོད་གསལ་ཅིག་ཚུར་ཤར་འོང་དུས་"
328715,331931,3216,"ཐོད་རྒལ་གོམས་པའི་གང་ཟག་ཅན་གཅིག་ཡིན་ན་གཞི་སྣང་གི་འོད་གསལ་དེ་"
331931,335809,3878,"ག་ལེར་རིམ་པ་བཞིན་དུ་ཤར་འོང་ རིམ་པ་བཞིན་དུ་ཤར་བ་དེ་ལ་བརྟེན་ནས་"
335809,341609,5800,"སྔར་ཐོད་རྒལ་བསྒོམས་པའི་སྟོབས་ཀྱིས་འོད་གསལ་སྣང་བ་དེ་ངོས་ཟིན་དེའི་སྟེང་ལ་གྲོལ་འགྲོ་གི་རེད།"
341609,345596,3987,"ཐོད་རྒལ་སྒོམ་མ་མྱོང་བ་གཅིག་ཡིན་ན་གཞིའི་འོད་གསལ་དེ་སྐར་མདའ་རྒྱུག་པའི་ཡུན་ཙམ་ཤར་འོང་"
345596,349721,4125,"ཡིན་ན་ཡང་ཤར་བ་དེ་ལ་སྔར་གོམས་འདྲིས་མེད་པ་ལ་བརྟེན་ནས་ དེ་ངོས་ཟིན་གྱི་མ་རེད་"
349721,352666,2945,"ངོས་མ་ཟིན་ན་ གྲོལ་ཐུབ་ཀྱི་མ་རེད་ དེའི་ཕྱིར་ན། །"
352666,355773,3107,"དེ་ཚེ་དབུགས་ཀྱི་སྦྱོར་བ་ཡིས། །རྣམ་ཤེས་ཡུལ་ལ་དྲངས་པའི་རྗེས། །"
355773,358994,3221,"ཐིག་ལེ་སྟོང་པའི་སྒྲོན་མ་ནི། །མཐེབ་འཛུབ་སྦྱོར་བས་མཚོན་བྱས་ཏེ། །"
358994,362020,3026,"རང་སྣང་ཡེ་ཤེས་ཆེན་པོ་རུ། །ཕྱིར་མི་ལྡོག་པའི་ངོ་སྤྲོད་གདབ། །"
362020,366995,4975,"གསུང་དུས་ རྫོགས་པ་ཆེན་པོའི་རྣལ་འབྱོར་པ་དེ་ལ་ འཆི་ལུག་མང་པོ་ཅིག་ཡོད་རེད་"
366995,372248,5253,"གང་ཟག་རྫོགས་པ་ཆེན་པོ་དེ་ལྟ་སྒོམ་ལ་གདིང་དུ་མ་སོང་བའི་གང་ཟག་ཅན་གཅིག་ཡིན་ན་"
372248,376003,3755,"དེ་ལ་རབ་ཡིན་ན་ཤི་རན་ཁ་དེ་ན་ཁོ་རང་གི་རྩ་བའི་བླ་མ་དྲན་"
376003,378834,2831,"བླ་མས་སྔར་ངོ་སྤྲོད་ཡོད་པ་དེ་གསལ་འདེབས་བྱས་ན་"
378834,381742,2908,"དེ་ནས་གཞི་ལམ་གྱི་འོད་གསལ་དེ་མ་བུ་འདྲེས་ཐུབ་ཀྱི་རེད་"
381742,386153,4411,"བླ་མ་སྐུ་དངོས་སུ་བཞུགས་མེད་ནའང་རང་གི་ཆོས་ཀྱི་མཆེད་གྲོགས་"
386153,392322,6169,"དམ་ཚིག་ལ་ 06-28 སེལ་མེད་པ་གཅིག་ཡོད་ན་དེས་གདམས་ངག་བསྟན་འོང་ན་དེ་གྲོལ་འགྲོ་གི་རེད་དུས་"
392322,398093,5771,"དེའི་ཕྱིར་ན་དབུགས་ཀྱི་སྦྱོར་བ་ཡིས་རྣམ་ཤེས་ཡུལ་ལ་དྲངས་འོང་རྗེས་མི་དེ་ཕྱི་དབུགས་ཆད་"
398093,404383,6290,"ནང་དབུགས་ཆད་ལ་ཁ་གཅིག་དེ་ལ་མཐེ་མཛུབ་གཉིས་ཀྱི་མིག་འདི་འདྲ་བྱས་མནན་ན་"
404383,408244,3861,"ཐིག་ལེའི་རྣམ་པ་གོ་གོར་ཅིག་ཚུར་ཤར་འོང་གི་རེད་ཤར་འོང་དུས་དེ་ལ་ཐིག་ལེ་སྟོང་པའི་སྒྲོན་མ་ཟེར་"
408244,414374,6130,"ད་ཁྱོད་གཞི་འོད་གསལ་ཤར་འོང་དུས་འདིའི་ངང་ལ་མ་ཡེངས་པར་མཉམ་པར་ཞོག་ཅིག་ཅེས་"
414374,417997,3623,"གང་ཟག་དེས་ངོ་སྤྲོད་བཏབས་འོང་ན་དེས་རྣ་ཅོག་ནང་གོ་འགྲོ་དུས་"
417997,422612,4615,"ཆོས་ཉིད་བར་དོའི་སྣང་བ་དེ་ཤར་འོང་ལེ་དང་མཉམ་དུ་རིག་པ་དེ་ལ་གཏད་བཞག་ན་ 7-04"
422612,426444,3832,"གདམས་པ་དེས་དབྱིངས་རིག་མ་བུ་འདྲེས་ནས་ 7-07 དེའི་སྟེང་དུ་གྲོལ་ཐུབ་འགྲོ་གི་རེད་དུས་"
426444,429948,3504,"ཕྱིར་མི་ལྡོག་པའི་ངོ་སྤྲོད་གདབས་ཟེར་དུས་བར་དོ་དང་པོ་དེ་རེད། །"
429948,433218,3270,"གཞན་དུ་སྐྱེ་མེད་ཡི་གེའི་སྒྲས། །གོང་ནས་གོང་དུ་འཕོ་བར་བྱ།"
433218,440173,6955,"ཟེར་དུས་ ད་གཞི་འོད་གསལ་མ་བུ་འདྲེས་མ་ཐུབ་ན་ དབུག་ཆད་འགྲོ་མ་ཐག་"
440173,445084,4911,"ཚེ་ལས་འདས་པའི་རྣམ་ཤེས་དེ་ཡིག་གེ་ཨ་དཀར་པོ་གཅིག་དུ་སྒོམ་ཨ་དཀར་པོ་དེ་"
445084,449870,4786,"སྙིང་ཁ་ནས་ཡར་སྤྱི་གཙུག་གི་བར་དུ་ཤེལ་གྱི་སྦུ་གུ་གཅིག་གི་ནང་ལ་"
449870,456004,6134,"ཨ་མང་པོ་བརྩེགས་འདྲ་ཉི་ཤུ་རྩ་གཅིག་སྒོམ་སྟེ་ དེའི་དབུག་ཆད་འགྲོ་རྒྱུ་དེའི་ལོ་གྲངས་དང་མཉམ་པ་"
456004,461659,5655,"ཨ་ཨ་ཨ་ཨ་ཟེར་བརྒྱ་རྩ་བརྒྱད་བགྲང་བཞག་ན་ ཨ་ཟེར་མཁན་དེ་"
461659,465731,4072,"ཆོས་ཉིད་སྐྱེ་མེད་ཀྱི་དོན་མཚོན་བྱེད་རེད་ ཨ་ཡི་སྒྲ་དེ་དང་ ཨ་བགྲངས་ཚེ་"
465731,470734,5003,"ཆོས་ཉིད་ཀྱི་ངང་དུ་མཉམ་པར་བཞག་ ཁོ་རང་གཞི་འོད་གསལ་ཟིན་མཁན་དེ་གཉིས་ཀྱི་སྒོ་ནས་"
470734,476469,5735,"གོང་ནས་གོང་དུ་འཕོ་སྟེ་ཆོས་ཉིད་བར་དོ་རུ་གྲོལ་འགྲོ་གི་རེད་ ད་དེའི་ཐོག་ནས་གྲོལ་མ་ཐུབ་ན།"
479928,483570,3642,"ནམ་མཁར་ཐིམ་པའི་བརྡར་བཏགས་ཚེ། །ཆོས་ཉིད་བར་དོའི་སྣང་བ་ནི།"
483570,486538,2968,"གསུང་དེ་གཞིའི་འོད་གསལ་མངོན་སུམ་གྱི་ཐོག་དུ་ཕྱིན་འགྲོ་རེད་"
486538,491685,5147,"གཞིའི་འོད་གསལ་དེའི་ཐོག་ལ་ཕྱིན་སོང་ནས་བཟུང་གྲོལ་འགྲོ་རེད་དུས་"
491685,495002,3317,"གཞིའི་འོད་གསལ་ལ་མ་ཕྱིན་ན་ད་ལྟ་རང་རེ་རྣམས་འཁྲུལ་བ་ལུང་མ་བསྟན་"
495002,498187,3185,"ཀུན་གཞི་མུན་ནག་ཐོམ་མེ་བ་དེའི་སྟེང་ལ་རྣམ་ཤེས་ཕར་ཐིམ་འགྲོ་རེད་"
498187,502064,3877,"རྣམ་ཤེས་དེར་ཐིམ་སོང་ན་ཆང་གི་ར་བཟི་སོང་བ་ལྟ་བུ་རེད་འགྲོ་དུས་"
502064,507641,5577,"སེམས་ཀྱི་དྲན་བྱ་དྲན་བྱེད་གང་ཡང་ཡོད་མ་རེད་ དྲན་བྱ་དྲན་བྱེད་མེད་པ་དེ་"
507641,509812,2171,"ནམ་མཁའ་ལ་ནམ་མཁའ་ཐིམ་པའི་བརྡ་བཏག་པ་དྲན་མེད་ཐོམ་མེ་བ་ལས་འདས་པའི་"
509812,511707,1895,"ཡལ་སའི་གཞི་སྟོང་སངས་ཟང་ཐ་ལེ་བ་ཡིན་ དེའི་སྟེང་དུ་མཉམ་པར་བཞག་ཐུབ་དགོས་"
511707,517433,5726,"དེ་མ་ཐུབ་ན་ གཉིས་པ་ཆོས་ཉིད་བར་དོར་ནང་དབྱིངས་སུ་གྲོལ་ཚུལ། ། རྒྱ་ཆད་ཕྱོགས་ལྷུང་བྲལ་བར་འཆར། །དེ་ཚེ་སྤང་བླང་མེད་པ་རུ། །"
517433,521073,3640,"རང་སར་བཞག་པའི་སྐད་ཅིག་མར། །གཞི་ལས་ཁྱད་ཆོས་དྲུག་ལྡན་གྱིས། །"
521073,523001,1928,"འཕགས་པའི་ནང་དབྱིངས་ཆེན་པོར་གྲོལ།"
523001,526755,3754,"གསུང་། ཆོས་ཉིད་བར་དོའི་སྣང་བ་ཚུར་ཤར་དུས་གཞི་ལས་གཞི་སྣང་ཤར་སྟེ་"
526755,530676,3921,"ཆོས་ཉིད་ཀྱི་དགོངས་པ་དེ་སྔར་མཉམ་བཞག་བྱས་པ་ལས་ཀྱང་"
530676,534123,3447,"བར་དོའི་སྐབས་ 8-56 དགུ་འགྱུར་གྱི་གསལ་བར་འཆར་ནས་འཁོར་འདས་ཐམས་ཅད་ལ་ཁྱབ་གསུངས་"
534123,538116,3993,"དཔེར་ན་ནམ་མཁའ་སྟོང་པ་ལ་བལྟས་བཞག་པ་ལྟ་བུ་ཅན་ཅིག་ཤར་འོང་རྒྱུ་རེད་"
538116,543367,5251,"ཤར་འོང་བ་དེ་སྔར་རང་གི་ལུས་རྟེན་འདིའི་སྟེང་དུ་ཁྲེགས་ཆོད་ཀྱི་གདམས་པ་སྒོམ་བསྡད་རྒྱུ་དེ་རེད་"
543367,547850,4483,"དེ་ལ་སྤང་བླང་མེད་པ་ཆོས་ཉིད་དེའི་ངང་ལ་མཉམ་པར་བཞག་ན་མཉམ་པར་བཞག་པའི་སེམས་དེ་དང་"
547850,550479,2629,"གཞི་ཡི་འོད་གསལ་བར་དོར་ཤར་བ་དེ་གཉིས་རོ་གཅིག་ཏུ་འདྲེས་འགྲོ་དུས་"
550479,556323,5844,"དེ་ནས་ཀུན་ཏུ་བཟང་པོ་ལྟར་དུ་རང་ངོར་སྣང་གཞི་ལས་འཕགས་བྱེ་བྲག་༼ཕྱེད་ཕྱེད༽ཐོག་གྲོལ་ གཞན་ལས་མ་བྱུང་རང་སར་གནས་པ་སྟེ་དབྱེར་མེད་དུ་ གཞི་ལ་ཁྱད་ཆོས་དྲུག་ལྡན་གྱིས་ 1-19 སངས་རྒྱས་འགྲོ་དུས་"
556323,559856,3533,"ཉེས་སྤྱོད་གྱི་བར་དོའི་སྣང་བ་ཐམས་ཅད་ཤར་གྱི་མ་རེད་"
559856,562294,2438,"ད་གཞིའི་འོད་གསལ་དེའི་སྟེང་དུ་གྲོལ་མ་ཐུབ་ན། གསུམ་པ་འོད་གསལ་ཟུང་འཇུག་ལ་ཐིམ་པ་ནི། །"
562294,565318,3024,"གལ་ཏེ་དེ་རུ་མ་གྲོལ་ན། །ནམ་མཁའ་འོད་གསལ་ལ་ཐིམ་སྟེ། །"
565318,568584,3266,"ཕྱོགས་དང་ཕྱོགས་མཚམས་ལྔ་ལྡན་གྱི། །ཐིག་ལེ་ཚོམ་བུས་ཁྱབ་པའི་དུས། །"
568584,572208,3624,"རང་སྣང་རང་བཞིན་མེད་པ་རུ། །ངོ་ཤེས་རང་གྲོལ་བཙན་ས་ཟིན།"
572208,577034,4826,"གསུང་ད་དེའི་ཆོས་ཉིད་སྟོང་པ་ཉིད་ཀ་དག་གཞིའི་འོད་གསལ་དེའི་སྟེང་དུ་གྲོལ་མ་ཐུབ་ན་"
577034,581549,4515,"ནམ་མཁའ་འོད་གསལ་ལ་ཐིམ་ཞེས་པ་ཕྱོགས་མཚམ་སྟེང་འོག་ག་ན་བལྟས་བཞག་ན་"
581549,586486,4937,"ཟ་འོག་ཁ་ཕྱེས་པ་ལྟ་བུའི་འཇའ་ཚོན་སྣ་ལྔ་ ཐོད་རྒལ་གྱི་སྣང་བ་ཤར་བསྡད་རྒྱུ་"
586486,590003,3517,"དེ་ནང་བཞིན་ཤར་བས་དེའི་ནང་དུ་ཐིག་ལེ་ཁ་དོག་ལྔ་ལྡན་"
590003,594976,4973,"རྡོ་རྗེ་ལུ་གུ་རྒྱུད་འོད་ཟེར་ལྔ་ལྡན་གྱི་ཚོམ་བུ་བསམ་གྱི་མི་ཁྱབ་པ་ཤར་ཡོང་རྒྱུ་རེད་"
594976,599788,4812,"ཚོམ་བུ་བསམ་གྱི་མི་ཁྱབ་པ་འཆར་འོང་དུས་འོད་དེ་དག་ཐམས་ཅད་ཟེར་སྣང་གཟི་བརྗིད་དང་ལྡན་པ་ཡིན་དུས་"
599788,603334,3546,"ད་ལྟ་ཐོད་རྒལ་ལ་གོམས་སོང་བའི་གང་ཟག་ཅིག་ཡིན་ན་འོད་དེ་ལ་"
603334,607020,3686,"ཕར་མིག་གི་བལྟ་ཚུག་གི་རེད་མ་གཏོགས་ཐོད་རྒལ་ལ་མ་གོམས་པ་ཅིག་ཡིན་ན་"
607020,611754,4734,"འོད་དེ་གཟི་བརྗེད་ཆེ་ཆེ་ནས་ང་ཚོའི་མིག་གིས་ཉི་མ་ལ་བལྟས་པ་འདྲ་བྱས་ནས་བལྟ་ཐུབ་ཀྱི་མ་རེད་"
611754,616765,5011,"དེའི་འོད་གཟི་བརྗིད་ཆེ་པོ་དེ་ཐོད་རྒལ་གྱི་སྣང་བ་ཡིན་པ་ངོ་ཤེས་དུས་"
616765,620843,4078,"སྔར་རང་གི་ཁྲེགས་ཆོད་དང་ཐོད་རྒལ་གྱི་ཉམས་ལེན་ལ་མཉམ་པར་བཞག་པ་ལྟར་"
620843,623522,2679,"རྩེ་གཅིག་ཏུ་མཉམ་པར་བཞག་འོང་ན་དེའི་འོད་སྣང་ཐམས་ཅད་"
623522,625070,1548,"གཞི་གནས་ཀྱི་ཡེ་ཤེས་རང་གི་མངོན་སུམ་མཐོང་བ་ལས་དངོས་སུ་འོད་ཤར་བསྡད་རེད་མ་གཏོགས་"
625070,629169,4099,"ལག་པས་བཟུང་རྒྱུ་དང་ དངོས་པོ་གདོས་བཅས་ཅིག་གདོས་བཅས་མིག་གི་མཐོང་བ་"
629169,631729,2560,"གང་ཡང་ཡོད་མ་རེད་དེ་ཐམས་ཅད་ཡེ་ཤེས་འོད་ཀྱི་སྣང་བ་དེའི་ངང་དུ་"
631729,635829,4100,"ཐམས་ཅད་ཚུར་བསྡུ་ཚར་དུས་དབྱིངས་རིག་དབྱེར་མེད་ཀྱི་དགོངས་པ་ངོ་ཤེས་"
635829,639485,3656,"ངོ་ཤེས་པ་དེའི་སྟེང་དུ་གྲོལ་ཏེ་བཙན་ས་ཟིན་འགྲོ་བ་ཡིན་གསུང་རེད་"
639485,643131,3646,"ད་དེའི་འོད་ཀྱི་སྣང་བ་དེའི་སྟེང་དུ་གྲོལ་མ་ཐུབ་ན། བཞི་པ་ཟུང་འཇུག་ཡེ་ཤེས་ལ་ཐིམ་པ་ནི། །"
643131,646038,2907,"དེ་ལས་འོད་གསལ་ཟུང་འཇུག་ལ། །ཐིམ་པས་སྣང་བ་དེ་རྣམས་ཀུན། །"
646038,649332,3294,"ཁྲོ་བོའི་དཀྱིལ་འཁོར་ཆེར་ཤར་ཏེ། །སྒྲ་འོད་ཟེར་གྱིས་འཇིགས་པའི་ཚེ། །"
649332,653078,3746,"སེངྒེའི་གསོབ་ལྟར་རང་སྣང་ལ། །བག་མི་ཚ་བའི་གདེང་རྙེད་བྱ།"
653078,655460,2382,"གསུང་དུས་ ད་དེའི་འོད་གསལ་ཟུང་འཇུག་ལ་ཐིམ་འོང་དུས་"
655460,658161,2701,"གོང་གི་ཡེ་ཤེས་ཀྱི་རང་འོད་ཐིག་ལེ་སྟོང་པའི་ནང་ནས་"
658161,662675,4514,"ཞི་བ་བཞི་བཅུ་རྩ་གཉིས་ཀྱི་སྐུ་ཤར་བསྡད་པ་ཐམས་ཅད་ཁྲོ་བོ་རུ་གནས་གྱུར་ནས་"
662675,668413,5738,"ཁྲོ་བོ་ཐམས་ཅད་ཀྱིས་ཞལ་གདང་སྤྱན་བགྲད་ཧ་དང་ཧྰུྃ་ཧྰུྃ་དང་ཕཊ་བྷྱོ་ཡི་སྒྲ་དྲག་པོ་སྒྲོག་དུས་"
668413,672537,4124,"འབྲུག་སྟོང་དུས་གཅིག་དུ་གྲགས་པ་ལྟ་བུ་སྒྲ་དང་དབང་ཕྱུག་ཉེར་བརྒྱད་ལ་སོགས་པས་"
672537,675968,3431,"མཚོན་ཆ་མང་པོས་རང་ལ་བརྡེགས་པའི་སྣང་བ་དེ་འདྲ་སྣང་འོང་རེད་"
675968,678771,2803,"དེ་སྣང་བའི་སྐབས་ཡིན་ན་ཐོད་རྒལ་བསྒོམས་པའི་གང་ཟག་ཅན་གཅིག་ཡིན་ན་"
678771,683732,4961,"སྒྲ་དེ་ཆོས་ཉིད་ཀྱི་རང་སྒྲ་ཡིན་པ་ཤེས་ འོད་དེ་ཆོས་ཉིད་ཀྱི་རང་འོད་ཡིན་པ་ཤེས་"
683732,693320,9588,"ཁྲོ་བོ་དེ་ཐམས་ཅད་རང་གི་སྙིང་ཁ་ལ་ཞི་བ་བཞི་བཅུ་རྩ་གཉིས་དང་"
693320,699056,5736,"སྤྱི་བོ་ལ་ཁྲག་འཐུང་ལྔ་བཅུ་རྩ་བརྒྱད་ཡོད་པ་དེ་ དཔེར་ན་མེ་ལོང་གི་ནང་དུ་གདོང་པ་ཤར་བ་ལྟར་"
699056,704625,5569,"ཕྱི་རུ་ཤར་བ་ཡིན་པ་ཤེས་ན་ དཔེར་ན་སེངྒེ་ཡི་གསོབ་གཅིག་གྱོན་ནས་རྒྱུག་ཡོང་གི་ཡོད་ན་"
704625,707860,3235,"དེ་སེངྒེ་དངོས་གནས་རེད་ ང་སྲོག་བཅད་ནས་ཟ་འོང་བསམ་སྐྲག་གི་མ་རེད་"
707860,713594,5734,"དཔེ་དེ་བཞིན་དུ་སེངྒེིའི་གསོབ་དང་འདྲ་འདྲ་རེད་བསམ་སྟེ་ཆོས་ཉིད་མཉམ་པ་ཉིད་ཀྱི་ངང་དུ་"
713594,719765,6171,"མཉམ་པར་བཞག་གཞག་ན་ཁྲོ་བོའི་སྣང་བ་དེ་ཐམས་ཅད་རིག་པའི་ཀློང་དུ་ཚུར་ཐིམ་ཏེ་གྲོལ་འགྲོ་གི་རེད།"
719765,721715,1950,"ད་དེའི་སྟེང་དུ་གྲོལ་མ་ཐུབ་ན། །"
721715,724803,3088,"དེ་བཞིན་བསམ་གཏན་ཞག་ལྔ་ལ། །ཡེ་ཤེས་རིག་པའི་ཚོམ་བུར་སྣང། །"
724803,729885,5082,"རིག་པ་འོད་ལ་འཇུག་པ་དང། །འོད་ཉིད་རིག་པར་འཇུག་པ་རྣམས། །"
729885,733111,3226,"གཞན་མིན་རང་གིས་རང་རྩལ་དུ། །ངོ་ཤེས་བརྟན་པ་ཐོབ་པར་འགྱུར། །"
733111,738525,5414,"ཞེས་གསུང་ ད་དེའི་སྟེང་དུ་གྲོལ་མ་ཐུབ་ན་ ཞག་དང་པོ་ལ་རྣམ་པར་སྣང་མཛད་"
738525,743008,4483,"གཉིས་པ་ལ་མི་བསྐྱོད་པ་ གསུམ་པ་ལ་རིན་ཆེན་འབྱུང་ལྡན་ བཞི་པ་ལ་སྣང་བ་མཐའ་ཡས་"
743008,748343,5335,"ལྔ་པ་ལ་དོན་ཡོད་གྲུབ་པ་སྟེ་རྒྱལ་བ་རིགས་ལྔ་གཙོ་བོ་བྱས་པའི་དེ་ལ་འཁོར་བཞི་རེ་བཞི་རེ་"
748343,752823,4480,"སེམས་དཔའ་སེམས་མ་ ཡབ་ཡུམ་ལྕམ་དྲལ་ཡོད་པའི་ཞིང་ཁམས་ལྔ་རེ་ལྔ་རེ་ཤར་རྒྱུ་རེད་"
752823,757716,4893,"དེ་ཤར་འོང་ན་ཐོད་རྒལ་གོམས་ཚད་ཡོད་པ་ཅིག་ཡོད་ན་འདི་ཐམས་ཅད་ནང་གི་རིག་པ་དེ་ལ་"
757716,762934,5218,"ཡེ་ཤེས་ལྔ་ཡོད་པའི་རང་གདངས་དེ་རེད་ རང་གི་སྙིང་ཁ་ཆོས་ཀྱི་འཁོར་ལོའི་ཞི་བའི་དཀྱིལ་འཁོར་དེ་"
762934,766337,3403,"ཕྱི་རོལ་དུ་ཤར་བ་རེད་བསམ་ཡིད་ཆེས་ཀྱི་དད་པས་གསོལ་བ་བཏབ་བཞག་ན་"
766337,770820,4483,"དེའི་སྐུ་ཡི་སྣང་བ་ཤར་བསྡད་རྒྱུ་དེ་ནང་གི་ཐུག་ཀ་ནས་འོད་ཀྱི་ཟེར་ཐག་ཁྲ་བོ་ཅིག་"
770820,774462,3642,"བུམ་པ་ལ་གཟུང་ཐག་བཏག་ཏེ་རང་གི་སྙིང་ཁ་ལ་བཟུང་བ་ལྟ་བུ་མར་ཟུག་བསྡད་ཡོད་རྒྱུ་རེད་དུས་"
774462,777481,3019,"ཡང་ནས་ཡང་དུ་གསོལ་བ་བཏབ་ན་དེའི་འོད་གསལ་གྱི་སྣང་བ་དེ་"
777481,782407,4926,"སྙིང་ཁ་ལ་ཚུར་བསྡུ་སྟེ་ཐིམ་འགྲོ་དུས་རིག་པ་འོད་ལ་འཇུག་ཟེར་མཁན་དེ་"
782407,786896,4489,"ནང་གི་རིག་པ་དེི་ཕྱིའི་འོད་གསལ་རྒྱལ་བ་རིག་ལྔའི་སྣང་བ་དེ་ལ་འཇུག་"
786896,791448,4552,"འོད་དེ་ཉིད་ནང་གི་རིག་པ་ལ་ཚུར་ཐིམ་དེའི་སྟེང་དུ་གྲོལ་འགྲོ་དུས་"
791448,795692,4244,"ཕྱི་རོལ་གྱི་སྣང་བ་དེའི་བསླུ་ཐུབ་ཀྱི་མ་རེད། གཞན་མིན་རང་གི་རང་རྩལ་དུ།"
795692,800893,5201,"ངོ་ཤེས་བརྟན་པ་ཐོབ་སྟེ་དེའི་སྟེང་གྲོལ་བ་ཡིན་གསུང་ ད་རུང་དེའི་སྟེང་དུ་གྲོལ་མ་ཐུབ་ན། །"
800893,804000,3107,"སླར་ཡང་ཟུང་འཇུག་ཡེ་ཤེས་ལ། །ཐིམ་པས་སྙིང་ནས་མཐིང་དཀར་སེར། །"
804000,807682,3682,"དམར་བའི་འོད་སྣམ་རིམ་བརྩེགས་སྟེང། །སོ་སོའི་མདངས་མཚུངས་ཐིག་ལེ་ནི། །"
807682,811113,3431,"འོད་ལྔའི་ཐིག་ཕྲན་གྱིས་བརྒྱན་པ། །འཆར་ཚེ་གང་ཤར་ཐད་ཀ་རུ། །"
811113,814383,3270,"རིག་པ་གཡོ་མེད་བཞག་པ་ཡིས། །ཡེ་ཤེས་བཞི་སྦྱོར་ཀློང་དུ་གྲོལ།"
814383,819671,5288,"ཟེར་དུས་གོང་གི་སྐུ་ཡི་སྣང་བ་དེའི་སྟེང་དུ་གྲོལ་མ་ཐུབ་ན་ཟུང་འཇུག་ཡེ་ཤེས་ལ་ཐིམ་ཟེར་དུས་"
819671,824091,4420,"སྙིང་ཁ་ནས་འོད་མཐིང་ག་མ་རྒད་ཀྱི་ཕོར་པ་ཁ་སྦུབ་པ་ལྟ་བུ་འོད་མཐིང་ག་གཅིག 13-51"
824091,829510,5419,"དེའི་སྟེང་དུ་ཐིག་ལེ་ཤེལ་གྱི་ཕོར་པ་ཁ་སྦུབ་པ་ལྟ་བུ་འོད་དཀར་པོ།"
829510,835259,5749,"ཡང་དེའི་སྟེང་དུ་གསེར་གྱི་ཕོར་པ་ཁ་སྦུབ་པ་ལྟ་བུ་འོད་སེར་པོ་"
835259,841744,6485,"དེའི་སྟེང་དུ་པདྨ་ར་གའི་ཕོར་པ་ཁ་སྦུབ་པ་ལྟ་བུ་འོད་དམར་པོ་"
841744,848682,6938,"རིམ་པ་བཞིན་དུ་ཐིག་ལེ་དེ་ཐམས་ཅད་ཡར་བརྩེགས་མ་ཡི་ཚུལ་དུ་སྣང་"
848682,852198,3516,"དེ་སོ་སོ་ཡེ་ཤེས་ལྔ་ཡི་རང་མཚུངས་ཀྱི་ཐིག་ལེ་དེ་ཤར་འོང་དུས་"
852198,857179,4981,"རང་གི་རིག་པའི་ངོ་བོ་འདི་ཡང་ཡེ་ཤེས་ལྔ་རེད་ ཡེ་ཤེས་ལྔའི་སྣང་བ་དེ་དག་ཐམས་ཅད་"
857179,861120,3941,"ཕྱི་རོལ་དུ་ཤར་དུས་འདི་རང་གི་རིག་པ་རེད་འགི་བསམ་ནས་རིག་པའི་ཐོག་ལ་བཞག་ན་"
861120,865612,4492,"འོད་ལྔའི་ཐིག་ལེ་དེ་རེ་རེ་ལ་ཐིག་ཕྲན་བཞི་རེ་བཞི་རེས་བརྒྱན་ཡོད་དུས་"
865612,871108,5496,"དེ་ཐམས་ཅད་རང་གི་རིག་རྩལ་ཡིན་པ་ཤེས་ནས་ཐད་ཀར་རིག་པ་གཡོ་བ་མེད་པ་བཞག་དུས་"
871108,877438,6330,"དེའི་འོད་ཀློང་སྣང་བ་དེ་ཐམས་ཅད་རང་གི་རིག་པའི་ཀློང་དུ་ཚུར་བསྡུ་ནས་དེའི་སྟེང་དུ་གྲོལ་འགྲོ་གི་རེད་"
877438,880956,3518,"དེ་ལ་ཡེ་ཤེས་བཞི་སྦྱོར་གྱི་སྣང་བ་ཟེར་ བྱ་བ་གྲུབ་པའི་ཡེ་ཤེས་དེ་"
880956,888928,7972,"ཆོས་ཉིད་ཀྱི་དགོངས་པའི་རྩལ་རྫོགས་མ་ཐུབ་ནས་ 14-52 འོད་ཁ་དོག་ལྗང་གུ་དེ་ཤར་ཐུབ་ཀྱི་མ་རེད་དུས་"
896066,900252,4186,"མཁའ་ལྟར་དག་པའི་འོག་རོལ་དུ། །སྟེང་ཁར་ཁྲོ་བོ་ཐད་ཀ་རུ། །"
900252,903318,3066,"ཞི་བའི་དཀྱིལ་འཁོར་འཁོར་ལོ་སྟེ། །འོག་ཏུ་རིགས་དྲུག་གནས་རིགས་ནི། །"
903318,904983,1665,"འདུལ་བྱེད་སྟོན་པར་བཅས་པ་ཀུན། གཉིས་པ་འཆར་ལུགས་བརྒྱད་ནི། །"
904983,908460,3477,"ཐུགས་རྗེའི་འོད་དང་སྐུ་ཡེ་ཤེས། །གཉིས་མེད་མཐའ་གྲོལ་མ་དག་དང། །"
908460,911844,3384,"དག་པའི་སྒོ་ལྟར་ཤར་བ་ཡིས། །འཁོར་འདས་གཉིས་སུ་རྒྱ་མ་ཆད། །"
911844,915138,3294,"ཆེས་ཕྲའི་ཡེ་ཤེས་ནང་དུ་གསལ། །སྣང་བ་གང་དུའང་མི་ཕྱེད་ལ། །"
915138,918521,3383,"རྟེན་འབྲེལ་ཟང་ཐལ་རྗེན་པའི་ངང། །ཤེས་པ་རྩེ་གཅིག་ཉིད་དུ་གནས། །"
918521,923721,5200,"རྟག་ཆད་མཐའ་གྲོལ་ངོ་བོར་སངས། །སྲིད་པའི་འབྱུང་ཁུངས་མ་འགགས་ཤིང། །"
923721,925515,1794,"འོད་གསལ་ཆོས་ཉིད་མ་བུ་འདྲེས།"
925515,930706,5191,"གསུང་དུས་ད་གོང་གི་འོད་ལྔའི་སྣང་བ་ཕྱོགས་གཅིག་ཤར་བ་དེའི་སྟེང་དུ་མ་གྲོལ་ནས་བཟུང་"
930706,934054,3348,"དེ་ནས་ཡེ་ཤེས་ལྷུན་གྲུབ་ལ་ཐིམ་པའི་ཀ་དག་གི་སྣང་བ་ཟེར་དུས་"
934054,938823,4769,"ད་ནང་གི་རང་གི་རིག་པའི་ཡེ་ཤེས་དེ་ཆོས་ཀྱི་དབྱིངས་སྒྲ་ཇི་བཞིན་པ་"
938823,942424,3601,"ཀུན་ཏུ་བཟང་པོའི་ཐུགས་དགོངས་ལ་ཡོད་པ་ལྟར་དུ་ཤར་འོང་དུས་ནམ་མཁའ་སྟེང་ན་"
942424,947221,4797,"ཆོས་ཉིད་ཀྱི་དགོངས་པ་དེ་ཐམས་ཅད་ཁྱབས་སོང་བ་ལྟ་བུ་གཅིག་ཀ་དག་གི་སྣང་བ་དེ་ཤར་ལེ་རེད།"
947221,952263,5042,"དེ་ཆོས་སྐུའི་སྣང་བ་རེད་དེའི་འོག་དེ་ན་ཁྲོ་བོ་ལྔ་བཅུ་རྩ་བརྒྱད་ཀྱི་དཀྱིལ་འཁོར་རང་བཞིན་ཤར།"
952263,955257,2994,"དེའི་འོག་དེ་ན་ཞི་བ་བཞི་བཅུ་རྩ་གཉིས་ཀྱི་དཀྱིལ་འཁོར་ཤར།"
955257,959582,4325,"དེའི་འོག་དེ་ན་འགྲོ་བ་རིགས་དྲུག་གི་དམྱལ་བ་ཚ་གྲང་ཡི་དྭགས་བཀྲེས་སྐོམ་ལ་སོགས་པ་"
959582,963836,4254,"འགྲོ་བ་རིགས་དྲུག་གི་སྣང་བ་ཐམས་ཅད་ཤར་གྱི་རེད་ དེས་མ་ཚད་འགྲོ་བ་རིགས་དྲུག་གི་ནང་ནས་"
963836,969006,5170,"ལྷ་མ་ཡིན་ལྷ་མི་དེ་རྣམས་ཀྱི་ཐུབ་པ་སོ་སོ་བྱོན་འོང་དུས་འགྲོ་བ་རིགས་དྲུག་"
969006,973067,4061,"སོ་སོའི་དོན་མཛད་པའི་སྣང་བ་འདུལ་བྱེད་སྟོན་པ་ འདུལ་བྱ་སེམས་ཅན་དང་བཅས་པ་ཤར་འོང་རྒྱུ་རེད།"
973067,980133,7066,"ད་དེ་ལྟ་བུའི་སྣང་བ་ཤར་འོང་བའི་ཚེ་ན་དཔེར་ན་སེམས་ཀྱི་ངོ་བོ་དེ་ལས་ ངོ་བོ་སྟོང་པ་ཆོས་སྐུ་"
980133,982844,2711,"རང་བཞིན་གསལ་བ་ལོང་སྐུ་ ཐུགས་རྗེ་འགགས་མེད་སྤྲུལ་སྐུ་རེད་དུས་"
982844,986597,3753,"ཐུགས་རྗེ་འགགས་མེད་སྤྲུལ་སྐུའི་སྣང་བ་རེད་བསམ་ནས་འོད་དང་སྐུ་དང་"
986597,991380,4783,"ཡེ་ཤེས་ཀྱི་སྣང་བ་དེ་ཐམས་ཅད་རང་གི་རིག་པའི་སྣང་བ་རེད་བསམ་ནས་"
991380,997965,6585,"མར་རིག་དྲུག་གི་སྣང་བ་དེ་ལ་རིག་པ་མི་གཏད་ ཡར་ཞི་ཁྲོའི་སྐུ་དང་ཀ་དག་གི་སྣང་བ་ཡོད་པ་དེ་ལ་"
997965,1003222,5257,"ཡར་རིག་པ་གཅིག་གཏད་དུས་ དེའི་སྣང་བ་ཐམས་ཅད་ཆོས་ཉིད་ཀྱི་དབྱིངས་སུ་ཟུག་དུས་ 16-53"
1003222,1007863,4641,"ཡེ་གྲོལ་ཡེ་ཤེས་གཉིས་སུ་མེད། ཡུལ་མེད་ཀྱི་མཐའ་ལས་གྲོལ་འགྲོ་དུས་"
1007863,1011695,3832,"མ་དག་འཁོར་བའི་སྒོ་དེ་བཀག་ དག་པ་མྱ་ངན་ལས་འདས་པའི་སྒོ་དེ་ཤར་བའི་"
1011695,1015448,3753,"འཁོར་འདས་གཉིས་སུ་རྒྱ་མ་ཆད་ འཁོར་འདས་གཉིས་གང་རུང་གཅིག་ཤར་བསྡད་དུས་"
1015448,1020815,5367,"རྒྱ་མ་ཆད་པ་དེའི་ཆོས་སྐུ་ཡེ་ཤེས་ནང་དུ་གསལ་ཏེ་དེའི་སྟེང་དུ་གྲོལ་འགྲོ་གི་རེད་"
1020815,1025717,4902,"མར་རིགས་དྲུག་གི་སྣང་བ་དེ་ལ་སྐྲག་སྣང་ཧ་ཅང་ཆེན་པོ་མེད་པ་ཅིག་ཡོད་རྒྱུ་རེད་གསུང་དུས་"
1025717,1028863,3146,"ཡར་ཞི་ཁྲོ་རབ་འབྱམས་ཀྱི་དཀྱིལ་འཁོར་ལ་སྐྲག་སྣང་ཆེ་པོ་ཡོད་དུས་"
1028863,1032415,3552,"མིག་གི་ཞི་ཁྲོའི་དཀྱིལ་འཁོར་ལ་བལྟ་མི་ཚུག་ མར་རིགས་དྲུག་གི་སྣང་བ་ལ་བལྟས་ན་"
1032415,1037476,5061,"རིགས་དྲུག་གང་ན་རྣམ་ཤེས་དེ་འཇུག་སོང་ན་ དམྱལ་བ་ལ་འཇུག་ན་དམྱལ་བ་"
1037476,1040597,3121,"ཡི་དྭག་ལ་འཇུག་ན་ཡི་དྭག་ དེའི་སྐྱེ་བ་ཕར་ལེན་འགྲོ་གི་རེད། དེའི་དུས་ཚོད་དེ་ལ་བརྟེན་ནས་"
1040597,1043946,3349,"འོག་གི་སྣང་བ་དེ་ལ་བལྟ་ཉན་གྱི་མ་རེད་ ནང་གསལ་ཆོས་སྐུ་ལ་རིག་པ་གཏད་ན་"
1043946,1050121,6175,"དེའི་ངོ་བོ་ལ་གྲོལ་འགྲོ་གི་རེད་ དེ་ནས་ཡེ་ཤེས་ནང་དུ་བསྡུ་ཚར་ལེ་རེད་ 17-42"
1050121,1053104,2983,"ཀུན་གསལ་འགགས་པ་མེད་པའི་ཡེ་ཤེས་ནང་དུ་གསལ་བ་ཡིན་ཟེར། །"
1053104,1057492,4388,"ཆེས་ཕྲའི་ཡེ་ཤེས་ནང་དུ་གསལ། །སྣང་བ་གང་དུའང་མི་ཕྱེད་ལ། །"
1057492,1060802,3310,"རྟེན་འབྲེལ་ཟང་ཐལ་རྗེན་པའི་ངང། ཤེས་པ་རྩེ་གཅིག་ཉིད་དུ་གནས། །"
1060802,1064120,3318,"རྟག་ཆད་མཐའ་གྲོལ་ངོ་བོར་སངས། །སྲིད་པའི་འབྱུང་ཁུངས་མ་འགགས་ཤིང། །"
1064120,1065878,1758,"འོད་གསལ་ཆོས་ཉིད་མ་བུ་འདྲེས། །"
1065878,1071632,5754,"གསུང་དུས་ ཕྱི་སྣང་བ་ལ་བལྟས་བཞག་ན་ས་རྡོ་རི་བྲག་གི་སྣང་བ་གང་དུ་ཡང་མེད་པས་"
1071632,1077589,5957,"རྡོས་བཅས་ཀྱི་དྲི་མ་མེད་པ་ནང་གི་རིག་པ་ལ་བལྟས་བཞག་ན་རྡོས་བཅས་ཀྱི་ལུས་འདི་རིག་པ་མ་སྐྱེས་"
1077589,1083164,5575,"རིག་པ་གཅེར་བུ་ལ་བུད་ཡོད་དུས་ཐམས་ཅད་ལ་ཁྱབ་ རི་བྲག་ཐམས་ཅད་ག་ན་འགྲོ་དགོས་ན་"
1083164,1089791,6627,"ཐོག་པ་མེད་མཁན་ སེམས་ཀྱི་ག་ན་བསམ་ན་ཡུད་ཙམ་ 18-20 སྣང་བ་ཤར་འོང་བའི་ཚེ་ན་"
1089791,1094525,4734,"ཤེས་པ་རྩེ་གཅིག་ཉིད་དུ་གནས་པ་གྱུར་བ་དེ་ལ་རིག་པའི་ངོ་བོ་ལ་ཚུར་བལྟས་ན་"
1094525,1099817,5292,"ཡོད་པ་རྟག་པའི་མཐའ་དང་རྟག་བརྟན་ཐེར་ཟུགས་མཛུག་མོ་འཛུགས་རྒྱུ་དངོས་པོ་མཚན་མ་མེད་པ་"
1099817,1104181,4364,"ཆད་པའི་མཐའ་ཅི་ཡང་མེད་པ་བུམ་པ་སྟོང་པ་ལྟ་བུ་མ་ཡིན་པ་"
1104181,1105719,1538,"འོད་གསལ་རིག་པའི་ངོ་བོ་རྟག་ཆད་དང་བྲལ་བ་སྟེ་ དེའི་ངང་དུ་མཉམས་པར་བཞག་ཐུབ་ན་"
1105719,1108552,2833,"སྲིད་པ་ཁམས་གསུམ་འཁོར་བའི་འབྱུང་ཁུངས་ཐམས་ཅད་མར་འཁྲུལ་རྒྱུ་"
1108552,1110692,2140,"འོད་གསལ་ཆོས་ཉིད་སྟེ་མ་བུ་འདྲེ་འགྲོ་རྒྱུ་རེད་ཟེར་ 18-42 མཉམ་པར་བཞག་མ་ཐུབ་ན་"
1110692,1112164,1472,"འཁྲུལ་ཆོག་ཆོག་རེད་དུས་ །"
1112164,1119026,6862,"དེ་ལྟར་འཆར་ཚུར་བརྒྱད་པོ་ཡང། །རིག་གདངས་གཅིག་གི་ལྡོག་ཆ་ལས། །"
1119026,1120710,1684,"འཁོར་འདས་སྣང་ཆ་མ་འགགས་ཤར།"
1120710,1128376,7666,"གསུང་དུས་ད་དེའི་ཆོས་ཉིད་བར་དོའི་སྣང་བ་བརྒྱད་ཤར་རྒྱུ་དེ་མར་བཤད་པའི་ཚེ་ན་"
1128376,1132642,4266,"རིམ་པ་བཞིན་དུ་མི་བཤད་པའི་ཐབས་ཡོད་མ་རེད་ འཆར་བའི་ཚེ་ན་དུས་གཅིག་དུ་འཆར་འོང་རེད་"
1132642,1136714,4072,"འཆར་བ་དུས་གཅིག་དུ་འཆར་དུས་འཆར་ཚུལ་འདྲ་མི་འདྲ་རྣམ་པ་བརྒྱད།"
1136714,1140883,4169,"ལྷུན་གྲུབ་སྒོ་བརྒྱད་གྱི་སྣང་བ་དེ་ཤར་ནས་ ནང་གི་རིག་པ་གཅིག་གི་ལྷོང་རེད་"
1140883,1145372,4489,"དཔེར་ན་ཕྱོགས་བཞི་མཚམ་བརྒྱད་ལ་མེ་ལོང་བཏགས་ནས་ མི་གཅིག་དབུས་དེ་ན་བསྡད་ན་"
1145372,1148114,2742,"མེ་ལོང་བརྒྱད་གྱི་ནང་ལ་མི་གཅིག་གི་གདོང་པ་བརྒྱད་ཤར་རྒྱུ་རེད་དུས་"
1148114,1150931,2817,"དཔེ་དེ་ལྟ་བུ་རེད་དེའི་ཕྱིར་ན་རིག་གདངས་གཅིག་གི་ཆོ་འཕྲུལ་ 19-24"
1150931,1155952,5021,"ནམ་མཁའ་ལ་ཤར་བཞིན་པའི་རིག་པ་དེ་ངོ་ཤེས་ན་ཡར་མྱ་ངན་ལས་འདས་པ་སངས་རྒྱས་གོ་འཕང་ཐོབ།"
1155952,1158469,2517,"ངོ་མ་ཤེས་ན་མར་ཁམས་གསུམ་འཁོར་བར་ལྷུང་འགྲོ་རེད་"
1158469,1162493,4024,"འཁོར་འདས་གཉིས་ག་ན་འགྲོ་དགོས་ན་འགྲོ་ཆོག་ཆོག་འདྲ་བ་མ་གཏོག་བརྟན་པོ་རེད་ཡོད་མ་རེད་"
1162493,1167260,4767,"ངོ་ཤེས་རིག་པའི་ཐོག་ནས་མཉམ་པར་བཞག་ན་ ངོ་ཤེས་ རྩལ་རྫོགས་"
1167260,1171455,4195,"བརྟན་པ་ཐོབ་ཟེར་རྒྱུ་དེ་རེད་ དང་པོ་འོད་གསལ་གྱི་སྣང་བ་ཡིན་པ་ངོ་ཤེས་"
1171455,1175650,4195,"ངོ་ཤེས་པའི་སྟེང་ལ་འོད་གསལ་གྱི་སྣང་བ་དེ་དག་ཐམས་ཅད་རང་གི་རིག་པའི་ངོ་བོ་རེད་བསམ་ནས་"
1175650,1180838,5188,"རིག་པ་མ་ཡེང་པའི་ངོ་བོ་ལ་བཞག་གཞག་ན། སྣང་བ་དེ་ཐམས་ཅད་ཡར་རྩལ་རྫོགས་ནས་"
1180838,1183972,3134,"རིག་པ་རྗེན་པ་ཤར་དུས་སྣང་བ་རྩལ་རྫོགས་ཚར་བ་དང་མཉམ་དུ་"
1183972,1188215,4243,"ཆོས་ཉིད་ཀྱི་དགོངས་པ་ལས་མ་གཡོས་ན་སྣང་བ་དེ་ཐམས་ཅད་འོད་ཀྱི་ནང་དུ་ཚུར་བསྡུ་སྟེ་"
1188215,1191048,2833,"དེའི་སྟེང་དུ་གྲོལ་འགྲོ་དུས་བརྟན་པ་ཐོབ་ཟེར་མཁན་དེ་རེད།"
1191048,1197628,6580,"དེ་ལྟ་བུ་ཆོས་ཉིད་བར་དོའི་སྣང་བ་རེད་དེའི་རྗེས་སུ་ད་རུང་བར་དོའི་གནས་སྐབས་ན།"
1197628,1201614,3986,"གསུམ་པ་རྗེས་དྲན་དྲུག་ནི། ། གཞན་ཡང་ལྷ་དང་ལམ་སྐྱེ་གནས། །བསམ་གཏན་ལྟ་བ་གདམས་ངག་རྣམས། །"
1201614,1204612,2998,"རྗེས་སུ་དྲན་པས་ཡིད་དམ་ལྷའི། །ཞལ་མཐོང་བར་དོའི་ཆོས་ཉིད་དབང། །"
1204612,1207424,2812,"སྤྲུལ་སྐུའི་ཞིང་དུ་དབུགས་འབྱིན་ཞིང།"
1207424,1210929,3505,"གསུང་རྒྱུ་དེ་རེད་དུས་ གཞན་ཡང་དཔེར་ན་རང་གིས་ཡིད་དམ་ལྷག་པའི་ལྷ་"
1210929,1215693,4764,"རྡོ་རྗེ་སེམས་དཔའ་དང་རྡོ་རྗེ་ཕུར་པ་ལྟ་བུ་ཡིན་ན་བར་དོའི་འཇིག་སྐྲག་ཤར་འོང་བ་དང་མཉམ་དུ་"
1215693,1219607,3914,"ཡིད་དམ་ལྷག་པའི་ལྷ་དྲན་ན་འདྲ་ རང་གི་རྩ་བའི་བླ་མ་དྲན་ན་འདྲ་"
1219607,1223614,4007,"དེའི་གདམ་ངག་དྲན་འོང་དུས་ལམ་སང་བར་དོ་ནས་ཞལ་མཇལ་ཏེ་གྲོལ་འགྲོ་རྒྱུ་རེད།"
1223614,1227001,3387,"གཞན་ཡང་ཀ་དག་ཁྲེགས་ཆོད་དང་ལྷུན་གྲུབ་ཐོད་རྒལ་གྱི་ལམ་དང་"
1227001,1235459,8458,"བར་དོ་རྒྱུ་མ་དང་རྨི་ལམ་ལྟ་བུའི་བར་དོའི་འཇིག་སྐྲག་ལ་ཡ་ང་མི་དགོས་བསམ་པ་ཅན་གྱི་གདིང་ཅིག་ཡོད་ན་"
1235459,1239013,3554,"དེའི་སྟེང་ལ་གྲོལ་འགྲོ་རྒྱུ་རེད་དུས་ལམ་རྗེས་སུ་དྲན་པ་དེ་རེད།"
1239013,1243470,4457,"སྐྱེ་གནས་རྗེས་སུ་དྲན་པ་ཟེར་དུས་སྔར་བླ་མས་རང་ལ་གདམ་ངག་གསུང་པ་དེ་"
1243470,1247686,4216,"བར་དོ་ལ་སླེབ་དུས་བར་དོ་གནས་སྐབས་འདི་ན་སྐྱེ་གནས་བཟང་པོ་ལ་ཡར་གདམས་ཏེ་"
1247686,1251862,4176,"དག་པའི་ཞིང་ཁམས་ལ་སོགས་པ་འདུན་པ་གཏད་དགོ་བསམ་ནས་སྐྱེ་གནས་བཟང་པོ་ལ་སྐྱེས་ན་"
1251862,1254422,2560,"བདེ་བ་ཅན་དང་ཟངས་མདོག་དཔལ་རིའི་སྨོན་ལམ་གྱིས་དེར་གྲོལ་འགྲོ་རྒྱུ་རེད་དུས་"
1254422,1259104,4682,"སྐྱེ་གནས་རྗེས་སུ་དྲན་པ་དེ་རེད་ དེ་ནས་ཆོས་ཉིད་ཀྱི་ལྟ་བ་ལ་གོམ་ཡོད་པའི་གཏིང་ངེ་འཛིན་དྲན་ན་"
1259104,1262410,3306,"དེའི་སྟེང་དུ་གྲོལ་འགྲོ་དུས་བསམ་གཏན་རྗེས་སུ་དྲན་པ་རེད།"
1262410,1265576,3166,"ལྟ་བ་ཟེར་དུས་རྟོགས་པའི་ཉམས་མྱོང་ཡོད་པ་དེའི་སྟེང་དུ་གྲོལ་འགྲོ་དུས་"
1265576,1269375,3799,"བླ་མའི་གདམས་ངག་རྣམས་རྗེས་སུ་དྲན་པས་ཡི་དམ་ལྷ་ཡི་ཞལ་མཐོང་"
1269375,1273016,3641,"བར་དོ་འཁྲུལ་པའི་དབང་དུ་མི་འགྲོ་བའི་ཆོས་ཉིད་ཀྱི་དབང་དུ་གྱུར་ཏེ་"
1273016,1278750,5734,"རང་གི་འདུན་པ་གར་གཏད་ས་དེ་རུ་སྤྲུལ་སྐུའི་ཞིང་ཁམས་ལ་དབང་སྒྱུར་བ་ཡིན་ཟེར། །"
1278750,1281933,3183,"བསམ་གཏན་ལ་གནས་རང་སྣང་དང། །གཉིས་སུ་མེད་སྤྱོད་སྔར་འདྲིས་ཀྱི། །"
1281933,1283894,1961,"མི་དང་འཕྲད་བཞིན་གྲོལ་བར་ཐོབ། །"
1283894,1287551,3657,"གསུང་དུས་བསམ་གཏན་ལ་གནས་ཞེས་བར་དོ་ངོས་ཟིན་ན་"
1287551,1292930,5379,"ད་ལྟ་དཔེར་ན་རིག་པ་མ་བཅོས་པའི་ངང་ན་ཆུ་ཚོད་གཅིག་གནས་ཀྱི་ཡོད་ན་"
1292930,1295567,2637,"བར་དོའི་གནས་སྐབས་ན་ཆུ་ཚོད་ལྔ་ཚད་ལ་གནས་ཀྱི་རེད་"
1295567,1301420,5853,"ཆུ་ཚོད་ལྔ་ཡི་ཚད་ལ་གནས་པ་དེའི་སྟེང་དུ་མཉམ་པར་བཞག་ན་རང་སྣང་རང་བཞིན་མེད་པར་གྲོལ་འགྲོ་རྒྱུ་རེད་དུས་"
1301420,1304004,2584,"རང་བཞིན་གྱི་བསམ་གཏན་ལ་གནས་ཟེར་རྒྱུ་དེ་རེད་"
1304004,1308684,4680,"ཕྱིའི་དབྱིངས་ལ་སྣང་བ་ཤར་ལུགས་བརྒྱད་ཡོད་པ་དེ་དག་ནང་གི་རིག་པ་གཉིས་"
1308684,1313024,4340,"གཉིས་སུ་མེད་པ་སྤྱོད་སྟེ་ཕྱིའི་ཡུལ་གྱི་སྟེང་དུ་ 22-07 ཕར་སེམས་མ་ཤོར་ན་"
1313024,1315942,2918,"སྔར་འདྲིས་ཀྱི་མི་དང་འཕྲད་པ་བཞིན་དུ་གྲོལ་བ་ཐོབ་ཀྱི་རེད་"
1315942,1319813,3871,"དེ་བཞིན་དུ་སྔོན་གྱི་སྐྱེ་གནས་དང་ཟེར་དུས་ བར་དོའི་སེམས་ཅན་དེ་ལ་"
1319813,1323420,3607,"རང་བཞིན་སྐྱེ་བ་སྔ་མ་ལས་ཀྱི་མངོན་ཤེས་ཡོད་རེད་ མངོན་ཤེས་ཡོད་དུས་"
1323420,1327750,4330,"ང་སྐྱེ་བ་སྔ་མ་ག་ན་སྐྱེ་འདུག་བསམ་ནས་སྐྱེ་བ་སྔ་མ་བླ་མ་འདི་ལྟ་བུ་བསྟེན་"
1327750,1330941,3191,"གདམས་ངག་འདི་ལྟ་བུ་ཅིག་ཐོབ་ཡོད་བསམ་ནས་སྐྱེ་གནས་དྲན་འོང་དུས་"
1330941,1333299,2358,"ད་ངས་བར་དོ་ལ་གདམས་ངག་དེ་ཉམས་སུ་ལེན་དགོས་ས་རེད་བསམ་ནས་སྒོམ་ན་"
1333299,1340619,7320,"དེའི་སྟེང་ནས་ཡང་གྲོལ་འགྲོ་རྒྱུ་རེད་ དེ་ནས་ཡང་མེད་ན་གསུང་དུས་འཆི་བའི་དུས་ལ་བབ་པ་ན་ 22-36"
1340619,1343242,2623,"དག་པའི་ཞིང་ཁམས་གཅིག་ལ་འཕོ་དགོས་འདུག་བསམ་པ་དང་"
1343242,1348286,5044,"སྐྱེ་བ་བཟང་པོ་རབ་ཏུ་ཞིང་ཁམས་ལ་འགྲོ་མ་ཐུབ་ནའང་ཆོས་ལྡན་ཀྱི་ཕ་མ་དང་མཉམ་དུ་ལུས་ལེན་ཏེ་"
1348286,1350694,2408,"དེའི་དྲུང་དུ་དམ་པའི་སྒོ་རུ་ཞུགས་ཏེ་གྲོལ་དགོས་སོ་བསམ་ནས་"
1350694,1354663,3969,"སྐྱེ་བའི་ཕ་རོལ་གྱི་སེམས་ཤེས་པ་དང་སྣང་བ་ཀུན་རྫོབ་ཐམས་ཅད་ཤེས་སྟེ་"
1354663,1362011,7348,"རིམ་པ་བཞིན་དུ་གྲོལ་འགྲོ་རྒྱུ་རེད། གྲོལ་བ་དེ་ལ་རྟེན་ལྐོག་གྱུར་གྱི་ཆོས་ཐམས་ཅད་"
1362011,1367075,5064,"ཤེས་རིགས་དྲུག་གི་གནས་ཐམས་ཅད་མཐོང་དབང་པོ་སྒོ་ལྔ་མ་འགགས་པ་ཡོད་རྒྱུ་རེད།"
1367075,1370754,3679,"དབང་པོ་སྒོ་ལྔ་ལས་མིག་གི་མངོན་ཤེས་ལྔ་ 23-06 རྣ་བའི་མངོན་ཤེས་ལྔ་ལ་སོགས་པ་"
1370754,1375605,4851,"མངོན་ཤེས་དྲུག་ཐམས་ཅད་འཆར་རྒྱུ་རེད་ མངོན་ཤེས་དྲུག་པོ་ཐམས་ཅད་ཤར་བར་གྱུར་བ་དེའི་ཚེ་ན་"
1375605,1378143,2538,"འོད་གསལ་ལྷུན་གྲུབ་ཀྱི་སྣང་བ་ལ་མཉམ་པར་བཞག་འོང་དུས་"
1378143,1380956,2813,"མངོན་ཤེས་དྲུག་གིས་སོམ་ཉི་འམ་ཐེ་ཚོམ་མེད་པར་གདིང་བཅའ་ན། བཞི་པ་ནི་ཐིམ་ལུགས་བརྒྱད་ནི། །"
1380956,1384789,3833,"འཆར་ལུགས་བརྒྱད་ཀྱང་རང་ཐིམ་སྟེ། ཕྱི་མཐོང་བ་མིག་ལ་ཤར་རྒྱུ་དེ་ 23-20"
1384789,1387535,2746,"ཆར་ལུགས་བརྒྱད་ནང་དབྱིངས་སུ་ཐིམ་འགྲོ་དུས་ །ཐུགས་རྗེ་ཐུགས་རྗེ་ལ་ཐིམས་པས། །"
1387535,1392493,4958,"ཟེར་དུས། ཐུགས་རྗེ་ཀུན་ཁྱབས་རིགས་པའི་རྩལ་དེ་ནང་གི་ཐུགས་རྗེའི་འཆར་གཞི་དེ་ལ་ཚུར་ཐིམ། །"
1392493,1396532,4039,"རིག་དྲུག་འཁོར་བའི་འཁྲུལ་སྣང་ཟད། །འོད་ཉིད་འོད་ལ་ཐིམ་པ་ཡིས། །"
1396532,1398124,1592,"འཇའ་ཚོན་ནམ་མཁར་ཡལ་བ་བཞིན།"
1398124,1400790,2666,"ཟེར་དུས་ ཕྱི་རོལ་འོད་ལྔའི་སྣང་བ་ཤར་བསྡད་རྒྱུ་དེ་"
1400790,1406001,5211,"ནང་གི་རིག་པ་དབྱིངས་ཀྱི་འོད་ཡོད་རྒྱུ་དེ་ལ་ཚུད་ནས་ འཇའ་ཚོན་ནམ་མཁའ་ལ་ཡལ་བ་ལྟ་བུ་རེད་ །"
1406001,1409395,3394,"སྐུ་ཉིད་སྐུར་ཐིམ་མཚན་མ་ཡི། །ཞལ་ཕྱག་ནང་གསལ་ཆེན་པོར་དག"
1409395,1414932,5537,"ཟེར་ ཞི་ཁྲོ་གི་སྐུ་ཤར་བསྡད་པ་དེ་ཐམས་ཅད་ཚུར་བསྡུ་འོང་དུས་"
1414932,1419988,5056,"རིག་པ་རང་བྱུང་གི་སྐུ་ཡོད་པ་དེ་ལ་ཐིམ་འོང་དུས་ འདི་ཞི་བ་རེད་"
1419988,1422925,2937,"འདི་ཁྲོ་བོ་རེད་བསམ་རྒྱུ་ཞལ་ཕྱག་གི་མཚན་མ་ཡོད་མ་རེད་"
1422925,1426244,3319,"ནང་ནས་ཕར་ཤར་བཞག་ན་ཤར་ཆོག་ཆོག་ནང་གསལ་ཆེན་པོར་དག་"
1426244,1430806,4562,"ཡེ་ཤེས་ཡེ་ཤེས་ལ་ཐིམ་འགྲོ་དུས་ཡུལ་དང་ཡུལ་ཅན་གཉིས་སུ་མེད་པའི་སྒོ་ནས་"
1430806,1435502,4696,"ཆོས་ཉིད་མ་བུ་དབྱེར་མེ་དུ་འདྲེས། ཡུལ་དང་ཡུལ་ཅན་གཉིས་སུ་མེད་པའི་ངོ་བོ་དེ་"
1435502,1440675,5173,"དབྱིངས་རིག་གཉིས་མེད་ཀྱི་ངོ་བོ་ལ་ཐིམ་དུས་གདོད་མའི་ཆོས་སྐུ་ཆེན་པོའི་ཀློང་དུ་ཐིམ་སྟེ་"
1440675,1443550,2875,"སླར་ཡང་དེ་ནས་ཚུར་འཁྲུལ་བ་མེད་པ་འཇུག་ལྡང་དང་བྲལ། །"
1443550,1445493,1943,"མཐའ་གྲོལ་མཐའ་གྲོལ་ལ་ཐིམ་པས། །"
1445493,1449033,3540,"གསུང་དུས་ ཡོད་མེད་རྟག་ཆད་གྱི་མཐའ་ལས་གྲོལ་བའི་ཆོས་ཉིད་ཀྱི་དགོངས་པ་དེ་ 24-26 །"
1449033,1452570,3537,"བློ་འདས་ཆེན་པོའི་དགོངས་པར་གནས། །མ་དག་ཡེ་ཤེས་སྒོར་ཐིམ་པས།"
1452570,1456859,4289,"ཟེར་ མ་དག་རིགས་དྲུག་གི་སྣང་བ་ཐམས་ཅད་དག་པ་ཡེ་ཤེས་ཀྱི་སྒོ་རུ་ཐིམ་ནས་ །"
1456859,1462166,5307,"ཐིག་ལེ་ཉག་ཅིག་གི་ངོ་བོའི་ཀློང་དུ་འདྲེས། །དག་པ་ཡེ་ཤེས་ཀྱི་ངོ་བོ་དེ་ལ་ཐིམ་པས།"
1462166,1465642,3476,"ཚེ་གཅིག་གི་གདོད་མའི་བཙན་ས་ཟིན་པར་གྱུར་བ་ཡིན་"
1465642,1470731,5089,"ཀུན་ཏུ་བཟང་པོ་ཁྱད་ཆོས་དྲུག་གི་སངས་རྒྱས་པ་ཡིན་ཟེར།"
1473896,1477429,3533,"འཆི་ཁ་བར་དོ་དང་གཉིས་ ཆོས་ཉིད་བར་དོ་གསུམ་དུ་གྲོལ་བའི་གནད་དེ་"
1477429,1483159,5730,"ཕྱི་རོལ་གྱི་སྣང་བའི་འཆར་སྒོ་ཐམས་ཅད་བར་དོའི་སྣང་བ་འཆར་ལུག་བརྒྱད་གསུང་པ་"
1483159,1487672,4513,"དེ་ཐམས་ཅད་རང་གི་རྣམ་རྟོག་གིས་བཏགས་བཞག་ན་མཐའ་ཅིག་ཀྱང་མེད་ཀྱང་"
1487672,1493045,5373,"རིག་པ་རང་ས་གཅིག་ཟིན་བསྡད་ན་ དཔེར་ན་རྟ་བརྒྱད་ཐམས་པ་ཡོད་ན་ཐག་པ་གཅིག་གི་བརྟོད་བཞག་ན་"
1493045,1497581,4536,"ཐག་པ་དེ་ཟིན་ན་རྟ་གང་ག་ཟིན་འགྲོ་རྒྱུ་རེད་ དཔྱོད་མཁན་ནང་གི་རིག་པ་དེ་ལ་"
1497581,1502189,4608,"ཚུར་བརྟག་པས་བར་དོའི་སྣང་བ་དེ་ཕྱི་རོལ་རྡོས་བཅས་ཀྱི་རྣམ་པ་གང་ཡང་གྲུབ་ཡོད་མ་རེད་"
1502189,1506397,4208,"གྲུབ་པ་མེད་ན་དེའི་ངང་དུ་བཞག་ན་མི་འགྲིག་བསམ་རྒྱུ་གི་འཛིན་པ་ཡོངས་རྫོགས་"
1506397,1511392,4995,"མེད་སྣང་དེ་ཡང་རང་སར་གྲོལ་བས་ཉམས་ལེན་གྱི་སྙིང་པོ་ཡིན་པས་ན་དེ་ལྟ་བུ་ཉམས་ལེན་བྱས་ན་"
1511392,1516196,4804,"དབང་པོ་རབ་བར་དོར་གྲོལ་བའི་གདམས་ངག་དེའི་ནང་ནས་ འཆི་ཁ་བར་དོ་དང་"
1516196,1520909,4713,"རང་བཞིན་བར་དོ་ སྐྱེ་གནས་བར་དོ་གསུམ་གྱི་ཉམས་ལེན་གྱི་སྙིང་པོའི་གདམ་པས་བསྟན་པའོ།"
1649019,1654153,5134,"མདོ་བརྒྱུད་བསྟན་བཅོས་དྲི་མ་མེད་པ་རྣམས་ལས་ཇི་སྐད་གསུང་པ་བཞིན་དུ་གསལ་བཏབས་ཏེ་"
1654153,1658138,3985,"ལེགས་པར་གསན་པ་གནང་བར་ཞུ། དེ་ལ་འདིར་གང་གསན་པའི་ཆོས་ཀྱི་རིམ་པ་ནི་"
1658138,1661733,3595,"རང་བཞིན་རྫོགས་པ་ཆེན་པོའི་ལམ་ཉམས་སུ་ལེན་པ་དེ་ལ་"
1661733,1666419,4686,"སྔོན་འགྲོ་ དངོས་གཞི་ རྗེས་ཀྱི་རིམ་པ་གསུམ་དུ་ཡོད་པ་ལས་"
1666419,1672815,6396,"སྔོན་འགྲོའི་རིམ་པ་དེ་ཉིད་སོང་ཟིན་ཏེ། གཉིས་པ་དངོས་གཞི་ཁྲིད་ཀྱི་རིམ་པ་བཤད་པ་"
1672815,1676051,3236,"དབང་པོ་རབ་ཚེ་འདིར་གྲོལ་བ་ འབྲིང་བར་དོར་གྲོལ་བ་"
1692131,1701327,9196,"དེ་རིང་སྲིད་པ་བར་དོའི་ཉམས་ལེན་ཡིན་ཏེ། །"
1704392,1707940,3548,"ཇི་ཙམ་གནས་ཀྱི་ཕྱེད་ཆ་ཡན། །སྔ་མའི་གཟུགས་ཀྱི་རྣམ་པ་དང།"
1707940,1711190,3250,"གཅིག་ཤོས་ཕྱི་མའི་གཟུགས་འཛིན་ཞིང་། །དྲི་ཟ་ཕྲ་མོའི་མངོན་ཤེས་ཅན། །"
1711190,1714698,3508,"ངེས་མེད་རྨི་ལམ་ལྟ་བུ་རུ། །སྣང་བ་བན་བུན་བཟའ་གཏད་བྲལ།"
1714698,1722506,7808,"གསུང་དུས་ད་འཆི་ཁ་དང་ཆོས་ཉིད་བར་དོ་སྲིད་པ་བར་དོ་གསུམ་དུ་ངོ་མ་ཤེས་དུས་"
1722506,1725861,3355,"ཉམས་ལེན་གྱི་གདིང་མེད་པས་གྲོལ་མ་ཐུབ་སྟེ་"
1725861,1730940,5079,"གོམ་པའི་སྟོབས་ཞན་པོས་སྲིད་པ་བར་དོ་ 28-56 ཁ་འཁྱལ་ཚེ་ཟེར་དུས་སྲིད་པ་བར་དོའི་ཡུལ་དེ་ལ་"
1730940,1734776,3836,"ཞག་ཇི་ཙམ་གནས་དགོས་ན་དཔེར་ན་བདུན་ཕྲག་གཉིས་ལྟ་བུ་གནས་དགོས་ན་"
1734776,1740082,5306,"བདུན་ཕྲག་དང་པོའི་ཚེ་ད་ལྟའི་ལུས་རྟེན་འདིའི་ 29-06 གཟུགས་ཀྱི་རྣམ་པ་ཡོད་པ་"
1740082,1744333,4251,"བདུན་ཕྲག་རྗེས་མ་སྐྱེ་བ་ཕྱི་མ་གང་དུ་ལུས་ལེན་དགོས་ན་"
1744333,1746918,2585,"དེའི་གཟུགས་ཀྱི་རྣམ་པ་ཅན་དུ་སྣང་བ་ཤར་ཡོད་ཀྱི་རེད་"
1746918,1750841,3923,"དྲི་ཟ་ཞེས་པ་དེ་འདོད་པའི་ཡོན་ཏན་ལྔ་མིག་གི་མཐོང་ནའང་"
1750841,1756919,6078,"གསུར་མེ་ལ་བསྲེགས་པའི་དྲི་ཙམ་མ་གཏོགས་གཞན་ལ་ལོངས་སྤྱོད་དུ་མི་ནུས་པ་དྲི་ཟ་དང་"
1756919,1761887,4968,"མངོན་པར་ཤེས་པ་ཡོད་པས་ན་གཞན་ཕ་རོལ་པོ་རྣམས་ཀྱི་སེམས་ལ་གང་དྲན་ཤེས་པ་དང་"
1761887,1769492,7605,"རིགས་མཐུན་ལྷ་མིག་དག་པས་མཐོང་། 29-35གསུང་དུས་མིའི་རིག་ག་ཚད་ཡིན་མི་རིགས་"
1769492,1774007,4515,"ལྷ་ཡི་ག་ཚད་ཡིན་ན་ལྷ་རིགས་ཐམས་ཅད་ཚུལ་མཐུན་དུ་ཤེས་ཤིང་"
1774007,1780517,6510,"དེའི་དབང་གིས་ག་ན་འདུག་ འདི་ན་གནས་བྱ་བ་འདི་བྱེད་བྱ་བ་འདི་མི་བྱེད་ཀྱི་གཏད་སོ་ངེས་པ་མེད་པ་"
1780517,1787739,7222,"དཔེར་ན་རྨི་ལམ་གྱི་སྐབས་ཡིན་ན་ ད་ལྟ་ཡུལ་འདི་ལྟ་བུ་གཅིག་ལ་བསྡད་ཡོད་པའི་སྣང་བ་བྱུང་ན་"
1787739,1791326,3587,"སྐྱེ་བ་རྗེས་མ་ལ་དེའི་སྐད་ཅིག་མ་གཅིག་གནས་འགྱུར་འགྲོ་དུས་"
1791326,1796166,4840,"ཡང་རྒྱ་གར་ལྟ་བུ་ས་འབྲེལ་ཡོད་པའི་སྣང་བ་ཤར་དུས་ དཔེ་དེ་ལྟ་བུའི་སྣང་བ་ཤར་"
1796166,1801497,5331,"སྣང་བ་དེ་ལའང་འཇིགས་སྐྲག་གི་སྣང་བ་ཁོ་ན་མ་ཏོག་བག་ཕེབས་པའི་སྣང་བ་མེད་པ་དང་"
1801497,1805221,3724,"འཇིགས་སྐྲག་གི་སྣང་བ་འཆར་བའི་ཚེ་ན་བྱེའུ་ཁྲས་དེད་པ་བཞིན་དུ་"
1805221,1810002,4781,"ག་འགྲོ་འདི་འགྲོ་གི་གཏད་སོ་མེད་པ་དང་ ལས་ཀ་འདི་བྱེད་འདི་མི་བྱེད་"
1810002,1814958,4956,"བསམ་རྒྱུའི་བཟའ་གཏད་བྲལ་བའི་གནས་ཚུལ་དེ་བར་དོའི་མཚན་ཉིད་ཞེས་པ་རེད།"
1814958,1818283,3325,"དེའི་རྗེས་སུ་དེ་ཉམས་སུ་ལེན་པའི་ཚུལ་ལ་ཇི་ལྟར་དགོས་ཟེར་ན།"
1818283,1820028,1745,"གཉིས་པ་ནི་ཞིང་ཁམས་ཡིད་ལ་བྱེད་པས་གྲོལ་བ། དེ་ཚེ་བར་དོའི་གནས་སྐབས་སུ། །"
1820028,1823546,3518,"ངོ་ཤེས་མོད་ནས་ཕྱོགས་བཅུ་ཡི། །སྤྲུལ་པའི་ཞིང་ཁམས་དྲན་པའི་མོད། །"
1823546,1826720,3174,"ཆོས་ཉིད་བདེན་པའི་ནུས་མཐུ་དང། །རྡོ་རྗེ་བླ་མའི་བྱིན་རླབས་ཀྱིས། །"
1826720,1828790,2070,"སྐད་གཅིག་ཉིད་དུ་དབུགས་འབྱིན་འགྱུར།"
1828790,1834976,6186,"ཟེར་ད་དེ་ལྟ་བུའི་གནས་ཕྱིན་པར་གྱུར་བའི་ཚེ་ན་ སྔར་རྫོགས་པ་ཆེན་པོའི་ཆོས་ལ་ཐོས་བསམ་བྱེད་དུས་"
1834976,1839671,4695,"སྲིད་པ་བར་དོའི་སྣང་བ་འདི་ལྟ་བུ་ཡོད་བསམ་པ་དེ་དྲན་ཏེ་བར་དོའི་གནས་སྐབས་རེད་"
1839671,1845110,5439,"དེ་ཡང་བར་དོ་སྔ་མ་གཉིས་ 30-50 ངོ་ཤེས་མི་འདུག་ ད་སྲིད་པ་བར་དོ་རུ་འཁྱམས་འདུག་བསམ་ཏེ་"
1845110,1852360,7250,"ཤར་ལྷོ་ནུབ་བྱང་དབུས་ལྔ་དང་མཚམས་བཞི་རུ་སངས་རྒྱས་རིགས་ལྔ་ཡི་ཞིང་ཁམས་ཀྱི་བཀོད་པ།"
1852360,1858973,6613,"ཤར་ན་མངོན་པར་དགའ་བ། ལྷོ་ན་དཔལ་དང་ལྡན་པ། ནུབ་ན་པདྨ་བརྩེགས་པ།"
1858973,1862928,3955,"བྱང་ལས་རབས་བཀོད་པ། དབུས་ལྟུག་པོ་བཀོད་པ་ལ་སོགས་ཞིང་ཁམས་ཡོད།"
1862928,1866288,3360,"ཞིང་ཁམས་དེ་རྣམས་དུ་ ཤར་དུ་རྡོ་རྗེ་སེམས་དཔའ། ལྷོ་རིན་ཆེན་འབྱུང་ལྡན།"
1866288,1868523,2235,"ནུབ་ཏུ་སྣང་བ་མཐའ་ཡས། བྱང་དོན་ཡོད་གྲུབ་པ།"
1868523,1872738,4215,"དབུས་ཕྱོགས་མེ་རི་འབར་བའི་ཞིང་ཁམས་ཡོད་པའི་སྟོན་པ་དེ་རྣམས་དང་"
1872738,1877057,4319,"དེ་རྣམས་ཀྱིས་དམ་པའི་ཆོས་གསུང་བ་དང་ ཞིང་ཁམས་ཀྱི་ཡོན་ཏན་དེ་ཉིད་དྲན་པར་བྱས་ཏེ་"
1877057,1882389,5332,"ད་སྲིད་པ་བར་དོ་ཁ་འཁྱམས་དུ་འདུག་དུས་ཞིང་ཁམས་དེ་རུ་འགྲོ་དགོས་བསམ་རྒྱུའི་མོས་པ་གཏད་ན།"
1882389,1885812,3423,"སྔར་ཆོས་ཉིད་སྟོང་པ་ཉིད་ཀྱི་རྣལ་འབྱོར་ལ་ཅུང་ཟད་གོམས་བསྡད་དུས་"
1885812,1889933,4121,"དེའི་བདེན་པའི་བྱིན་བརླབས་དང་རང་བཞིན་རྫོགས་པ་ཆེན་པོའི་ཆོས་བསྟན་པར་གྱུར་བའི་"
1889933,1895616,5683,"རྡོ་རྗེ་བླ་མའི་བཀའ་དྲིན་དེ་དང་ རང་གི་དམ་པའི་ཆོས་ཀྱི་ནུས་མཐུ་བསམ་གྱི་མི་ཁྱབ་པའི་"
1895616,1899287,3671,"བྱིན་བརླབས་ཀྱིས་སྐད་ཅིག་ཉིད་ལ་ཞིང་ཁམས་གང་དུ་དྲན་པ་དེ་རུ་དབུགས་འབྱིན་ཏེ་"
1899287,1902550,3263,"སྐྱེ་བར་འགྱུར་བ་ཡིན་པས་ དེ་ལས་རིམ་པ་བཞིན་དུ་"
1902550,1905814,3264,"ཤར་རྡོ་རྗེ་སེམས་དཔའི་ཞལ་མཐོང་ཏེ་མཐོང་ལམ་གྱི་བདེན་པ་ཐོབ།"
1905814,1910200,4386,"ལྷོ་རིན་ཆེན་འབྱུང་ལྡན་གྱི་མ་དག་ས་བདུན་པ་ནས་བཟུང་ཏེ་ཞིང་ཁམས་"
1910200,1913936,3736,"འདི་ལྟ་བུ་གཅིག་ལ་སངས་རྒྱས་པ་བལྟ་འོང་དུས་སངས་རྒྱས་སོ་ཞེས་ལུང་བསྟན།"
1913936,1918739,4803,"ནུབ་སྣང་བ་མཐའ་ཡས་ཞིང་ཁམས་ཀྱི་ཤེས་བྱའི་སྒྲིབ་པ་ཕྲ་མོ་ཚུན་ཆད་སྤང་ཏེ་དབུགས་དབྱུང་།"
1918739,1922895,4156,"བྱང་ལས་རབ་རྫོགས་པའི་ཞིང་ཁམས་སུ་གཉེན་པོ་རྡོ་རྗེ་ལྟ་བུ་ཏིང་ངེ་འཛིན་གྱིས་"
1922895,1924097,1202,"དྲི་མ་མཐའ་དག་བཅོམ་པའི་གཉེན་པོ་སངས་རྒྱས་ཐམས་ཅད་ཀྱི་འོད་ཟེར་ཆེན་པོའི་དབང་བསྐུར་དུས་"
1924097,1928942,4845,"དབང་ཕྱུག་ཧེ་རུ་ཀ་པའི་ཞིང་ཁམས་སུ་གྲོལ་འགྲོ་བ་ཡིན་དུས་དེ་ལྟར་དུ་གྲོལ་དགོས་པ་ཡིན་ཟེར་"
1928942,1932936,3994,"དབང་པོ་ཐ་མའི་ཐ་མ་ཡིན་ན་ དེ་ལྟ་བུའི་ཞིང་ཁམས་སུ་འགྲོ་མ་ཐུབ་ནའང་།"
1932936,1936688,3752,"གསུམ་པ་ནི་སྐྱེ་གནས་འབྲེལ་བརྟགས་ཏེ་བཅད་ཚུལ་ལོ། ། གཞན་ཡང་མངལ་དུ་འཇུག་བརྩམ་ཚེ། །མཐོ་རིས་འོད་དཀར་མགོ་ཡང་གྱེན། །"
1936688,1939916,3228,"ལྷ་མིན་ཁ་ཆར་བྱོལ་སོང་ནི། །ཁྲག་བཙོའི་རྣམ་པ་འཕྲད་དུ་སྟེ། །"
1939916,1943255,3339,"ཡིད་དྭགས་དུ་བ་དམྱལ་བ་ལ། །སྡོང་དུམ་ལྟ་བུར་འོག་ཏུ་བལྟ།"
1943255,1949081,5826,"ཞེས་པ་དེ་དེ་ལྟ་བུའི་ཞིང་ཁམས་ལ་སྐྱེ་བ་མོས་པ་མ་བྱུང་ན་འགྲོ་བ་རིགས་དྲུག་"
1949081,1953958,4877,"གང་རུང་ཅིག་དུ་སྐྱེ་བ་ལེན་དགོས་རྒྱུ་རེད་ དེ་ལྟར་འགྲོ་བ་རིག་དྲུག་གི་ཕ་མའི་མངལ་དུ་འཇུག་པའི་ཚེ་ན་"
1953958,1959478,5520,"མཐོ་རིས་ལྷ་དང་མི་ལྟ་བུ་གཅིག་ལ་སྐྱེ་འགྲོ་གི་ཡོད་ན་འོད་དཀར་པོ་"
1959478,1964058,4580,"བར་དོའི་སྲིད་པ་དེའང་མགོ་བོ་ད་ལྟ་ང་ཚོ་མི་ལྟར་དུ་སྤྱི་བོ་གནམ་དུ་བསྟན་ཏེ་"
1964058,1970554,6496,"འགྲོ་བ་མགོ་ཡང་གྱེན་དུ་བལྟས་པ་དང་ ལྷ་མ་ཡིན་ཡིན་ན་ཁ་ཆར་མང་པོ་འཚུབ་བསྡད་པའི་ནང་དུ་འགྲོ་བ་དང་།"
1970554,1975765,5211,"བྱོལ་སོང་དུད་འགྲོ་ཞིག་ལ་སྐྱེ་ན་ཁྲག་བཙོ་ཏེ་ཁྲག་རུས་སོང་བའི་རྣམ་པ་ལྟ་བུ་དང་"
1975765,1979344,3579,"མགོ་ཡང་འཕྲེད་དུ་བསྟན་ཏེ་འགྲོ་བ་དང་། ཡི་དྭགས་སུ་སྐྱེ་ན་"
1979344,1982410,3066,"དུ་བ་འཁྲིགས་པའི་ནང་དུ་རྣམ་ཤེས་ཁྱུད་སོང་བ་ལྟ་བུ་དང་།"
1982410,1985404,2994,"དམྱལ་བ་རུ་སྐྱེ་ན་སྡོང་དུམ་མེས་ཚིག་པ་ལྟ་བུ་རྣམ་པས་འགྲོ་བ་"
1985404,1989033,3629,"མགོ་ཡང་སྤྱི་བོ་ཐུར་དུ་བསྟན་ཏེ་ལགས་པ་གཉིས་ས་ལ་བཙུགས་"
1989033,1992550,3517,"རྐང་པ་གྱེན་ལ་བསྟན་ཏེ་འོག་ཏུ་འགྲོ་བའི་སྣང་བ་ཤར་གྱི་ཡོད་ཟེར།"
1992550,1996063,3513,"དེ་ལྟར་རིགས་དྲུག་གི་བར་དོའི་སྣང་བ་དེ་ཡི་ཚེ་ན། །"
1996063,2000473,4410,"དེ་ཚེ་རབ་ཀྱི་བདེན་མེད་ངང་། །འབྲིང་གིས་བདེ་སྟོང་ལམ་ཁྱེར་ཏེ། །"
2000473,2003302,2829,"ཐ་མས་འདོད་ཆགས་མི་གཙང་བའི། །འདུ་ཤེས་བསྒོམ་པས་ཞེན་པ་སྤངས།"
2003302,2007988,4686,"ཟེར་དེ་ཡི་ཚེ་ན་གང་ཟག་རབ་ཏུ་གྱུར་བ་ཞིག་ཡིན་ན་འདི་བར་དོའི་སྣང་བ་རེད་འདུག་"
2007988,2011421,3433,"བར་དོའི་སྣང་བ་ལ་བཟང་ངན་ག་རེ་ཤར་ནའང་ངེས་པ་ཡོད་རྒྱུ་མ་རེད་"
2011421,2015456,4035,"སྒྱུ་མ་དང་རྨི་ལམ་ལྟ་བུ་རེད་བསམས་ཏེ་བདེན་པ་མེད་པར་ཤེས་པའི་ངང་"
2015456,2021233,5777,"ཡི་དམ་ལྷག་པའི་ལྷ་ཡི་སྐུར་སྒོམ་པ་ལྟ་བུ་དང་རང་གི་རྩ་བའི་བླ་མ་དྲན་པ་ལ་སོགས་པ་བྱེད་"
2021233,2025109,3876,"འབྲིང་ཡིན་ན་གང་དུ་སྐྱེ་བ་ལེན་ཀྱི་ཡོད་ན་ཕ་མ་གཉིས་པོ་དེ་དག་"
2025109,2028697,3588,"བླ་མ་ཡབ་ཡུམ་མམ་རྡོ་རྗེ་སེམས་དཔའ་ཡབ་ཡུམ་གྱི་རྣམ་པ་བསྒོམ་"
2028697,2033342,4645,"དེའི་དབང་བསྐུར་བའི་མོས་པ་བྱས་ཏེ་དེའི་རྟེན་དུ་ཞུག་པ་དང་།"
2033342,2042064,8722,"གང་ཟག་ཐ་མ་ཡིན་ན་འདོད་ཆགས་ལ་མི་གཙང་བའི་འདུ་ཤེས་དགུ་བསྒོམ་པས་སྐྱེ་རྒ་ན་འཆི་དང་།"
2042064,2046698,4634,"སྡུག་བསྔལ་མང་པོ་ཡོད་པ་བསམ་དེ་རུ་སྐྱེ་བ་ལེན་པའི་ཞེན་པ་སྤངས་བ་དེས་"
2046698,2053514,6816,"འགྲོ་བ་རིགས་དྲུག་གི་སྐྱེ་གནས་གསུམ་པོ་ཤེས་ཏེ་དག་པའི་ཞིང་དུ་འདུན་པ་གཏད་ཆོག་པ་ཡིན་ཟེར། །"
2053514,2057754,4240,"དེས་ཀྱང་ལྡོག་པར་མ་ནུས་ན། །མངལ་སྒོ་དམན་པ་སྨོན་ལམ་དང་། །"
2057754,2060909,3155,"སྐྱབས་སུ་འགྲོ་བའི་མཐུས་དགག་སྟེ། །ཁམས་དྲུག་ལྡན་པའི་རྡོ་རྗེའི་ལུས། །"
2060909,2062770,1861,"ཐེག་ཆེན་རིགས་སུ་སྐྱེ་སྲིད་བཟུང།"
2062770,2066800,4030,"གསུང་དུས་ད་དེའི་སྒྱུ་མ་དང་རྨི་ལམ་ལྟ་བུ་དང་ལྷ་ཡབ་ཡུམ་གྱི་འདུ་ཤེས་"
2066800,2071692,4892,"བསྒོམ་པས་ལྡོག་མ་ནུས་ན་མངལ་སྒོ་ངན་པ་དཔེར་ན་རྔོན་པ་དང་སྨད་ཚོང་མ་ལྟ་བུ་"
2071692,2076024,4332,"སྡིག་པ་མི་དགེ་བ་སྤྱོད་པའི་ལུས་སུ་མི་སྐྱེ་བའི་སྨོན་ལམ་གདབ་པ་དང་"
2076024,2080435,4411,"ཆོས་ལྡན་གྱི་ལུས་དང་རང་གི་བླ་མའི་ཞབས་དྲུང་དུ་སྐྱེ་བའི་སྨོན་ལམ་འདེབས་"
2080435,2083429,2994,"དཀོན་མཆོག་གསུམ་ལ་ཡིད་ཆེས་ཀྱི་དད་པས་སྐྱབས་སུ་སོང་ན་"
2083429,2087062,3633,"སྐྱེ་གནས་ངན་པ་བཀག་འགྲོ་རྒྱུ་རེད་དུས་སྐྱབས་སུ་འགྲོ་བའི་མཐུ་ཡིས་བཀག་སྟེ་"
2087062,2093088,6026,"འཛམ་བུ་གླིང་གི་མི་རྫོགས་པ་ཆེན་པོའི་ཆོས་བསྟན་པའི་བླ་མ་དགེ་བའི་བཤེས་གཉེན་གྱི་དྲུང་དུ་སྐྱེ་བ་ལེན་སྟེ་"
2093088,2099466,6378,"ས་ཆུ་མེ་རླུང་ནམ་མཁའ་ཡེ་ཤེས་ཀྱི་ཁམས་དྲུག་དང་ལྡན་པའི་རྡོ་རྗེའི་ལུས་ཞིག་སྐྱེ་སོང་ན་"
2099466,2103023,3557,"དེ་ལ་སོ་བྱང་སྔགས་གསུམ་གྱི་སྡོམ་པ་ཐམས་ཅད་ཀྱི་རྟེན་དུ་རུང་བ་དང་།"
2103023,2106740,3717,"ཆོས་སྒྲུབ་པའི་གཞི་རུ་འགྱུར་བ་ཡིན་པས་ན་རྡོ་རྗེའི་ལུས་རྟེན་སྟེ་"
2106740,2108197,1457,"ཐེག་པ་ཆེན་པོའི་སྣོད་ཏུ་རུང་བ་ཉམས་བླང་བས་ 35-19 གཞི་རྒྱུད་ཡོངས་སུ་གྲོལ་བར་འགྱུར་བ་ཡིན་ཟེར།"
2108197,2111112,2915,"གསུམ་པ་དབང་བརྟུལ་རང་བཞིན་སྤྲུལ་པའི་ཞིང་དུ་གྲོལ་ཚུལ་ནི། ། དེ་ལྟར་དབང་པོ་ཐ་མ་ནི། །ངེས་གསང་ལམ་འདིར་ཞུགས་གྱུར་ཀྱང་། །"
2111112,2114449,3337,"མོས་པས་སྤྱོད་པ་ཙམ་ཉིད་ལས། །འདི་འམ་འཆི་ཁ་ཆོས་ཉིད་ཀྱི། །"
2114449,2117502,3053,"བར་དོར་བརྟན་པ་ཐོབ་པ་ཡིན། །གྲུབ་མཐའ་མངོན་དུ་མ་རྙོགས་ཚེ།"
2117502,2122758,5256,"གསུང་དུས་དབང་པོ་ཐ་མ་དེ་ཉིད་གང་ཟག་དེ་ཐེག་མཆོག་རྫོགས་པ་ཆེན་པོའི་ལམ་"
2122758,2127845,5087,"བསྟན་པའི་བླ་མ་དང་འཕྲད་རང་གི་གདམས་ངག་ཐོབ་སོང་ནའང་ཚེ་འདི་ལ་"
2127845,2132531,4686,"རྣམ་གཡེང་དང་འདུ་འཛིས་དུས་འདའ་སྟེ་ལྟ་སྒོམ་སྤྱོད་གསུམ་ལ་གདེང་མ་ཐོབ་"
2132531,2137410,4879,"རྫོགས་པ་ཆེན་པོ་ཆོས་ཟབ་པོ་རེད་བསམ་རྒྱུ་མོས་པ་སྤྱོད་པ་ཙམ་དུ་གྱུར་བའི་གང་ཟག་དེ་"
2137410,2143799,6389,"ཚེ་འདི་ཡི་སྟེང་དང་འཆི་ཁ་དང་ཆོས་ཉིད་གྱི་བར་དོ་ལ་གྲོལ་བའི་བརྟན་པ་ཐོབ་པ་མ་ཡིན་པས་"
2143799,2147263,3464,"གྲུབ་མཐའ་མངོན་དུ་མ་རྙོགས་ལ་ 35-56 ཕྱོགས་ཚེ་དེའི་སྟེང་དུ་གྲོལ་མ་ཐུབ་ན། །"
2147263,2150653,3390,"དུས་འདིར་བླ་མའི་མན་ངག་གིས། །གདམས་ངག་རྗེས་སུ་དྲན་པ་ལས། །"
2150653,2153650,2997,"རང་བཞིན་སྤྲུལ་སྐུའི་ཞིང་ཁམས་སུ། །འདུན་པ་གཏད་པའི་དེ་མ་ཐག། །"
2153650,2156942,3292,"རྣམ་གྲོལ་དབུགས་ཆེན་འབྱིན་པ་ལྟར། །བདེ་གཤེགས་རིགས་ལྔའི་ཞལ་མཐོང་ཞིང་། །"
2156942,2159930,2988,"དབང་བསྐུར་ལུང་བསྟན་དབུགས་དབྱུང་ནས། །ཀ་དག་གདོད་མའི་གཞི་དབྱིངས་སུ། །"
2159930,2162162,2232,"མངོན་པར་རྫོགས་སངས་རྒྱས་པར་འགྱུར།"
2162162,2166487,4325,"གསུང་དུས་རྒྱུ་མཚན་དེ་ཡི་ཚེ་ན་ ད་རང་གི་ལྟ་སྒོམ་ཉམས་ལེན་གྱིས་འཕོ་མི་ནུས་དུས་"
2166487,2170862,4375,"ཡིད་ཆེས་ཀྱི་རྩ་བའི་བླ་མ་ལ་མོས་གུས་རྩེ་གཅིག་གཏད་དེ་གསོལ་འདེབས་བྱེད་པ་དང་"
2170862,2173347,2485,"བླ་མའི་གསུང་གི་གདམས་ངག་དྲན་སྟེ་དེའི་གདམས་ངག་གི་ཉམས་ལེན་"
2173347,2177542,4195,"རྗེས་སུ་དྲན་པར་གྱུར་བ་དེ་ལས་ཕྱོགས་བཅུ་རབ་འབྱམས་སྤྲུལ་བའི་ཞིང་ཁམས་གང་ཡིན་ན་"
2177542,2183232,5690,"རང་གི་འདུན་པ་གཏད་པས་དེ་མ་ཐག་ཏུ་རྣམ་གྲོལ་དབུགས་ཆེན་འབྱིན་པའི་ཞིང་ཁམས་ལྔ་རུ་གྲོལ་སྟེ་"
2183232,2186428,3196,"བདེ་བར་གཤེགས་པ་རིགས་ལྔའི་ཞལ་མཐོང་སྟེ་རིམ་པ་བཞིན་དུ་"
2186428,2190269,3841,"དབང་བསྐུར་ལུང་བསྟན་དབུགས་དབྱུངས་ནས་ཀ་དག་གདོད་མའི་གཞི་དབྱིངས་སུ་"
2190269,2193016,2747,"ལུས་རྟེན་དེའི་སྟེང་ལ་མངོན་པར་རྫོགས་པར་འགྱུར་བ་ཡིན་ཟེར། །"
2193016,2198427,5411,"རྡོ་རྗེའི་ཐོལ་གླུ་ཡེ་ཤེས་གྲུབ་པ་ལས། །འཕྲོས་དོན་གྱི་ཁྱད་པར་གཞན་ཕྱེ་བའི་ཚོམས་ཏེ་གསུམ་པའོ།།"
2201765,2204349,2584,"ཐུན་མོང་ཁྱད་པར་ལམ་གྱི་རིམ། །ཉུང་ངུའི་ངག་གིས་འདོམས་པ་གང་། །"
2204349,2208652,4303,"གསུང་དུས་ གོང་དུ་སྤྱིར་རྫོགས་པ་ཆེན་པོ་བསྟན་པ་འདི་ལས་ ཕྱི་སེམས་སྡེ་ ནང་ཀློང་སྡེ་"
2208652,2212681,4029,"གསང་བ་མན་ངག་གི་སྡེ་གསུམ་ ཡེ་ཤེས་ཀློང་དགུའི་བཅུད་དུ་གྱུར་པ་"
2212681,2217931,5250,"རྫོགས་པ་ཆེན་པོའི་སེམས་སྡེ་རྒྱུད་ལ་ཀློང་དགུ་བམ་པོ་ཉི་ཁྲི་ཆིག་སྟོང་ཞེས་བྱ་བ་ཡོད་"
2217931,2222864,4933,"དེའི་བཅུད་ཐམས་ཅད་གཅིག་ཏུ་བསྡུས་སྟེ་གུ་རུ་རིན་པོ་ཆེ་སངས་རྒྱས་གཉིས་པ་དེ་ཉིད་ཀྱིས་"
2222864,2229333,6469,"བོད་གང་ཅན་གྱི་ལྗོང་སུ་ འབྲི་གུང་གཏེར་སྒྲོ་བྲག་ན་མཁའ་འགྲོ་ཡེ་ཤེས་མཚོ་རྒྱལ་ལ་"
2229333,2232366,3033,"གདམ་པར་གྱུར་བའི་མཁའ་འགྲོ་སྙིང་ཐིག་ཞེས་བྱ་བ་དང་"
2232366,2235108,2742,"མཁའ་འགྲོ་སྙིང་ཐིག་དེ་ཡི་མན་ངག་གི་བཅུད་ཐམས་ཅད་སླར་ཡང་"
2235108,2240167,5059,"ཀུན་མཁྱེན་ཆེན་པོའི་གཅིག་ཏུ་བསྡུས་སྟེ་གུ་རུ་རིན་པོ་ཆེ་དང་ཡེ་ཤེས་མཚོ་རྒྱལ་གྱིས་རྗེས་སུ་གཟུང་ནས་"
2240167,2243995,3828,"གསུང་པའི་མཁའ་འགྲོ་ཡང་ཏིག་ཞེས་བྱ་བའི་མན་ངག་གཉིས་པོ་"
2243995,2249903,5908,"དེ་ཡི་སྙིང་པོ་ལྟ་བུ་དེ་ལས་ཚུར་མདོར་བསྡུས་ན་གོང་དུ་རྡོ་རྗེ་ཐོལ་གླུ་ནས་གསུང་པ་ལྟར་དུ་"
2249903,2253544,3641,"ཐུན་མོང་གི་སྔོན་འགྲོ་དང་ རྫོགས་པ་ཆེན་པོའི་ཁྱད་པར་གྱི་སྔོན་འགྲོ་"
2253544,2256452,2908,"དེའི་སྟེང་དུ་དབང་པོ་རབ་ཚེ་འདིར་གྲོལ་བ་ འབྲིང་བར་དོ་གྲོལ་བ་"
2256452,2260574,4122,"ཐ་མ་རང་བཞིན་སྤྲུལ་བའི་ཞིང་ཁམས་སུ་གྲོལ་བ་ལམ་གྱི་རིམ་པ་ཐམས་ཅད་"
2260574,2263777,3203,"ཚིག་ཉུང་ངུ་དོན་རྒྱས་པ་ཅིག་གི་ངང་ལས་གདམས་པ་གང་། གཉིས་པ་རྩོམ་པ་པོའི་མཚན་སྨོས་པ་ནི། །"
2263777,2266760,2983,"གཏད་མེད་ཀུན་ཏུ་རྒྱུ་བ་ཡི། །རྣལ་འབྱོར་པདྨ་དགྱེས་པའི་སྡེས། །"
2266760,2270031,3271,"གནས་གསུམ་ཌྭ་ཀིའི་དགའ་ཚལ་ཆེར། །གང་ཤར་རྡོ་རྗེའི་གླུ་རུ་བླངས།"
2270031,2272755,2724,"གསུམ་པ་ནོངས་བཤགས་ནི། ། འདི་ལ་ནོངས་པར་གྱུར་པ་གང་། །རང་རིག་གཉུག་མའི་ཀློང་དུ་འཆགས། །"
2272755,2275790,3035,"དགེ་བས་འགྲོ་ཀུན་སྐུ་གསུམ་གྱི། །གྲོང་ཁྱེར་མཆོག་ཏུ་འཇུག་གྱུར་ཅིག།"
2275790,2280905,5115,"དེ་ལྟར་རྡོ་རྗེའི་གླུ་ལེན་པ་པོ་སུ་ཡིན་ཟེར་ན་"
2280905,2285603,4698,"སླར་ཡང་ཀུན་མཁྱེན་དྲི་མེད་འོད་ཟེར་དང་འཇིགས་མེད་གླིང་པའི་ཡེ་ཤེས་སྒྱུ་འཕྲུལ་རོལ་བ་"
2285603,2288248,2645,"འཁོར་འདས་ཐམས་ཅད་ཡེ་ཤེས་ 38-22 སྒྱུ་འཕྲུལ་དུ་གཟིགས་པའི་"
2288248,2292557,4309,"གཏད་མེད་ཀུན་ཏུ་རྒྱུ་བ་འཇམ་དབྱངས་མཁྱེན་བརྩེ་དབང་པོ་ལོ་བཅུ་གཉིས་ཀྱི་བར་དུ་"
2292557,2296758,4201,"དབུས་གཙང་གི་གནས་ཐམས་ཅད་ལ་བྱ་བྲལ་གྱི་ཚུལ་དུ་བྱོན་ཏེ་"
2296758,2299776,3018,"རྡོ་རྗེའི་གནས་ཐམས་ཅད་ལ་ཚོགས་ཀྱི་འཁོར་ལོ་རྒྱ་ཆེན་པོ་ཕུལ་མཛད་"
2299776,2303614,3838,"དེ་ཕུལ་བའི་སྐབས་ན་ 38-36 མཁའ་འགྲོའི་གྲོང་ཁྱེར་གཞོ་སྟོད་ཏི་སྒྲོ་རུ་"
2303614,2307380,3766,"མཁའ་འགྲོ་སྙིང་ཐིག་དང་ཡང་ཏིག་གི་ཉེ་རྒྱུད་ཐོབ་པ་མཛད་རེད་དུས།"
2307380,2310113,2733,"དེས་ན་རྣལ་འབྱོར་པདྨ་དགྱེས་པ་མཁྱེན་བརྩེའི་མཚན་རེད་"
2310113,2314436,4323,"གནས་གསུམ་ཌཀྐིའི་དགའ་ཚལ་མཁའ་འགྲོའི་ཚོགས་ཁང་ཟེར་དུས་གུ་རུ་རིན་པོ་ཆེས་"
2314436,2318216,3780,"མཁའ་འགྲོ་འབུམ་ཕྲག་ཡངས་པ་ལ་རྫོགས་པ་ཆེན་པོ་ཆོས་ཀྱི་འཁོར་ལོ་བསྐོར་བའི་ཚེ་ན་"
2318216,2324947,6731,"གང་ཤར་རྡོ་རྗེའི་གླུ་རུ་བླངས་བ་འདི་ལ་ནོངས་པ་དང་ཉེས་པར་གྱུར་བ་གང་ཡོད་པ་དེ་དག་ཐམས་ཅད་"
2324947,2330296,5349,"རང་རིག་གཉུག་མའི་ཀློང་དུ་བཤགས། 39-02 འགྲོ་བ་མ་ལུས་པ་ཐམས་ཅད་"
2330296,2334562,4266,"ཆོས་སྐུ་ལོང་སྐུ་སྤྲུལ་སྐུ་གསུམ་གྱི་གྲོང་ཁྱེར་དུ་འཇུག་པར་གྱུར་ཅིག"
2334562,2339097,4535,"བརྩམ་བྱང་གི་གནས་དང་གསང་བར་གདམས་པའོ། ཅེས་པའང་ དུས་གསུམ་མཁྱེན་པ་ཨོ་རྒྱན་ཆེན་པོས་ཡེ་ཤེས་ཌྰཀྐི་བདེ་ཆེན་མཚོ་རྒྱལ་ལ་"
2339097,2342415,3318,"མན་ངག་སྙིང་གི་ཐིག་ལེའི་ཆོས་འཁོར་བསྐོར་བའི་གནས་ཀྱི་གཙུག་གཏོར་"
2342415,2344303,1888,"གཞོ་སྟོད་ཏི་སྒྲོ་མཁའ་འགྲོའི་ཚོགས་ཁང་ཆེན་མོར་མེ་མཆོད་དང་"
2344303,2348267,3964,"ཚོགས་ཀྱི་འདུ་བ་རྒྱ་ཆེན་པོ་མཛད་པའི་ཚེ་ན། མཁའ་འགྲོ་སྙིང་ཐིག་མ་ལུས་པ་"
2348267,2352377,4110,"སྔར་ལས་རིང་བརྒྱུད་གསན་རེད་དེ་ལྷག་པར་གུ་རུ་རིན་པོ་ཆེ་དང་ཡེ་ཤེས་མཚོ་རྒྱལ་ནས་"
2352377,2357299,4922,"ཉེ་བརྒྱུད་ཐོབ་པ་དེའི་ཚེ་ན་ཐུགས་ལ་ཇི་ལྟར་ཤར་བ་བཞིན་དུ་དེ་དང་ཉེ་བའི་འདབ་རོལ་"
2357299,2361871,4572,"དྲང་སྲོང་དགྱེས་པའི་དགའ་ཚལ་དུ་བྲིས་པ་ལས་རྣམ་པར་ཕྱེས་པ་ཡིན་པས་ན་"
2361871,2367737,5866,"སྐལ་དམན་རྣམས་ལ་བསྟན་ན་ཤེས་དཀའ་བས་ཤིན་ཏུ་གསང་བའི་སྡེ་ཚན་རྣམས་གུ་ཧྱ།"
