2755,6607,3852,"༇ དམ་པའི་ཆོས་ཟབ་མོ་རྫོགས་པ་ཆེན་པོ་འདི་ཉིད་གསན་ནས།"
6607,9851,3244,"དོན་ཟབ་མོ་ཚུལ་བཞིན་དུ་ཉམས་སུ་ལེན་པར་བགྱིའོ་སྙམ་པའི་བསམ་པ་རྒྱ་ཆེ་བ་"
9851,13076,3225,"བྱང་ཆུབ་མཆོག་ཏུ་ཐུགས་སྐྱེད་པ་དང་ཆོས་གསན་པའི་ཀུན་ཏུ་སྤྱོད་པའང་"
13076,16911,3835,"མདོ་རྒྱུད་བསྟན་བཅོས་དྲི་མ་མེད་པ་རྣམས་ལས་ཇི་སྐད་འབྱུང་བ་བཞིན་དུ་"
16911,19340,2429,"ལེགས་པར་གསལ་བཏབ་ཏེ་གསན་པ་གནང་བར་ཞུ།"
19340,24603,5263,"གང་གསན་པར་བྱ་བའི་ཆོས་ཀྱི་རིམ་པ་ནི་པཎ་གྲུབ་ལྔ་བརྒྱའི་གཙུག་རྒྱན་པཎ་ཆེན་བི་མ་མི་ཏྲ་"
24603,27715,3112,"བསམ་བཞིན་དུ་སྐྱེ་བ་བཞེས་པ་འཇམ་དབྱངས་མཁྱེན་བརྩེ་དབང་པོའི་"
27715,33422,5707,"ཀློང་ཆེན་དགོང་པའི་གསང་མཛོད་རྡོ་རྗེའི་ཐོལ་གླུ་མི་ཟད་པ་ཡོད་པའི་ནང་ནས།"
51494,56988,5494,"ཨ་ཧོ། གཉིས་པ་མཆོད་པར་བརྗོད་པ་ནི། གཟོད་ནས་དྲི་མེད་གཉུག་མའི་ངང་། །"
56988,60211,3223,"འོད་གསལ་སྣང་བཞིའི་རྩལ་རྫོགས་པས། །སྐུ་གསུམ་ལྷུན་གྲུབ་ཆེན་པོའི་ཞལ། །"
60211,61711,1500,"ངེས་དོན་བླ་མར་ཕྱག་འཚལ་ལོ།"
61711,68602,6891,"ཞེས་པ་དེ་ཨ་ཞེས་པ་ནི་ཆོས་ཉིད་སྐྱེ་བ་མེད་པའི་ངོ་བོ་རྗེས་སུ་མཚོན་པར་བྱེད་པ་ཡིན་པའི་ཕྱིར་ན་"
68602,74041,5439,"རྫོགས་པ་ཆེན་པོའི་གནས་ལུགས་ཆོས་སྐུ་ཀ་དག་གི་དོན་མཚོན་པ་དང་ཆོས་ཉིད་སྐྱེ་བ་མེད་པའི་དོན་དུ་"
74041,77233,3192,"སོ་སོ་རང་རིག་པའི་ཡེ་ཤེས་ཀྱིས་མངོན་སུམ་དུ་རྟོགས་པའི་ཚེ་ན་"
77233,79696,2463,"ཟག་མེད་ཀྱི་ཡོན་ཏན་ཐམས་ཅད་མངོན་དུ་གྱུར་བ་དང་།"
79696,84623,4927,"དེ་ལ་འབད་མེད་ལྷུན་གྲུབ་དུ་རྫོགས་བསྡད་ཡོད་པའི་གནས་ལུགས་མཚོན་པར་བྱེད་པ་དེ་ལ་"
84623,87907,3284,"ངོ་མཚར་བའི་ཚིག་གི་ཧོ། ཞེས་རྗེས་སུ་མཚོན་པར་བྱས་ཏེ།"
87907,91822,3915,"དེ་ནས་ཐོག་མ་ཉིད་དུ་བསྟན་བཅོས་བརྩོམ་པ་པོས་མཆོད་པར་བརྗོད།"
91822,95179,3357,"མཆོད་པར་བརྗོད་པ་དེ་ཡི་ཡུལ་གང་ཡིན་ཟེར་ན།"
95179,97724,2545,"སེམས་ཀྱི་ཆོས་ཉིད་བདེ་གཤེགས་སྙིང་པོ་དེ་"
97724,102922,5198,"ཡེ་གཟོད་མའམ་གདོད་མ་ཉིད་ནས་བློ་བུར་གྱི་དྲི་མས་མ་གོས་པ་ངོ་བོ་"
102922,108458,5536,"ཡེ་དག་གི་རང་བཞིན་དེ་ལ་དུས་གསུམ་གྱི་རྟོག་པས་མ་ལྷད་པས། །"
108458,111334,2876,"འདི་ལ་བསལ་བྱ་ཅི་ཡང་མེད། །གཞག་པར་བྱ་བ་ཅུང་ཟད་མེད། །"
111334,114562,3228,"ཡང་དག་ཉིད་ལ་ཡང་དག་ལྟ། །ཡང་དག་མཐོང་ན་རྣམ་པར་གྲོལ།"
114562,119910,5348,"ཞེས་བྱ་བ་ལྟ་བུ་ཡིན་པའི་ཕྱིར་ན་གློ་བུར་གྱི་ལས་དང་ཉོན་མོངས་པའི་དྲི་མ་མེད་པ་ཆོས་ཉིད་"
119910,124358,4448,"གཉུག་མའི་ངང་དེར་ངོ་བོ་ཀ་དག་གི་ཡེ་ཤེས་ལ། གཞི་ངོ་བོ་སྟོང་པ་ཉིད།"
124358,126872,2514,"ལམ་རྒྱུ་མཚན་མ་མེད་པ། འབྲས་བུ་སྨོན་པ་མེད་པ་"
126872,129781,2909,"རྣམ་ཐར་སྒོ་གསུམ་གྱི་བདག་ཉིད་དུ་རྫོགས་པ་ཡིན་ནའང་།"
129781,134341,4560,"བེམ་སྟོང་དང་སྟོང་ཉིད་མེད་དགག་ལྟ་བུ་མ་ཡིན་པར་ཟག་མེད་ཀྱི་ཆོས་ཐམས་ཅད་"
134341,139122,4781,"ཉི་མ་དང་འོད་ཟེར་བཞིན་དུ་ཡེ་ནས་ལྷུན་གྱིས་གྲུབ་པར་གྱུར་པའི་ཕྱིར་ན།"
139122,145137,6015,"དེ་ཆོས་ཉིད་ཀྱི་ངོ་བོ་ཡོད་ན་བློ་བུར་གྱི་ལས་དང་ཉོན་མོངས་པའི་སྒྲིབ་པས་སྟོང་ཏེ་"
145137,149693,4556,"ཟག་མེད་བདེ་བ་ཆེན་པོས་ཁམས་མི་སྟོང་པའི་སེམས་ཉིད་ཡོད་པ་འོད་གསལ་བའི་རང་བཞིན་དེ།"
149693,153474,3781,"འོད་གསལ་གྱི་ངོ་བོ་དེ་ཉིད་མངོན་དུ་བྱེད་པའི་ཚེ་ན་"
153474,156799,3325,"ལམ་ཆོས་ཉིད་མངོན་སུམ་ ཉམས་གོང་འཕེལ་ རིག་པ་ཚད་ཕེབ་"
156799,160589,3790,"ཆོས་ཉིད་ཟད་པའི་སྣང་བ་བཞི་ཡི་རྩལ་རྫོགས་པར་འགྱུར་པ་དེ་ལ་བརྟེན་ནས་"
160589,164070,3481,"དེའི་དོན་རང་ལ་ཡེ་ནས་གནས་པའི་ངོ་བོ་སྟོང་པ་ཆོས་སྐུ། །"
164070,165300,1230,"རང་བཞིན་གསལ་བ་ལོངས་སྐུ། །"
165300,166755,1455,"ཐུགས་རྗེ་འགགས་མེད་སྤྲུལ་སྐུ་སྟེ། །"
166755,170548,3793,"སྐུ་གསུམ་ཆེན་པོ་མངོན་སུམ་དུ་སྣང་བར་འགྱུར་ཏེ།"
170548,174012,3464,"འབྲས་བུ་ཡེ་རྫོགས་ཀྱི་ཚུལ་དུ་གནས། དེའི་ཕྱིར་ན་དེ་ནས། །"
174012,175852,1840,"གཟོད་ནས་དྲི་མེད་གཉུག་མའི་ངང་། །"
175852,179557,3705,"ཞེས་པ་དེ་གཞི་འོད་གསལ་སྣང་བཞི་རྩལ་རྫོགས་པས། །ཞེས་པས་ལམ།"
179557,184636,5079,"སྐུ་གསུམ་ལྷུན་གྲུབ་ཆེན་པོའི་ཞལ། །ཞེས་པ་འབྲས་བུ་མཚོན་པར་བྱེད་པ་ཡིན་ནའང་"
184636,191246,6610,"རྣམ་པ་སྒྲིབ་པ་དག་མ་དག་དང་ཟག་མེད་ཀྱི་ཡོན་ཏན་སྣང་མི་སྣང་གི་ཁྱད་པར་ཙམ་མ་ཏོག་"
191246,195392,4146,"དོན་དུ་གཞི་ལམ་འབྲས་གསུམ་ཆོས་ཉིད་གཅིག་གི་རང་བཞིན་ལས་གཞན་དུ་གྱུར་བ་མེད་ལ།"
195392,198435,3043,"དེ་ལྟ་བུ་ཆོས་ཉིད་ཀྱི་དོན་དེ་མངོན་སུམ་དུ་རྟོགས་ན་"
198435,202359,3924,"ངེས་པ་དོན་གྱི་བླ་མ་ཞེས་བྱ་བ་དེ་རང་རིག་བདེ་གཤེགས་སྙིང་པོ་ཡིན་པའི་ཕྱིར་ན།"
202359,204425,2066,"བློ་རེ་དོགས་བླ་མ་ཕྱི་རོལ་ན་མི་བཞུགས། །"
204425,208945,4520,"ཞེས་བྱ་བ་དེ་ཡིན་པས་དེ་དོན་དམ་རང་ངོ་ཤེས་པའི་རབ་ལྟ་བ་ཡིན་པས་"
208945,211371,2426,"ཕྱག་གི་སྒོ་གསུམ་གུས་པ་ཆེན་པོས་ཕྱག་འཚལ་ལོ།"
211371,216893,5522,"དོན་དུ་ཆོས་ཉིད་གཉུག་མའི་དགོངས་པ་གཟོད་ནས་འདུ་བྲལ་མེད་པའི་གནས་ལུགས་དེ་ལ་"
216893,222464,5571,"ཕྱག་འཚལ་བྱ་དང་འཚལ་བྱེད་བྲལ་བའི་ཚུལ་གྱིས་ཕྱག་རྣལ་འབྱོར་གྱི་ལུགས་ཀྱིས་འཚལ་ཞེས་བྱ་བ་དེ་ཡིན།"
222464,225183,2719,"དེ་ནས་ དེའི་རྗེས་སུ། གསུམ་པ་ནི་ལམ་གྱི་མཐར་ཐུག་ཡིན་ཚུལ་གདམས་པ། །"
225183,228052,2869,"རྒྱལ་བས་ཐེག་པ་སྣ་ཚོགས་པ། །བསྟན་ཀྱང་མཐར་ཐུག་རྫོགས་པ་ཆེའི། །"
228052,230917,2865,"ལམ་གྱི་ངལ་སྟེགས་ཉིད་དོ་ཞེས། །ཟབ་གསང་སྙིང་པོའི་རྒྱུད་ལས་གསུངས། །"
230917,235106,4189,"གསུངས་དུས་ད་ཆོས་ཉིད་མངོན་སུམ་དུ་གྱུར་བ་གདོད་མའི་མགོན་པོ་ཀུན་ཏུ་བཟང་པོ་"
235106,236972,1866,"དེའི་དགོངས་པའི་ཀློང་ན་མངོན་ཏུ་གྱུར་འོང་དུས།"
236972,240442,3470,"ཁམས་གསུམ་སེམས་ཅན་ཐམས་ཅད་དག་པ་ཆོས་ཉིད་ཀྱི་དགོངས་པ་དེ་དང་འདུ་བྲལ་མེད་པ་"
240442,243393,2951,"གནས་ཡོད་ནའང་དེའི་དགོངས་པ་དེ་མངོན་སུམ་དུ་མ་རྟོགས་པས་"
243393,248713,5320,"འཁོར་བ་ལུ་གུ་རྒྱུད་དུ་འཁྱམས་པའི་སེམས་ཅན་ཐམས་ཅད་ལ་ཐུགས་བརྩེ་བ་ཆེན་པོ་སྐྱེས་ཏེ་"
248713,253874,5161,"རང་གི་དགོངས་པ་དེ་མངོན་སུམ་དུ་རྟོགས་པར་བྱ་བའི་ཕྱིར་དུ་ཆོས་བསྟན་པར་བཞེད་པའི་ཚེ་ན།"
253874,257238,3364,"ཆོས་ངེས་དོན་ཁོ་ན་བསྟན་བཞགས་ན་གདུལ་བྱ་སེམས་ཅན་ཐམས་ཅད་"
257238,261759,4521,"དབང་པོ་རབ་འབྲིང་ཐ་གསུམ་དུ་ཡོད་པས་གྲོལ་བར་མི་ནུས་པ་ལ་དགོང་ཏེ་དེ་ནས་"
261759,265795,4036,"ཆོས་ཀྱི་ཕུང་པོ་བརྒྱད་ཁྲི་བཞི་སྟོང་ཅེས་བྱ་བ་དང་ ཉན་ཐོས། རང་རྒྱལ་ཐེག་དམན་དང་།"
265795,270561,4766,"བྱང་ཆུབ་སེམས་དཔའི་ཐེག་པ་ཆེན་པོ་སྟེ་ཐེག་པ་རྣམ་པ་སྣ་ཚོགས་པ་ཞིག་བསྟན་པར་མཛད་པ་རེད།"
270561,274582,4021,"དེ་བསྟན་ནའང་། དཔེར་ན་འཛམ་བུ་གླིང་གི་ཆུ་ཀླུང་མ་ལུས་པ་ཐམས་ཅད་"
274582,278599,4017,"མཐར་ཐུགས་མཐའ་ཡི་རྒྱ་མཚོ་གཅིག་ལ་འགྲོ་རྒྱུ་མ་གཏོགས་ཆུ་གཞན་ལ་འགྲོ་གི་མ་རེད།"
278599,283505,4906,"དཔེ་དེ་བཞིན་དུ་ཐེག་པ་རིམ་པ་དགུ་པོ་དེའི་ལམ་གང་ཞིག་བསྟན་པ་ཡིན་ནའང་"
283505,290566,7061,"དེ་ཉམས་སུ་བླང་ན་མཐར་ཐུག་འོད་གསལ་རྫོགས་པ་ཆེན་པོ་རྟོགས་བྱེད་ཀྱི་ལམ་ཁོ་ནར་གྱུར་བ་མ་གཏོགས་"
290566,295263,4697,"དེ་ལས་གཞན་དུ་གྱུར་བ་མེད་པ་དེའི་ཕྱིར་ན་ དེ་ནས་ལམ་གྱི་ངལ་སྟེགས་ཟེར་དུས་"
295263,299945,4682,"ཐག་རིང་པོ་མགྲོན་པོ་ཞིག་རྡོག་ཁྲེས་ཁུར་ཏེ་འོང་ན་དཀའ་ལས་ཁག་འོང་ན་"
299945,304344,4399,"དེ་ངལ་གསོ་ས་ཡི་ངལ་སྟེགས་བདེ་བོ་གཅིག་ཡོད་ན་དེ་ནས་སེམས་བག་ཕེབས་འགྲོ་རྒྱུ་རེད་དུས་"
304344,308529,4185,"དཔེ་དེ་བཞིན་ཐེག་པ་ཆེན་པོ་འབྲིང་ཆུང་ངུ་གསུམ་ཡོད་པའི་ནང་ནས་"
308529,313120,4591,"ཐེག་པ་ཆེན་པོ་དང་འབྲིང་གཉིས་པོ་དེ་དག་གནས་སྐབས་ཀྱི་ངལ་སྟེགས་ཙམ་དུ་ཡིན་དུས་"
313120,316082,2962,"གང་རེད་ཟེར་ན་དཔེར་ན་ཉན་རང་གི་ཐེག་པ་ལྟ་བུ་ཡིན་ན་"
316082,319148,3066,"ཉོན་མོངས་པའི་སྒྲིབ་པ་སྤོང་གི་རེད་དེ་ ཤེས་བྱའི་སྒྲིབ་པ་མི་སྤོངས་དུས་"
319148,324690,5542,"དགྲ་བཅོམ་པའི་གོ་འཕང་ཐོབ་ཚར་ནའང་ད་རུང་བྱང་ཆུབ་སེམས་དཔའི་ལམ་ལ་འཇུག་དགོས་པ་དང་"
324690,330507,5817,"བྱང་ཆུབ་སེམས་དཔའི་ལམ་ཡིན་ན་ཉོན་མོངས་པ་དང་ཤེས་བྱའི་སྒྲིབ་པ་གཉིས་ཀ་སྤོང་གི་རེད་དེ་"
330507,333856,3349,"མཐར་ཐུག་རྫོགས་པའི་སངས་རྒྱས་ཀྱི་གོ་འཕང་ཐོབ་པར་བྱེད་པ་དེ་ལ་"
333856,337567,3711,"གསང་སྔགས་བླ་ན་མེད་པ་རྡོ་རྗེ་ཐེག་པའི་དབང་བཞི་བའི་ལམ་ལ་མ་ཞུགས་ན་"
337567,340325,2758,"རྫོགས་པ་ཆེན་པོ་མཐར་ཐུགས་ཀྱི་འབྲས་བུ་ཐོབ་རྒྱུ་མ་རེད་དུས་"
340325,345570,5245,"དེ་ཐམས་ཅད་ལམ་གྱི་ངལ་སྟེགས་ཙམ་དུ་ཡིན་ལ་དེའི་ཕྱིར་ན་ལམ་མཐར་ཐུགས་པ་གང་ཡིན་ཞེ་ན་"
345570,352431,6861,"དེ་ནས་མཉམ་པར་བཞག་པའི་ཡེ་ཤེས་ཀྱི་དགོངས་པ་དེ་མ་གསང་མ་སྦས་"
352431,355774,3343,"སྒྲ་ཇི་བཞིན་དུ་བསྟན་པར་གྱུར་བ་རྫོགས་པ་ཆེན་པོ་ཡིན་དུས་"
355774,360324,4550,"དེ་ནས་རྫོགས་པ་ཆེན་པོའི་ལམ་འདི་ཉིད་ཡིན་པས་འདི་ལ་ཐམས་ཅད་འཇུག་དགོས་པ་དང་"
360324,365992,5668,"ད་ལྟ་གང་ཟག་དབང་པོ་རབ་དུ་གྱུར་བ་ཡིན་ནའང་དེ་ལྟ་བུ་ལམ་ལ་འཇུག་པར་བྱེད་པ་ནི་"
365992,369225,3233,"དུས་གཅིག་ ཚེ་གཅིག་ ལུས་གཅིག་ལ་གྲོལ་བར་འགྱུར་བ་ཡིན་ནོ་ཞེས་"
369225,375849,6624,"ཟབ་གསང་སྙིང་པོའི་རྒྱུད་རྫོགས་པ་ཆེན་པོ་རྒྱུད་འབུམ་ཕྲག་དྲུག་ཅུ་རྩ་བཞི་ལས་དེ་ལྟར་གསུང་པ་ཡིན་གསུང་།"
375849,379884,4035,"ཡིན་ནའང་རྒྱུད་ཀྱི་དོན་དེ་ཉིད་མཁའ་འགྲོ་མ་རྣམས་ཀྱི་རྡོ་རྗེའི་ཚིག་གིས་"
379884,383146,3262,"སྦས་བཞག་པའི་པཎྜི་ཏ་མངོན་པར་ཤེས་པ་ལྔ་དང་ལྡན་པ་དང་"
383146,386603,3457,"ཟག་མེད་ཀྱིས་མཁྱེན་པ་དང་ལྡན་པ་མ་གཏོགས་རྟོགས་ནུས་ཀྱི་མ་རེད་"
386603,389075,2472,"དེས་ན་རྒྱུད་ནི་ལུང་གི་ཚུལ་དུ་བཀོད་ཡོངས་སི་འགི"
389075,392815,3740,"ད་ལྟ་རྫོགས་པ་ཆེན་པོའི་གདམས་ངག་གཙོ་ཆེ་བ། གུ་རུ་རིན་པོ་ཆེ། བི་མ་མི་ཏྲ།"
392815,397891,5076,"ལོ་ཆེན་བེེ་རོ་ཙྰ་ན་རྣམ་པ་གསུམ་གྱིས་བོད་གངས་ཅན་ཀྱི་ལྗོངས་སུ་སྣང་བར་མཛད་པ་"
397891,401963,4072,"སྙིང་ཐིག་ཡ་བཞི་ བེེ་རོའི་སྙིང་ཐིག་ལ་སོགས་པ་ཡོད་པ་དེ་རེད།"
401963,406170,4207,"དེ་ཐམས་ཅད་གང་ཟག་ཐུན་མོང་གི་ཉམས་སུ་ལེན་པ་ལམ་དུ་བསྟན་ནས།"
406170,411104,4934,"སྤྱིར་རང་བཞིན་རྫོགས་པ་ཆེན་པོའི་ལམ་ཞེས་བྱ་བ་དེ། རྒྱུད་དང་མན་ངག་"
411104,413246,2142,"གྲུབ་བའི་དགོངས་ཉམས་ཐམས་ཅད་གཅིག་དུ་བསྡུས་ཏེ་"
413246,417899,4653,"གང་ཟག་སྐལ་པ་དམན་པ་རྣམས་ཀྱི་རྟོགས་སླ་བ་ཚིགས་ཉུང་བ་དོན་ཟབ་པ་"
417899,420932,3033,"ཅོག་ཏུ་བསྟན་པར་མཛད་པ་ཡིན་གསུངས་ཏེ་"
420932,425383,4451,"ད་དེས་རྒྱུད་ཀྱི་དོན་ཐམས་ཅད་མེད་པ་ཚུར་མདོར་བསྡུས་ཏེ་བསྟན་བཞག་པ་རེད།"
425383,429620,4237,"གང་རེད་ཟེར་ན་ སྔོན་འགྲོ དངོས་གཞི། རྗེས་ཀྱི་རིམ་པ་གསུམ་གྱི་ནང་དུ་བསྡུས་ཏེ་བསྟན་པ་ཡིན་གསུང།"
429620,433237,3617,"སྔོན་འགྲོའི་རིམ་པ་དེ་ཡི་ནང་ནས་དེ་རིང་།"
433237,436220,2983,"བཞི་པ་བརྩོམ་པར་དམ་བཅའ་བའི་སྐབས་ལ་སླེབས་དུས། ། དེ་སླད་དེ་ཡི་ལམ་གྱི་རིམ། །སྐལ་བཟང་ཚེ་གཅིག་གྲོལ་འདོད་པའི། །"
436220,440181,3961,"དབང་རྣོན་རྣམས་ཀྱི་བགོ་སྐལ་དུ། །མདོར་བསྡུས་གང་ཤར་དབྱངས་སུ་ལེན།"
440181,445253,5072,"གསུངས་དུས་རྒྱུ་མཚན་དེའི་ཕྱིར་ན་ཆོས་ཕུང་བརྒྱད་ཁྲི་བཞི་སྟོང་ཐམས་ཅད་ཀྱི་སྙིང་པོ་ལྟ་བུ་དེ་གང་ཡིན་ཞེ་ན་"
445253,450828,5575,"རྫོགས་པ་ཆེན་པོ་ཡིན་པ་7-25 དེའི་སླད་དུ་རྫོགས་པ་ཆེན་པོ་དེ་གང་ཟག་གཅིག་གི་ཉམས་སུ་བླང་ན།"
450828,455115,4287,"རྒྱུད་ཀྱི་ནང་དུ་ཡོད་པ་དེ་ཉིད་མཁས་པ་དང་གྲུབ་པ་མ་གཏོགས་ཤེས་རྒྱུ་མ་རེད་དུས།"
455115,459793,4678,"སྙིག་མའི་སེམས་ཅན་བློ་གྲོས་དམན་པ་བརྩོན་འགྲུས་ཆུང་བ་རྣམས་རྟོགས་པར་བྱ་བའི་ཕྱིར་དུ།"
459793,462815,3022,"དབང་པོ་རབ་ཚེ་གཅིག་གྲོལ་བ། འབྲིང་བར་དོ་གྲོལ་བ།"
462815,466899,4084,"ཐ་མ་རང་བཞིན་སྤྲུལ་སྐུའི་ཞིང་དུ་གྲོལ་བར་བྱ་བའི་ལམ 7-45 མ་ལུས་པ་ཐམས་ཅད་"
466899,472910,6011,"ལམ་གྱི་རིམ་པ་ དེ་ནས་ རྫོགས་པ་ཆེན་པོའི་སྣོད་དུ་གྱུར་པ་གང་ཟག་དེ་དབང་པོ་རབ་ཏུ་གྱུར་བ་རེད།"
472910,477045,4135,"དཔེར་ན་སེངྒེའི་འོ་མ་དེ་བླུག་ས་གསེར་གྱི་སྣོད་མ་གཏོག་འོ་མ་འཛིན་ནུས་ཀྱི་མ་རེད།"
477045,482649,5604,"དཔེ་དེ་བཞིན་དུ་རྫོགས་པ་ཆེན་པོའི་ཆོས་ཀྱི་སྣོད་སྐལ་བ་བཟང་པོ་དེ་ལ་"
482649,486680,4031,"དད་པ་བརྩོན་འགྲུས་ཤེས་རབ་གསུམ་ཡོད་ན་ཐམས་ཅད་མཁྱེན་པའི་གོ་འཕང་ཐོབ་པ་ལ་"
486680,488659,1979,"དཀའ་ཚེག་དང་ངལ་བ་ཡོད་རྒྱུ་མ་རེད་དུས་"
488659,494360,5701,"དེ་ལྟ་བུ་དད་པ་བརྩོན་འགྲུས་ཤེས་རབ་གསུམ་པོ་དེས་ཚེ་གཅིག་ལུས་གཅིག་ལ་གྲོལ་བར་ནུས་པ་"
494360,497060,2700,"གང་ཟག་དབང་རྣོན་རྣམས་ཀྱི་བགོ་སྐལ་དུ་"
497060,500676,3616,"མ་རྩ་རྫོགས་པ་ཆེན་པོ་རྒྱུད་ལུང་མན་ངག་བསམ་གྱི་མི་ཁྱབ་པ་ཡོད་རེད་"
500676,502592,1916,"དེ་འཇམ་དབྱངས་མཁྱེན་བརྩེ་དབང་པོས།"
502592,505689,3097,"འདི་ཉིད་བསམ་ཡས་མཆིམས་ཕུ་ནགས་ཀྱི་དུར་ཁྲོད་དུ་བྱོན་འོང་དུས་"
505689,508531,2842,"རྫོགས་པ་ཆེན་པོ་མཁའ་འགྲོ་སྙིང་ཐིག་གི་ཉེ་རྒྱུད་ཐོབ།"
508531,513768,5237,"ཉེ་རྒྱུད་ཐོབ་པ་དེའི་ཚེ་ན་རྫོགས་པ་ཆེན་པོ་ལུང་གི་བཅུད་བསྡུས་པ་འདི་ཉིད་"
513768,518909,5141,"རྡོ་རྗེའི་གླུ་དབྱངས་ཀྱི་ཚུལ་དུ་བསྟན་པར་མཛད་པ་དེ་ཉིད་ལེན་ཚུལ་འདི་ཡིན་"
518909,520820,1911,"ཞེས་པའི་བརྩོམ་པར་དམ་བཅའ་བ་རེད།"
531304,533791,2487,"ཉམས་སུ་ལེན་པའི་མཐུན་རྐྱེན་མང་པོ་ཞིག་དགོས་རྒྱུ་རེད།"
533791,537809,4018,"དེ་ཡིན་དུས་རྫོགས་པ་ཆེན་པོ་ཆོས་ཉམས་སུ་ལེན་པའི་གང་ཟག་"
537809,542246,4437,"ཚེ་འདི་རྣམ་གཡེང་དང་འདུ་འཛི་ལ་སོགས་པ་དང་འཇིག་རྟེན་ཆོས་བརྒྱད་ཀྱིས་བྱ་བ་ 9-01"
542246,544688,2442,"དུག་བཞིན་དུ་མ་སྤང་ན་ཉམས་སུ་ལེན་ནུས་རྒྱུ་མ་རེད་དུས་"
544688,547274,2586,"དེས་ན་ཐོག་མར་རྣམ་གཡེང་དང་འདུ་འཛི་མེད་པ་"
547274,549935,2661,"གྲུབ་ཐོབ་གོང་མས་བྱིན་གྱིས་བརླབས་བཞག་པའི་ས།"
549935,555293,5358,"ལུང་པ་སྟོང་པ་གངས་ཁྲོད་དང་རི་ཁྲོད་ལ་སོགས་པ་དབེན་ཞིང་ཉམས་དགའ་བའི་གནས་སུ་"
555293,560967,5674,"ཉམས་སུ་ལེན་པ་དེ་ལའང་ ཕྱི་ནང་གི་འབྱུང་བ་གཉིས་པོ་དེ་ཆ་སྙོམ་པོ་ཞིག་རེད་ན་མ་གཏོགས།"
560967,565253,4286,"དབྱར་གྱི་དུས་ལྟ་བུ་ཡིན་ན་ཧ་ཅང་ཚ་བ་ཆེ་བའི་སྟོབས་ཀྱིས་ཁམས་མི་དྭངས་བ་དང་"
565253,568365,3112,"དགུན་གྱི་དུས་ཡིན་ན་ཧ་ཅང་གྲང་ཆེ་བའི་སྟོབས་ཀྱིས་"
568365,574904,6539,"ཉམས་སུ་ལེན་པ་ལ་རིགས་པའི་རྩལ་འབར་ནུས་ཀྱི་མ་རེད་ དེའི་ཕྱིར་ན།"
574904,578062,3158,"དབྱར་མ་སྟོན་དང་དགུན་ཆུང་ཤས་ཆེའི་དུས་ 9-34 ཞེས་པ་ལྟར་"
578062,581388,3326,"དབྱར་སྟོན་གཉིས་ཀ་མཚམས་དབྱར་དགུན་གཉིས་ཀྱི་མཚམས་ཀྱིས་"
581388,586108,4720,"སྟོན་ཁའི་དུས་ལྟ་བུ་ལ་ཕྱི་ནང་གི་འབྱུང་བ་ཐམས་ཅད་ས་ཆུ་མེ་རླུང་གི་ཁམས་སྙོམས་རྒྱུ་རེད་"
586108,590460,4352,"དེའི་ཕྱིར་ན་ ནམ་མཁའ་དྭངས་བ་དང་ཉི་ཟླ་སྤྲིན་དང་བྲལ་བ་ཡོད་པ་དེའི་དུས་ན་"
590460,594736,4276,"ཉམས་སུ་ལེན་དགོས་པ་ཡིན་ཞེས། ཉམས་སུ་ལེན་སྟངས་ཇི་འདྲ་དགོས་རེད་ཟེར་ན་"
594736,600587,5851,"ལས་ཀའི་བྲེལ་ལ་གཏན་ནས་མེད་པར་བདེ་བའི་སྟན་ལ་བག་ཕས་ཏེ་"
600587,604566,3979,"ལེགས་པར་འདུག་སྟེ་ཉམས་སུ་ལེན་དགོས་པ་ཡིན་གསུང་།"
604566,610390,5824,"གཉིས་པ། ངེད་ཏོས་ཀྱི་ ལུས་ཐམས་ཅད་ནི་གནས་པ་རྩ། གཡོ་བ་རླུང་། བཀོད་པ་བྱང་ཆུབ་ཀྱི་སེམས་ཞེས།"
610390,612813,2423,"རྩ་རླུང་ཐིག་ལེ་གསུམ་གྱི་རང་བཞིན་རེད་ཡོད་རེད་"
612813,620409,7596,"རྩ་དེ་ལ་ལས་ཀྱི་རྩ་དང་ཡེ་ཤེས་ཀྱི་རྩ་ཞེས་རྣམ་པ་གཉིས་ཡོད་རེད།"
620409,625274,4865,"རླུང་ལ་ལས་དང་ཡེ་ཤེས་ཀྱི་རླུང་གཉིས་ཡོད་དུས་ཡེ་ཤེས་ཀྱི་རླུང་དེ་"
625274,628296,3022,"རྒྱུ་བའི་སྐབས་འདྲ་ཡིན་ནས་བཟུང་ཁམས་དྭངས་སྙིགས་ཤེས་པ་དང་"
628296,631439,3143,"ཉམས་རྟོགས་པ་འཆར་བདེ་བ་རེད། ལས་ཀྱི་རླུང་དེ་རྒྱུ་བའི་ཚེ་ན་"
631439,634988,3549,"ཉོན་མོངས་པ་དུག་ལྔ་རགས་པ་ལ་སོགས་པའི་ སྐྱོན་ཡོད་རྒྱུ་རེད་དུས་"
634988,637897,2909,"དེས་ན་འབྱུང་བའི་རླུང་དུག་དེ་ཕར་བསལ་ཆོག་གི་རེད་"
637897,640072,2175,"དཔེར་ན་སྣོད་གཅིག་གི་ནང་བཅུད་ཞིག་བླུགས་བཞག་ན་"
640072,642048,1976,"ཐོག་མར་སྣོད་དེ་བཀྲུ་བཤལ་བྱེད་དགོས་པ་ལྟ་བུ་"
642048,645510,3462,"ད་ལྟ་བདེ་བའི་སྟན་དེ་ལ་ལུས་ཀྱི་གནད་མི་གཡོ་བ་"
645510,649593,4083,"རྣམ་པར་སྣང་མཛད་གྱི་ཆོས་བདུན་དང་ལྡན་པའི་སྒོ་ནས་འདུག་"
649593,653718,4125,"ངག་གི་གནད་མི་གཡོ་བའི་སྨྲ་བརྗོད་ཐམས་ཅད་སྤང་ཏེ་ལྷོད་ཀྱིས་སྡོད།"
653718,655777,2059,"སེམས་ཀྱི་གནད་མི་གཡོ་བ་རང་བབ་བཞག་པའི་སྒོ་ནས་"
655777,660748,4971,"རང་གི་སྣ་བུག་གཡས་གཡོན་དབུས་གསུམ་ནས་རླུང་རོ་དགུ་ཕྲུགས་ཏེ་"
660748,663811,3063,"གཡོན་ནས་གསུམ། གཡས་ནས་གསུམ། དབུས་ནས་གསུམ་ཏེ་དགུ་ཕྲུགས།"
663811,667796,3985,"ཡང་ན་གཡོན་ནས་གཅིག གཡས་ནས་གཅིག དབུས་ནས་གཅིག་ཏེ་ལན་གསུམ་དུ་བསལ་"
667796,671783,3987,"དེ་ལྟར་བསལ་འོང་བའི་ཚེ་ན་སྣ་བུག་གཡོན་ནས་རླུང་བསལ་བར་གྱུར་བའི་ཚེ་"
671783,674612,2829,"ཉོན་མོང་པ་འདོད་ཆགས་ཀྱི་རླུང་ཐམས་ཅད་ཁ་དོག་དམར་པོ་"
674612,678653,4041,"ནད་ཐམས་ཅད་རྣག་རུལ་དང་ཁྲག་རུལ་གྱི་རྣམ་པ་ཕྱིར་སོང་བར་བསམ་"
678653,680679,2026,"སྣ་བུག་གཡས་ནས་རླུང་བསལ་བའི་ཚེ་ན་"
680679,682938,2259,"ཉོན་མོངས་པ་ཞེ་སྡང་གི་རླུང་ཁ་དོག་དཀར་བོ་"
682938,687171,4233,"གདོན་ཐམས་ཅད་སྲོགས་ཆག་ སྡོམ་སྡིག་གི་རྣམ་པ་ཕྱིར་སོང་བར་བསམ།"
687171,689590,2419,"དེ་ནས་ གཉིས་ཀ་ནས་རླུང་བསལ་བའི་ཚེ་ན།"
689590,693627,4037,"ཉོན་མོང་པ་གཏི་མུག་གི་རྣམ་པ་ཁ་དོག་སྔོ་སྐྱ་དང་ སྡིག་སྒྲིབ་ཐམས་ཅད་"
693627,697949,4322,"རྣག་ཁུ་དུད་ཁུ་སོལ་ཁུའི་རྣམ་པ་ཕྱིར་སོང་ངོ་བསམ་ཏེ་རླུང་རོ་ལན་གསུམ་དུ་བསལ།"
697949,705661,7712,"དེ་ལྟར་བསལ་བའི་དགོས་པ་ནི་ནང་ནས་ལས་དང་ཉོན་མོངས་པའི་རླུང་ཐམས་ཅད་"
705661,711196,5535,"ཤུགས་ཆུང་དུ་འགྲོ་དུས་དཔེར་ན་སྣོད་བཀྲུ་བཤལ་བྱེད་པ་ལྟ་བུ་རེད་"
711196,717669,6473,"དེ་ནས་རླུང་རོ་ལན་གསུམ་དུ་བསལ་དགོས་རྒྱུ་རེད་"
717669,720380,2711,"དེའི་རྗེས་སུ་ཉམས་སུ་ལེན་པར་འགྱུར་བ་དེ་ལ་"
720380,726147,5767,"ཐུན་གྱི་སྔོན་འགྲོ་དང་ལམ་གྱི་སྔོན་འགྲོ་རྣམ་པ་གཉིས་ཡོད་པ་ནང་ནས་ཐུན་གྱི་སྔོན་འགྲོ་ཟེར་མཁན་དེ་རེད་"
726147,729086,2939,"ལམ་གྱི་སྔོན་འགྲོ་ནི་སྤྱིར་ཐར་པ་དང་ཐམས་ཅད་མཁྱེན་པའི་ལམ་"
729086,732706,3620,"ཚུལ་བཞིན་དུ་རྒྱུད་ལ་ཉམས་སུ་ལེན་དགོས་ན་སྤྱི་བོར་དཔལ་ལྡན་བླ་མ་བསྒོམ་སྟེ་"
732706,735902,3196,"གསོལ་བ་འདེབས་པ་མ་གཏོག་གཞན་གྱིས་ལམ་ཉམས་སུ་ལེན་ཤེས་ཀྱི་མ་རེད།"
735902,740463,4561,"མདོ་སྔགས་ཀྱི་ལམ་ཐམས་ཅད་ཀྱི་སྙིང་པོ་བླ་མའི་བྱིན་རླབས་རྒྱུད་ལ་ཞུགས་དགོས་རྒྱུ་རེད་"
740463,744702,4239,"ལྷག་པར་དུ་གསང་སྔགས་རྡོ་རྗེ་ཐེག་པའི་དབང་བཞི་པའི་ཡེ་ཤེས་དེ་རྒྱུད་ལ་སྐྱེ་བ་དེ་ལ་"
744702,748218,3516,"བླ་མའི་བྱིན་རླབས་རྒྱུད་ལ་མ་ཞུགས་ནས་བཟུང་ཏེ་དབང་བཞི་པའི་ཡེ་ཤེས་"
748218,752775,4557,"དཔེར་ན་རྒྱུ་མཚན་ཉིད་ཐེག་པའི་ལམ་ལྟ་བུ་ཡིན་ན་མཐོང་ལམ་ས་དང་པོ་མ་ཐོབ་གྱི་བར་དུ་"
752775,755965,3190,"དབང་བཞི་པའི་ཡེ་ཤེས་རྒྱུད་ལ་སྐྱེ་རྒྱུ་མ་རེད་དུས་ དེས་ན་"
755965,759109,3144,"གསང་སྔགས་རྡོ་རྗེ་ཐེག་པ་བླ་མའི་མོས་གུས་ལམ་དུ་བྱས་ན།"
759109,762614,3505,"བླ་མའི་བྱིན་རླབས་གང་གི་སྙིང་ཞུགས་པ། །ལག་པའི་མཐིལ་ན་གནས་པའི་གཏེར་མཐོང་འདྲ།"
762614,767051,4437,"ཟེར་དུས་བླ་མའི་བྱིན་རླབས་རྒྱུད་ལ་ཞུགས་པ་དང་རྫོགས་པ་ཆེན་པོའི་གནད་ཟབ་པའི་སྟོབས་ཀྱིས་"
767051,771941,4890,"ད་ལྟ་སོ་སོའི་སྐྱེ་བོ་དུས་ནས་དབང་བཞི་པའི་ཡེ་ཤེས་ཀྱི་ཉམས་ལེན་རྒྱུད་ལ་སྐྱེ་ཐུབ་ཀྱི་རེད།"
771941,774448,2507,"དེ་བླ་མའི་བྱིན་རླབ་རྒྱུད་ལ་ཞུགས་པར་བྱེད་པ་དེ་ལ་"
774448,780184,5736,"རང་གི་མདུན་གྱི་ནམ་མཁའ་པདྨ་དང་ཉི་ཟླའི་སྟེང་དུ་ ངོ་བོ་རྩ་བའི་བླ་མ་ཡིན་པ་ལ་"
780184,784164,3980,"རྣམ་པ་གུ་རུ་རིན་པོ་ཆེ་ལྟ་བུ་སྒོམས་ ཡང་རང་གི་རྩ་བའི་བླ་མ་ཡོད་ན་"
784164,789018,4854,"དེའི་སྐུ་དང་རྣམ་པ་ལྟར་དུ་སྒོམས། མོས་པ་གང་ལ་ཤས་ཆེ་བ་དེ་ལྟར་དུ་བསྒོམ་སྟེ་"
789018,792724,3706,"བླ་མ་རིན་པོ་ཆེ་དེ་ཉིད་ལ་ དུས་གསུམ་སངས་རྒྱས་ཐམས་ཅད་ཀྱི་ངོ་བོ།"
792724,797891,5167,"བཀའ་དྲིན་མཚུངས་པ་མེད་པའི་གཏེར་ཆེན། །བླ་མ་རིན་པོ་ཆེ་མཁྱེན་ནོ།"
797891,799680,1789,"བདག་གི་རྒྱུད་བྱིན་གྱིས་བརླབ་ཏུ་གསོལ། །"
799680,803345,3665,"ཟབ་ལམ་གྱི་རྟོགས་པ་ཁྱད་པར་ཅན་རྒྱུད་ལ་སྐྱེ་བར་བྱིན་གྱི་བརླབ་ཏུ་གསོལ། །"
803345,807176,3831,"འོད་གསལ་རྫོགས་པ་ཆེན་པོའི་ལམ་དབང་བཞི་མཐར་ཕྱིན་པར་བྱིན་གྱི་བརླབ་ཏུ་གསོལ།"
807176,809686,2510,"ཞེས་བསམ་ཏེ་ ལུས་བ་སྤུ་གཡོ་མིག་མཆི་མ་འཁྲུགས་"
809686,812503,2817,"བློ་སྙིང་བྲང་གསུམ་གཅིག་འབྲེལ་གྱི་སྒོ་ནས་གསོལ་བ་བཏབས་ནས། །"
812503,816181,3678,"དཔལ་ལྡན་རྩ་བའི་བླ་མ་རིན་པོ་ཆེ། །བདག་གིས་སྤྱི་བོར་པདྨའི་གདན་བཞུགས་ལ། །"
816181,820009,3828,"བཀའ་དྲིན་ཆེན་པོའི་སྒོ་ནས་རྗེས་བཟུང་ཏེ། །སྐུ་གསུང་ཐུགས་ཀྱི་དངོས་གྲུབ་སྩལ་དུ་གསོལ། །"
820009,822840,2831,"ཞེས་གསོལ་བ་ཡང་ཡང་བཏབས་ནས། མཐར་བླ་མའི་སྐུ་ལས་"
822840,827004,4164,"ཡེ་ཤེས་ཀྱི་འོད་ཟེར་ཁ་དོག་སྣ་ཚོགས་པ་བྱུང་ རང་གི་ལུས་ངག་ཡིད་གསུམ་ལ་ཕོགས།"
827004,832686,5682,"ནད་གདོན་སྡིག་སྒྲིབས་བག་ཆགས་དང་བཅས་པ་ཉི་མའི་ཟེར་གྱིས་བ་མོ་ཞུ་བ་བཞིན་དུ་ཡོངས་སུ་དག་"
832686,837159,4473,"བླ་མའི་ཐུགས་ཡེ་ཤེས་ཀྱི་དགོངས་པ་གཞི་ལམ་འཕོ་བའི་སྐལ་བ་དང་ལྡན་པ་མཛད་སོང་བསམ།"
837159,841232,4073,"དེས་འཕྲོས་ནས་སླར་ཡང་ཁྱེད་ཤེས་དད་པས་གསོལ་བ་གདབ་ཙ་ན་"
841232,845144,3912,"སླར་ཡང་མོས་གུས་ཀྱི་སྒོ་ནས་ བླ་མ་ལ་རྩེ་གཅིག་ཏུ་གསོལ་བ་ཡང་ཡང་བཏབས་ནས་"
845144,849355,4211,"བླ་མ་དགྱེས་པ་ཆེན་པོས་འོད་དུ་ཞུ་ནས་རང་གི་སེམས་ལ་མར་ཐིམ་པས་"
849355,851984,2629,"བླ་མའི་ཐུགས་རྒྱུད་ཀྱིས་བྱིན་རླབས་ཐམས་ཅད་རང་གི་སེམས་ལ་ཞུགས་"
851984,855532,3548,"དེས་ སེམས་དེ་ཉིད་ཀྱིས་དམ་པའི་ཆོས་ཉམས་སུ་ལེན་པ་ལ་"
855532,858318,2786,"སྣོད་དུ་རུང་བར་བྱིན་གྱིས་བརླབས་ ཐིས་བསམ་པ་བྱེད་དགོས།"
858318,860262,1944,"ཐུན་གྱི་སྔོན་འགྲོ་ཟེར་ན་དེ་རེད།"
873573,876959,3386,"དེ་ནས་དལ་འབྱོར་ཚང་བའི་རྟེན། །འདི་ཉིད་དཔེ་གྲང་རྒྱུ་ངོ་བོ། །"
876959,879935,2976,"རྙེད་པར་དཀའ་བའི་ཚུལ་བསམས་ལ། །ཚེ་འདིའི་འཁྲུལ་བའི་སྣང་ཞེན་ལྡོག"
879935,884170,4235,"ཅེས་གསུང་ཏེ་ དེ་ནས་དལ་འབྱོར་རྙེད་པར་དཀའ་བ་དེ་བསམ་དགོས་པའི་རྒྱུ་མཚན་གང་རེད་ཟེར་ན་"
884170,888200,4030,"ད་ལྟ་ ངེད་ཏོས་ཀྱིས་དལ་འབྱོར་དེ་རྙེད་དཀའ་བ་མ་རེད་དལ་འབྱོར་འདིའི་སྟེང་དུ་"
888200,894596,6396,"རྣམ་རིག་ 14-48 འཇིག་རྟེན་ཚེ་འདིར་དགྲ་འདུལ་གཉེན་སྐྱོང་ཚོང་སོ་ནམས་བྱེད།"
894596,898616,4020,"འབྱོར་བ་བསགས། ཐོབ་གོ་ས་མཐོན་པོ་ཞིག་ཨེ་འོང་བསམ་ཏེ་འཁྲུལ་པའི་སྣང་བ་ལ་ཞེན་པ་འདི་"
898616,901308,2692,"དལ་འབྱོར་རྙེད་དཀའ་ཚུལ་མ་བསམ་པའི་སྐྱོན་རེད།"
901308,904205,2897,"དལ་འབྱོར་དེ་རྙེད་དཀའ་བའི་རྒྱུ་མཚན་ཅི་ཞིག་བསམ།"
904205,906588,2383,"རྙེད་པའི་དལ་འབྱོར་གྱི་མི་ལུས་རིན་པོ་ཆེ་འདིའང་"
906588,909602,3014,"སྐྱེས་པའི་ཐ་མ་ནི་འཆི་དགོས་པ་དང་ ནམ་འཆི་ཆ་མེད་"
909602,913394,3792,"འཆི་རྐྱེན་ངེས་མེད་ཀྱི་ཚུལ་དུ་བསམས་ནས་ དེ་ནས་ དལ་འབྱོར་གྱི་མི་ལུས་ཟེར་རྒྱུ་དེ་"
913394,916784,3390,"ད་རེས་མ་གཏོགས་ཐོབ་ཐུབ་ས་མ་རེད་ ད་རེས་ཐོབ་པ་འདིའི་སྟེང་དུ་"
916784,919062,2278,"དལ་འབྱོར་གྱི་ལུས་རྟེན་འདིའི་སྟེང་དུ་ཆོས་ཞིག་སྒྲུབ་ན་"
919062,924758,5696,"དེས་ མདོ་སྔགས་ཐམས་ཅད་ཀྱི་ལམ་གྱི་སྣོད་དུ་གྱུར་བ་ལྷ་བས་ལྷགས་པའི་ལུས་ཡིན་དུས་"
924758,928794,4036,"ད་འདི་འཕྲོ་བརླག་གཏོང་མི་ཉན་ནོ་བསམ་པའི་བསམ་བློ་ཞིག་འོང་རྒྱུ་རེད་དུས།"
928794,933890,5096,"དེའི་ཕྱིར་ན་དལ་འབྱོར་དེ་རྙེད་པར་དཀའ་བ་བསམ་དགོས་པའི་རྒྱུ་མཚན་དེ་རེད།"
933890,936442,2552,"དེ་ལའང་དལ་ཟེར་མཁན་དེ་གང་རེད་ཟེར་ན་"
936442,940237,3795,"མི་ཁོམ་པའི་གནས་རིས་བརྒྱད་དུ་མ་སྐྱེས་པའི་ཕྱིར་ན་དལ་ཟེར་རེད།"
940237,945037,4800,"འབྱོར་ཟེར་ན་གང་རེད་ཟེར་ན་ཆོས་སྒྲུབ་པའི་མཐུན་རྐྱེན་རང་འབྱོར་ལྔ་གཞན་འབྱོར་ལྔ་དང་"
945037,947859,2822,"འབྱོར་བ་བཅུ་ཚང་བར་གྱུར་བའི་རྟེན་དུ་གྱུར་བ་འདི་ཡིན་"
947859,952096,4237,"འགྲོ་བ་རིགས་དྲུག་གི་ནང་ནས་དལ་འབྱོར་གྱི་མི་ལུས་འདི་རྟེན་དུ།"
952096,954803,2707,"སངས་རྒྱས་ཐམས་ཅད་འཇིགས་རྟེན་གྱི་ཁམས་སུ་བྱོན་འོང་བའི་ཚེ་ན་"
954803,957153,2350,"མི་ཡི་ཡུལ་དུ་སྐྱེ་བ་བཞེས་དགོས་པ་དང་"
957153,962398,5245,"ལུས་རྟེན་འདི་ལ་གནས་པ་རྩ་གཡོ་བ་རླུང་ཁམས་ཐིག་ལེ་བྱང་ཆུབ་ཀྱི་སེམས་"
962398,964669,2271,"ཁམས་དྲུག་ལྡན་གྱི་ངོ་བོ་ཡོད་པ་འདི་ལ་རྟེན་"
964669,968371,3702,"འདིའི་སྟེང་དུ་ཆོས་ཉམས་སུ་ལེན་མི་ནུས་པ་གཅིག་ཀྱང་ཡོད་རྒྱུ་མ་རེད།"
968371,971528,3157,"དཔེར་ན་མི་ཡི་ལུས་རྟེན་མ་ཐོབ་ན་སོ་ཐར་གྱི་སྡོམ་པ་"
971528,976744,5216,"དགེ་ཚུལ་དང་དགེ་སློང་གི་སྡོམ་པ་ཞིག་ཐོབ་དགོས་ན་ལྷ་མ་ཡིན་དང་ལྷ་ཡི་ལུས་ལྟ་བུ་ལ་"
976744,979013,2269,"སོ་ཐར་སྡོམ་པ་མཚན་ཉིད་པ་སྐྱེ་ཐུབ་ཀྱི་མ་རེད།"
979013,982920,3907,"རྟེན་གྱིས་མི་སྐྱེ་བ་རེད་གསང་སྔགས་རྡོ་རྗེ་ཐེག་པའི་དབང་བཞི་བའི་ཡེ་ཤེས་དེ་ཉིད་ཀྱང་"
982920,987085,4165,"གང་ཟག་ཐམས་ཅད་ལ་ཐོབ་ཐུབ་ཀྱི་རེད་ཏེ་ དེའི་དབང་བཞི་ཁ།"
987085,989403,2318,"ལམ་རྩ་རླུང་ཐིག་ལེ་ལ་སོགས་པ་ 16-30 དགོས་ན།"
989403,993043,3640,"འཛམ་བུ་གླིང་པའི་མི་རྣམས་ཁམས་དྲུག་ལྡན་རེད་སོང་དུས་ལམ་མྱུར་གྱི་རེད་"
993043,997856,4813,"དེའི་ཕྱིར་ན་དལ་འབྱོར་གྱི་མི་ལུས་ཏེ་ལུས་རྟེན་ཁྱད་པར་ཅན་ཡིན་པས་དེ་རེད་"
997856,1002667,4811,"ལུས་རྟེན་ཁྱད་པར་ཅན་འདི་ཉིད་དཔེ་ཡི་སྒོ་ནས་རྙེད་དཀའ་བ་བསམ་ན་སངས་རྒྱས་ཀྱིས།"
1002667,1005212,2545,"དཔེར་ན་སྟོང་གསུམ་གྱི་སྟོང་ཆེན་པོ་འདི་རྒྱ་མཚོ་གཅིག་རེད་"
1005212,1008159,2947,"རྒྱ་མཚོ་གཅིག་གི་གཏིང་དུ་རུས་སྦལ་མིག་ལོང་བ་གཅིག་དང་།"
1008159,1010927,2768,"མཚོ་དེ་རླུང་གི་བསྐྱོད་དེ་སྐད་ཅིག་ཀྱང་མི་གནས་པའི་ཁར་"
1010927,1014030,3103,"གཉའ་ཤིང་བུ་ག་གཅིག་པ་གཅིག་རླུང་གི་རྟག་པར་ཁུར་སྡོད་དུས་"
1014030,1017305,3275,"རུས་སྦལ་ལོང་བ་དེ་ལོ་བརྒྱ་རེ་མཚམས་ནས་མཚོ་ཁར་ལན་རེ་འོང་ན་"
1017305,1021094,3789,"རུས་སྦལ་གྱི་མགྲིན་པ་དང་གཉའ་ཤིང་གི་བུ་ག་གཉིས་འཕྲད་སྲིད་ཀྱི་རེད་ཏེ།"
1021094,1023850,2756,"དེ་ལས་ཀྱང་དལ་འབྱོར་མི་ལུས་ཐོབ་དཀའ་བ་བསམ་པ་དང་"
1023850,1028720,4870,"ཁབ་ཀྱི་རྩེ་གྱེན་དུ་བསླང་བའི་སྟེང་དུ་སྲན་མ་མང་པོ་གཏོར་ན་སྲན་མ་ཆགས་སྲིད་དེ་"
1028720,1031500,2780,"དེ་བས་ཀྱང་དལ་འབྱོར་མི་ལུས་ཐོབ་དཀའ་བ་བསམ་པ་དང ་དེ་ནས་"
1031500,1035784,4284,"དམྱལ་བ་ལ་བསམ་ན་ས་ཆེན་པོའི་རྡུལ་ཙམ། ཡི་དྭགས་ཆུ་མོ་གངྒའི་ཀླུང་གི་བྱེ་མ་རྙེད།"
1035784,1040180,4396,"དུད་འགྲོ་ཆང་འགག་གི་སྦང་མ། ལྷ་མ་ཡིན་ཁ་བ་བུ་ཡུག་འཚུབས་པ་ལྟ་བུ་ཡིན་དུས།"
1040180,1042438,2258,"མི་དང་ལྷ་གཉིས་སེན་མོའི་སྟེང་གི་རྡུལ་ལྟ་བུ་ཉུང་བ་ཡིན་དུས་"
1042438,1044788,2350,"འགྲོ་བ་རིགས་དྲུག་གྲངས་མང་ཉུང་བྱས་ནའང་"
1044788,1048932,4144,"དེས་ མི་ལུས་འདི་རྙེད་དཀའ་བ་དང་ ངོ་བོའི་སྒོ་ནས་བཤད་ན་"
1048932,1052489,3557,"སྤྱིར་དུ་དལ་འབྱོར་གྱི་མི་ཡི་ལུས་དེ་རྙེད་དཀའ་རྒྱུ་རེད་"
1052489,1057806,5317,"དེའི་ནང་ནས་ཀྱང་སངས་རྒྱས་ཀྱི་བསྟན་པ་དར་བ་སོགས་དལ་འབྱོར་བཅོ་བརྒྱད་ཚང་བའི་མི་ཡི་ལུས་དེ་"
1057806,1060924,3118,"བརྒྱ་ལམ་ཙམ་དུ་མ་གཏོགས་གཏན་ནས་རྙེད་སྲིད་ཀྱི་མ་རེད་"
1060924,1064547,3623,"དེས་ན་སྐྱེ་བ་སྔ་མ་བསོད་ནམས་ཀྱིས་ཚོགས་ཁྱད་པར་ཅན་ཞིག་མ་བསགས་ན་"
1064547,1068035,3488,"སངས་རྒྱས་ཀྱི་བསྟན་བ་དང་འཕྲད་རྒྱུ་དང་དེའི་རྗེས་སུ་འཇུག་པ་ནི་"
1068035,1069809,1774,"ཤིན་ཏུ་ནས་ཀྱང་དཀའ་མོ་ཅན་ཞིག་རེད་"
1069809,1074083,4274,"དེ་མི་དགོས་དཔེར་ན་བྱ་དང་དུད་འགྲོ་ལྟ་བུ་ཡིན་ན་སངས་རྒྱས་ཀྱི་མཚན་རྣ་ལམ་ལ་"
1074083,1077350,3267,"གང་གིས་ཐོས་པ་དེ་སྐྱེ་བ་སྔ་མ་བསོད་ནམས་བསག་པའི་སྟོབས་ཀྱིས་མིན་པ་"
1077350,1081155,3805,"གཏན་ནས་ཐོབ་ཐུབ་གྱི་མ་རེད་དུས་ སྐྱེ་བ་སྔ་མ་བསོད་ནམས་ཚོགས་བསག་ཡོད་ན་"
1081155,1083671,2516,"སངས་རྒྱས་དེའི་མཚན་དེ་རྣ་ལམ་ལ་ཐོས་འོང་དུས་"
1083671,1085971,2300,"དལ་འབྱོར་གྱི་མི་ལུས་རང་ཤུགས་ཀྱི་ཐོབ་འོང་རྒྱུ་རེད་"
1085971,1090471,4500,"དཔེར་ན་སློབ་དཔོན་དབྱིག་གཉེན་ཞེས་རྒྱ་གར་གི་པཎྜི་ཏ་ཆེན་པོ་དེས་གཞུང་འབུམ་སྡེ་"
1090471,1096807,6336,"དགུ་བཅུ་གོ་དགུ་ཐུགས་ལ་ཡོད་ཚར་དུས་དེའི་ཐུགས་ནས་མི་བརྗེད་པའི་གཟུངས་ཀྱིས་"
1108191,1112085,3894,"སློབ་དཔོན་གྱིས་ཞལ་འདོན་མཛད་པའི་ཚེ་གཟིམ་ཁང་གི་སྟེང་"
1112085,1114074,1989,"དེ་ན་ཕུག་རོན་གཅིག་ཉན་བསྡད་དུས་ཕུག་རོན་དེའི་"
1114091,1117947,3856,"གཞུང་འབུམ་ཕྲག་དགུ་བཅུ་གོ་དགུ་གསུང་བསྡད་པ་དེ་རྣ་བས་ཐོས་འོང་དུས་"
1117947,1122796,4849,"ཕུག་རོན་དེ་ཤི་འགྲོ་དུས་སློབ་དཔོན་དབྱིག་གཉེན་གྱི་སློབ་མ་གཅིག་གི་སྐྱེ་བ་བླང་"
1122796,1125543,2747,"མིང་ལ་སློབ་དཔོན་བློ་གྲོས་བརྟན་པ་ཞེས་དབྱིག་གཉེན་ཁོ་རང་དང་"
1125543,1127967,2424,"མཁས་བྱའི་ཡོན་ཏན་མཉམ་པ་གཅིག་པའི་ལུས་བླངས་འོང་བ་རེད།"
1127967,1131869,3902,"དཔེར་ན་དམ་པའི་ཆོས་ཐོས་པ་ཙམ་ལའང་ཕན་ཡོན་དེ་ལྟ་བུ་ཡོད་རྒྱུ་རེད།"
1131869,1135138,3269,"དེ་ལྟ་བུ་བསོད་ནམས་གྱི་ཚོགས་མ་བསགས་ན་ཤིན་ཏུ་ཐོབ་དཀའ་བ་ཡིན་དུས་"
1135138,1139806,4668,"རྒྱུ་ཡི་སྒོ་ནས་རྙེད་དཀའ་དེ་ནས་ ངོ་བོ་ ངས་ད་ལྟ་ཞུས་པ་བཞིན་དུ་"
1139806,1143476,3670,"དལ་འབྱོར་གྱི་ལུས་རྟེན་འདིའི་སྟེང་དུ་ཐེག་པ་རིམ་པ་དགུའི་ཆོས་གང་ཞིག་"
1143476,1147732,4256,"ཉམས་སུ་ལེན་ན་ཉམས་སུ་ལེན་མི་རུང་བ་ཡོད་མ་རེད། སྡོམ་པ་ཐོབ་ཀྱི་རེད།"
1147732,1151715,3983,"ཉམས་སུ་ལེན་ན་གྲུབ་རྟགས་ཐོན་སླ་གི་རེད་ དེ་ཡིན་པའི་ཕྱིར་ན་"
1151715,1157037,5322,"དེའི་ངོ་བོའི་སྒོ་ནས་རྙེད་པར་དཀའ་བའི་ཚུལ་ལེག་པར་བསམ་ཏེ།"
1157037,1159868,2831,"དལ་འབྱོར་གྱི་མི་ལུས་རྙེད་པར་དཀའ་བ་དེ་དཔེར་ན་"
1159868,1164427,4559,"མི་དབུལ་པོ་གཅིག་གི་ནོར་བུ་རིན་པོ་ཆེ་ཞིག་རྙེད་འོང་ན་ནོར་བུ་དེ་གཞན་ལ་ཤོར་དོགས་བྱེད་ནས་"
1164427,1167126,2699,"རྒྱལ་མཚན་གྱི་རྩེ་མོ་ལ་མཆོད་དེ་གསོལ་བ་བཏབས་ན་"
1167126,1170112,2986,"དེ་ལས་ཟས་དང་གོས་འདོད་པ་ཐམས་ཅད་འབྱུང་ཡོང་གི་རེད་"
1170112,1173671,3559,"དཔེ་དེ་ལྟར་དུ་དལ་འབྱོར་གྱི་མི་ལུས་འདི་ད་རེས་མ་གཏོགས་མི་ཐོབ།"
1173671,1176500,2829,"ད་རེས་ཐོབ་པ་འདིའི་སྟེང་ལ་སངས་རྒྱས་གྱི་བསྟན་པ་དང་མཇལ།"
1176500,1181130,4630,"དམ་པའི་ཆོས་ཐོས་པ་འདི་ 19-40 ཚེ་གང་དུས་བརྒྱའི་ཟ་མ་ལན་ཅིག་འདི་གཅིག་ཡིན་པས་"
1181130,1186896,5766,"ཚེ་འདི་ཡི་བྱ་བ་ཐམས་ཅད་རྦད་དེ་བློས་གཏོང་ལག་པ་བརྐྱང་སྐུམ་ཙམ་དུ་སྐད་གཅིག་ཙམ་ལའང་"
1186896,1190036,3140,"དལ་འབྱོར་འདི་འཕྲོ་བརླག་མི་གཏོང་བར་དམ་པའི་ཆོས་ཐོས་བསམ་སྒོམ་གསུམ་བྱེད་དགོས་"
1190036,1192287,2251,"བསམ་པའི་ཆོས་ལ་ཡང་ནས་ཡང་དུ་བློ་བསྐུལ་"
1192287,1196473,4186,"བཀའ་གདམས་པའི་དགེ་བའི་གཤེས་གཉེན་གྱིས་"
1196473,1200389,3916,"དལ་འབྱོར་གྱི་མི་ལུས་རྙེད་པར་དཀའ་བ་བསམ་ནས་ 20-03"
1200389,1204231,3842,"སེམས་གཏན་ནས་མནལ་མ་བཞུག་པ་སྐུ་ཚེ་དེའི་སྟེང་དུ་"
1204231,1206903,2672,"མི་གཡོ་བ་བསྙེན་པོ་དུང་ཕྱུར་དགུ་གསུང་པ་ལྟ་བུ་རེད་དུས་"
1206903,1210738,3835,"དེ་ལྟ་བུ་མ་བྱུང་གི་བར་དུ་སྒོམ་དུས་ ཚེ་འདི་ཡི་སྣང་ཞེན་ཟློག་པ་ཡང་"
1210738,1212916,2178,"དལ་འབྱོར་རྙེད་དཀའ་བ་བསམ་པ་དེ་རེད་"
1212916,1217375,4459,"གཉིས་པ་འདུས་བྱས་མི་རྟག་པས་སྙོམ་ལས་ལེ་ལོ་ལས་བློ་ལྡོག དེ་ཡི་རྗེས་སུ་ཆོས་ལ་བློ་འཇུག་པའི་རྒྱུ་དལ་འབྱོར་རྙེད་དཀའ་བསམ་ཚར་དུས་"
1217375,1220810,3435,"བརྩོན་འགྲུས་ཀྱི་ལྕག་འདེབས་པའི་ཕྱིར་དུ་འཆི་བ་མི་རྟག་པ་སྒོམ་དགོས་རྒྱུ་རེད་"
1220810,1224384,3574,"དེ་ནི་ །ཕྱི་ནང་སྣོད་བཅུད་གང་ལ་ཡང་། །མཐའ་བཞིའི་ཕྱག་རྒྱས་བཏབ་པའི་ཕྱིར། །"
1224384,1227883,3499,"ནམ་འཆི་ཆ་མེད་བློས་བསྐུལ་ཏེ། །སྙོམ་ལས་ལེ་ལོའི་ཞགས་པ་ཕྲོལ།"
1227883,1231673,3790,"གསུང་རྒྱུ་དེ་རེད་ དེས་ན་ ད་ལྟ་ང་རང་ཚོས་དལ་འབྱོར་གྱི་ལུས་ཐོབ་"
1231673,1233420,1747,"ཆོས་ལ་བརྩོན་མི་ནུས་མཁན་དང་"
1233420,1238195,4775,"དཔེར་ན་མི་ཞིག་འཆི་ནད་ཕོག་ནས་ཤི་འགྲོ་བའི་ཐག་ཆོད་དེ་འདྲའི་བསམ་རྒྱུ་ཞིག་རེད་ནའང་"
1238195,1241460,3265,"ད་དུང་ ཚེ་འདིའི་ཕྱི་ཤོས་ལ་བསམ་བློ་གཏོང་ཏེ་འབྱོར་བ་ལོངས་སྤྱོད་"
1241460,1243841,2381,"བདེ་སྐྱིད་འདི་འདྲའི་དགོས་ས་འགི་བསམ་མནོ་ལས་"
1243841,1248115,4274,"ང་ཕྱི་མ་ལ་འཇིགས་སྐྲག་ཆེན་པོ་ཡོད་བསམ་པ་སེམས་ཀྱི་དྲན་ཤེས་ཀྱི་མ་རེད་"
1248115,1252878,4763,"དེ་མི་དྲན་པ་གང་རེད་ཟེར་ན་འཆི་བ་མི་རྟག་པ་རྒྱུད་ལ་མ་སྐྱེ་པ་དེའི་སྐྱོན་རེད་"
1252878,1262258,9380,"འཆི་བ་མི་རྟག་པ་དེ་རྒྱུད་ལ་སྐྱེ་བར་བྱེད་པ་དེ་ལ་ཕྱི་སྣོད་ཀྱི་འཇིག་རྟེན་ལ་བསམ་ཏེ་"
1262258,1265972,3714,"མ་འོང་པ་ན་མེ་བདུན་ཆུ་གཅིག་གིས་འཇིག་འགྲོ་གི་རེད་"
1265972,1270511,4539,"ད་ལྟ་ཡིན་ནའང་དཔེར་ན་ད་ལྟ་དབྱར་ལོ་འདབས་རྒྱས་པའི་དུས་སུ་མེ་ཏོག་མང་པོ་བཀྲ།"
1270511,1274537,4026,"ཤིང་ལོ་ཐམས་ཅད་རྒྱས། ནམ་མཁའ་ནས་བདུད་རྩིའི་ཆར་པ་བབས་འདི་འདྲ་རེད་དུས་"
1274537,1279126,4589,"སང་ཉིན་སྟོན་ཁའི་དུས་ཡིན་ན་ ལོ་ཏོག་ཕར་བསྡུ་ཚར་དུས་ས་ཐམས་ཅད་སྐྱ་བོ་རུ་འགྱུར།"
1279126,1283041,3915,"ཤིང་ལོ་ཐམས་ཅད་སར་ལྷུང་དེ་དུས་སྟོན་འབྲས་བུའི་དུས་རྫོགས།"
1283041,1286464,3423,"གནམ་ས་འཁྱག་གིས་བསྡམ་དགུན་གྲང་ལྷག་གི་དུས།"
1286464,1292677,6213,"དཔྱིད་སོ་ནམས་ཀྱི་དུས་ན་ཡང་ས་བོན་ཕར་འདེབས་པའི་དུས་ཚོད་དེ་ལྟར་དུ་འགྱུར་འགྲོ་གི་ཡོད་རྒྱུ་རེད་"
1292677,1294948,2271,"ཡང་ནས་ཡང་དུ་ཕྲ་བའི་སྒོ་ནས་སམས་ན་"
1294948,1299985,5037,"དཔེར་ན་དེ་རིང་ཉི་མ་དྲོན་པོ་ཤར་ཡོད་ནའང་སང་ཉིན་ཡང་གནམ་གྲང་མོ་ཆགས་ཏེ་"
1299985,1303012,3027,"ཆར་པ་གཏོང་ཡོང་རྒྱུ་རེད་ དེིའི་ཕྱིར་སྣོད་ཀྱི་འཇིག་རྟེན་ལ་བསམ་ན་"
1303012,1306036,3024,"རྟག་པ་བརྟན་པ་ཡོད་མ་རེད་ ནང་བཅུད་ཀྱི་སེམས་ཅན་ལ་བསམས་ན་"
1306036,1310169,4133,"སྔོན་གྱི་དུས་སུ་རྒྱ་གར་ལ་སངས་རྒྱས་བཅོམ་ལྡན་འདས་དང་དགྲ་བཅོམ་པ་ཁྲི་ཕྲག་མང་པོ་"
1310169,1315046,4877,"པཎྡི་ཏ་མང་པོ་བྱོན་ཡོད་རེད། བོད་གང་ཅན་གྱི་ལྗོངས་སུ་མཁས་གྲུབ་ག་ཚད་བྱོན་པ་དེ་ཐམས་ཅད་"
1315046,1317394,2348,"སྐུ་མྱ་ངན་ལས་འདས་པའི་ཚུལ་བསྟན་ཡོད་རེད་"
1317394,1320178,2784,"མི་བསོད་ནམས་ཆེན་པོ་ཆོས་རྒྱལ་མེས་དབོན་རྣམ་གསུམ་ཟེར་བ་དང་"
1320178,1324043,3865,"གླིང་གཞི་མངའ་འོག་བདག་པོ་འཁོར་ལོའི་བསྒྱུར་བའི་རྒྱལ་པོ་ལ་སོགས་པ་ག་ཚད་བྱོན་པ་"
1324043,1326999,2956,"དེ་ཐམས་ཅད་ཀྱང་མི་རྟག་པའི་ཚུལ་བསྟན་འགྲོ་རྒྱུ་དེ་རེད།"
1326999,1331717,4718,"དེས་མ་ཚད་པ་ང་ཚོ་སྙིགས་མའི་སྐྱེ་བོ་ཟེར་མཁན་དེ་སྲོག་དང་ལུས་གཉིས་པོ་འདི་"
1331717,1335412,3695,"རླུང་གསེབ་ཀྱི་མར་མེ་ལྟ་བུ་རེད་དུས་ ནམ་འཇིག་འགྲོ་ཤེས་རྒྱུ་མ་རེད་དུས།"
1335412,1339262,3850,"དེའི་ཕྱིར་ན་ནང་བཅུད་ཀྱི་སེམས་ཅན་ལ་བསམ་ན་རྟག་པ་བརྟན་པ་ཡོད་མ་རེད་"
1339262,1343141,3879,"དེས་ན་འདུས་བྱས་གྱི་ཆོས་རེད་ཚར་དུས་སྐྱེས་པའི་ཐ་མ་ལ་འཆི།"
1343141,1346087,2946,"འདུས་པའི་ཐ་མ་ལ་འབྲལ། བསགས་པའི་ཐ་མ་ལ་འཛད།"
1346087,1351531,5444,"མཐོ་བའི་ཐ་མ་ལ་ལྷུང་། ཞེས་མཐའ་བཞི་ཡི་རྒྱས་མ་བཏབས་པ་ཅིག་ཀྱང་མེད་པ་ཡིན་པའི་ཕྱིར་ན།"
1351531,1355891,4360,"ནམ་འཆི་ཆ་མེད་པ་དེ་ཡང་ནས་ཡང་དུ་བསྒོམ་ཆོས་སྒྲུབ་པ་ཐམས་ཅད་"
1355891,1359080,3189,"ཡར་དགེ་བ་ལ་བཀོད་བྱེད་རེད་དཔེར་ན། དགེ་བསྐོས་ལྟ་བུ་རེད་"
1359080,1362874,3794,"འཆི་བ་མི་རྟག་པ་དེ་ཡང་ནས་ཡང་དུ་དྲན་ཐུབ་ན་ དེས་འཆི་བ་དེ་དྲན་འོང་དུས་"
1362874,1367378,4504,"འཆི་བ་ལ་ཕན་བྱེད་ཆོས་ཡིན་པ་དེ་ཤེས་ཀྱི་རེད། ཆོས་རང་ཤུགས་ཀྱི་བྱེད་འོང་རྒྱུ་རེད་དུས་"
1367378,1371510,4132,"དེའི་ཕྱིར་ན་ནམ་འཆི་ཆ་མེད་དེ་བློ་ལ་ཡང་ནས་ཡང་དུ་བསྐུལ་འདེབས་བྱ་རྒྱུ་དེ་"
1386588,1390672,4084,"རང་བཞིན་གྱི་མེ་ཤི་བ་འདྲ་དང་ཆུ་སྐམ་པ་འདྲ་ཡིན་ན་ཅི་དགོས་རྒྱུ་མ་རེད།"
1390672,1394156,3484,"དེ་འདྲ་མ་རེད་ད་ལྟ་སྐྱིད་པོ་བྱུང་ན་ལུས་འདི་ཤུལ་ལ་བཞག"
1394156,1398841,4685,"རྣམ་ཤེས་དེ་བར་དོ་ལ་འཁྱམས་འགྲོ་བའི་ཚེ་ན་ལས་དགེ་སྡིག་གཉིས་པོ་ཁུར་པོ་རེད།"
1398841,1403891,5050,"དེ་རྒྱབ་ལ་ཁུར་འགྲོ་དགོས་དུས་ ལས་དགེ་སྡིག་གཉིས་པོ་དེ་དང་རྣམ་ཤེས་དེ་"
1403891,1407070,3179,"ལྷན་གཅིག་འགྲོགས་ཡོང་དུས་ བར་དོ་འཇིགས་སྐྲགས་ཀྱི་ཡུལ་ལ་ཕྱིན་ 23-31"
1407070,1410930,3860,"ལས་དཀར་པོ་དགེ་བའི་ལས་ཞིག་བྱས་ཡོད་ན་མཐོ་རིས་ལ་འགྲོ་ཆོག་གི་རེད་"
1410930,1415458,4528,"ནག་པོ་སྡིག་པའི་ལས་བྱས་ན་མི་འདོད་བཞིན་དུ་ངན་སོང་ལ་མི་འགྲོ་བའི་ཐབས་ཡོད་རྒྱུ་མ་རེད།"
1415458,1418262,2804,"བར་དོའི་ནང་སླེབ་ཚར་དུས་རང་ལ་རང་དབང་གཏན་ནས་ཡོད་མ་རེད།"
1418262,1423409,5147,"དེའི་ཚེ་ན་ཁམས་གསུམ་འཁོར་བའི་མཐོ་བ་མཐོ་རིས་གསུམ་གྱི་སྐྱེ་སྲིད་ཡིན་ན་"
1423409,1427940,4531,"དགེ་བས་བཟོས་རེད། དམའ་བ་ངན་སོང་གསུམ་གྱི་སྡུག་བསྔལ་ཡིན་ན་སྡིག་པས་བཟོས་སོང་རེད།"
1427940,1433154,5214,"དེ་ཡིན་དུས་དགེ་སྡིག་གཉིས་པོ་འདིས་སེམས་ཅན་གྱི་རྒྱུད་ལ་"
1433154,1435751,2597,"ཀུན་གཞི་ཟེར་མཁན་གཅིག་ཡོད་རེད། ཀུན་གཞི་དེའི་སྟེང་ལ་"
1435751,1437480,1729,"དགེ་སྡིག་གི་བག་ཆགས་དེ་བཞགས་ཚར་དུས་"
1437480,1441957,4477,"ཚོང་པ་ཆེན་པོའི་བུ་ལོན་བཞིན་དགེ་སྡིག་གི་ལས་གང་བསགས་ཡོད་པ་"
1441957,1446463,4506,"ཡང་ན་གཉེན་པོ་གཅིག་གི་ཉམས་འགྲོ་རྒྱུ་རེད། ཡང་ན་རྣམ་སྨིན་མྱོང་ཚར་ན་ཉམས། ཡང་ན་ཉམས་རྟོགས་ཅན་གྱིས་ཉམས་སུ་བླང་བ་ལས་ཟད་པ་མ་གཏོགས་"
1446463,1449887,3424,"བསྐལ་པ་བརྒྱ་རུ་སོང་ནའང་དགེ་སྡིག་གི་ལས་དེ་ཆུད་ཟ་གི་མ་རེད་"
1449887,1453102,3215,"ལས་ནི་ལུས་དང་དྲི་མ་བཞིན་དུ་རྗེས་སུ་འབྲང་འོང་གི་རེད།"
1453102,1457543,4441,"ཤུལ་དུ་ད་ལྟ་ང་ཚོའི་དཔེར་ན་མི་ཤི་སོང་ན་རོ་ཤུལ་དུ་བཞག་པ་འདྲ་བྱས་ནས་"
1457543,1461230,3687,"ལས་ཤུལ་དུ་བཞག་རྒྱུ་ཡོད་རྒྱུ་མ་རེད་ དེའི་ཕྱིར་ན་རྗེས་སུ་འབྲང་བ་ནི་"
1461230,1465225,3995,"སེམས་ཅན་ཐམས་ཅད་ལ་ལས་ཀྱི་གཞན་དབང་ཡིན་པ་དཔེར་ན།"
1465225,1468869,3644,"འཕགས་པ་དགུར་ཆུང་ཟེར་མཁན་དེ་དགྲ་བཅོམ་པའི་གོ་འཕང་ཐོབ་ནའང་"
1468869,1473152,4283,"མཐའ་མ་མུ་གེ་ཡིས་མནར་དགོས་བྱུང་ དེ་གང་ཡིན་ཟེར་ན་སྐྱེ་བ་སྔ་མ་ལས་"
1473152,1476370,3218,"སྦྱིན་བ་མ་བཏང་སེར་སྣའི་དབང་དུ་སོང་བསྡད་པའི་སྒྲིབ་པ་ཡིན་གསུངས།"
1489801,1494033,4232,"ལས་རྒྱུ་འབྲས་བསླུ་བ་མེད་པ་ལ་བསམ་ནས་ད་ལྟ་རང་གི་ལུས་ལ་ན་ཚ་"
1494033,1498348,4315,"སེམས་ལ་སྡུག་བསྔལ་མེད་པའི་སྐབས་འདིར། ལས་དགེ་བ་སྒྲུབ་ སྡིག་པ་སྤང།"
1498348,1502060,3712,"དེ་སྔོན་ཡན་ཆད་སྡིག་པ་བྱས་པ་ཡིན་ནའང་སྙིང་ཐག་པ་ནས་བཤགས་"
1502060,1509007,6947,"དགེ་བ་སྣ་རེ་ཡིན་ན་རང་གི་དངོས་སུ་སྒྲུབ་ཐུབ་ན་དགེ་བ་རྒྱ་ཆེན་པོ་"
1509007,1512362,3355,"རྒྱུད་ལ་རང་ཤུགས་ཀྱི་འགྲུབ་འོང་ན་སྡིག་པ་འང་རང་བཞིན་གྱིས་འདག་འགྲོ་རྒྱུ་རེད།"
1512362,1514348,1986,"དེས་ན་ ལས་འབྲས་བསླུ་བ་མེད་པའི་ཚུལ་འདི་ལ་"
1514348,1516209,1861,"ཡང་ནས་ཡང་དུ་ཡག་པོ་ཞིག་བསམས་ཐུབ་ན་"
1516209,1519948,3739,"རྗེ་བཙུན་མི་ལ་རས་པ་ཁོང་སྐུ་ཚེ་སྟོད་ལ་སྡིག་པ་མང་པོ་བསགས་བཞག་དུས་"
1519948,1522249,2301,"དམྱལ་བ་མ་གཏོགས་འགྲོ་ས་ཡོད་མ་ཐིས་དགོངས་ཏེ་"
1522249,1526197,3948,"ལྷོ་བྲག་མར་པ་ལོ་ཙཱ་བསྟེན། སྐུ་སྲོག་ལ་མ་བལྟས་པའི་དཀའ་བ་སྤྱད།"
1526197,1529365,3168,"སྐུ་ཚེ་ཅིག་གི་སྟེང་ལ་ཟུང་འཇུག་རྡོ་རྗེ་འཆང་གི་གོི་འཕང་བརྙེས་ཡོད་རེད་"
1529365,1533884,4519,"ཡོན་ཏན་རྩ་བ་འདི་ལས་རྒྱུ་འབྲས་ལ་ཡིད་ཆེས་པ་དེ་ལས་བྱུང་བ་ཡིན་གསུང་རེད་"
1533884,1537291,3407,"དེའི་ཕྱིར་ན་ངེད་ཚོ་ཐམས་ཅད་ཀྱིས་རྩ་བ་ལས་འབྲས་ལ་ཡིད་ཆེས་བྱེད།"
1537291,1540434,3143,"ཁྲིད་ཡིག་གི་ནང་ལ་དགེ་བ་ལ་ཕན་ཡོན་ག་ཚད་གསུང་གི"
1540434,1544590,4156,"སྡིག་པ་ལ་ཉེས་དམིགས་ག་ཚད་གསུང་གི དེའི་དོན་དུ་དགེ་བ་སྒྲུབ་སྡིག་པ་སྤང་སྟེ་"
1544590,1548420,3830,"དགེ་སྡིག་བླང་དོར་བྱེད་པའི་སྒོ་ནས་ཅིག་ཏུ་དམ་བཅའ་བརྟན་པོ་བྱས་ན་ །"
1548420,1551691,3271,"དགེ་བ་ཆུང་ངུ་ཙམ་ལ་ཡང་། །མི་ཕན་སྙམ་དུ་བརྙས་མི་བྱེད། །"
1551691,1554600,2909,"ཆུ་ཡི་ཐིགས་པ་བསག་པས་ཀྱང་། །སྣོད་ཆེན་རིམ་གྱིས་གང་བར་འགྱུར། །"
1554600,1557587,2987,"སྡིག་པ་ཆུང་ངུ་ཙམ་ལ་ཡང་། །མི་གནོད་སྙམ་དུ་བརྙས་མི་བྱ། །"
1557587,1562666,5079,"མེ་སྟག་ཕྲ་མོ་རྩམ་གྱིས་ཀྱང་། །རྩ་ཕུང་རི་ཙམ་བསྲེག་པར་བྱེད།"
1562666,1565630,2964,"ཟེར་བ་དེ་རེད། ལས་འབྲས་ལ་ཡིད་ཆེས་བརྟན་པོ་སྐྱེ་བར་བྱས་ན་"
1565630,1567456,1826,"ཆོས་རང་ཤུགས་ཀྱིས་འགྲུབ་ཚར་ཡོད་རེད་"
1567456,1569699,2243,"དེ་ཡིན་པའི་དབང་གིས་སངས་རྒྱས་བཅོམ་ལྡན་འདས་ཀྱིས་"
1569699,1572001,2302,"བཀའ་དང་པོ་བདེན་བ་བཞི་ཡི་ཆོས་འཁོར་བསྐོར་དུས།"
1572001,1574023,2022,"སྡུག་བསྔལ་གྱི་བདེན་པ་ཤེས་པར་བྱ་བ་དང་།"
1574023,1576216,2193,"ཀུན་འབྱུང་གི་བདེན་བ་སྤང་བར་བྱ་བ་གཉིས།"
1576216,1579045,2829,"འཁོར་བ་སྡུག་བསྔལ་གྱི་རང་བཞིན་བསྟན་བྱེད་དང།"
1579045,1583560,4515,"ལས་རྒྱུ་འབྲས་ལ་ཡིད་ཆེས་པ་དེར་རེད་ ལས་འབྲས་ལ་ཡིད་ཆེས་ཡང་དག་པ་ཅན་ཞིག་ཡོད་ཚར་ན།"
1583560,1587005,3445,"ཉམས་དང་རྟོགས་པ་ཆེན་པོ་མེད་ནའང་མཐོ་རིས་ཐོབ་འགྲོ་ལེ་མ་གཏོགས་"
1587005,1589073,2068,"ངན་སོང་ལ་གཏན་ནས་འགྲོ་སྲིད་ཀྱི་མ་རེད་དུས།"
1589073,1590600,1527,"དེ་ལྟ་བུའི་བསམ་བློ་གཏོང་ནས་"
1590600,1594922,4322,"མི་དགེ་བའི་ལས་འབྲས་ཀྱིས་བྱས་བཞག་པའི་འབྲས་བུ་དེ་གང་རེད་ཟེར་ན། ཁམས་གསུམ་འཁོར་བ་རེད། བཞི་པ་འཁོར་བའི་ཉེས་དམིགས་ཀྱིས་"
1594922,1598996,4074,"བཅོས་མིན་ངེས་འབྱུང་བསྐྱེད་པ་ནི། ཁམས་གསུམ་འཁོར་བ་སྡུག་བསྔལ་གྱི་རང་བཞིན་ཤེས། ངེས་འབྱུང་སྐྱེས་པ་དེའང་། །"
1598996,1601845,2849,"འཁོར་བ་གར་སྐྱེས་རྣམ་གསུམ་གྱི། །སྡུག་བསྔལ་རྒྱུ་འབྲས་ཀྱིས་གཟེར་ཕྱིར། །"
1601845,1605035,3190,"ལྟར་སྣང་བདེ་བ་གང་ལ་ཡང་། །བཅོས་མིན་ངེས་འབྱུང་དྲག་པོ་བསྐྱེད།"
1605035,1608459,3424,"གསུང་དུས་ འཁོར་བ་ཟེར་མཁན་དེ་མཐོ་སྲིད་པའི་རྩེ་མོ་ནས་དམའ་ན་རག་"
1608459,1611854,3395,"དམྱལ་ཁམས་ཡན་ཆོད་གང་ན་སྐྱེས་ན་དེ་ཁམས་གསུམ་འཁོར་བ་རེད་"
1611854,1615563,3709,"འཁོར་བ་དེ་ཉིད་ལ་ངན་སོང་གསུམ་ཡོད་"
1615563,1619968,4405,"དེ་ན་སྡུག་བསྔལ་སྔ་མ་མ་སངས་བའི་སྟེང་དུ་སྡུག་བསྔལ་ཕྱི་མ་འོང་དུས་སྡུག་བསྔལ་གྱི་སྡུག་བསྔལ།"
1619968,1623075,3107,"མཐོ་རིས་ལྷ་དང་མི་ལྟ་བུ་ཡིན་ནའང་ད་ལྟ་ཟས་གོས་ལོངས་སྤྱོད་"
1623075,1629079,6004,"བདེ་བ་ཕྲ་མོ་ཙམ་ཞིག་ཡོད་རྒྱུ་རེད་ དེ་ཡོད་ནའང་འདི་སྐྱེ་བ་སྔ་མའི་ཟག་བཅས་ དགེ་བའི་ལས་ཀྱི་འབྲས་བུ་ཡིན་རྒྱུ་རེད།"
1629079,1633107,4028,"ད་ལྟ་ཟས་གོས་ལོངས་སྤྱོད་ཆགས་ཞེན་གྱི་སྒོ་ནས་སྡིག་པ་མང་པོ་བྱས་ན།"
1633107,1636085,2978,"ཟས་གོས་ལོངས་སྤྱོད་ཐམས་ཅད་ཀྱིས་སྡིག་པ་འགྲུབ་སླ་རེད་དུས།"
1636085,1639927,3842,"རྒྱུ་སྡིག་པ་རེད་སོང་དུས་མ་འོང་པ་ན་སྡུག་བསྔལ་དུ་འགྱུར་རྒྱུ་མ་གཏོགས་"
1639927,1643793,3866,"བདེ་བ་ལ་འགྱུར་འགྲོ་གི་མ་རེད་ ཁམས་གོང་མ་བསམ་གཏན་དང་གཟུགས་མེད་ཟེར།"
1643793,1648069,4276,"ལུས་འོད་ཀྱི་རང་བཞིན་དུ་ཞི་གནས་དང་ལྡན་པའི་ལྷ་ཡོད་རེད་"
1648069,1652431,4362,"དེ་ལའང་འཇིག་རྟེན་པའི་བསམ་གཏན་རེད་སོང་དུས་ཏིང་ངེ་འཛིན་གྱི་འཇུག་པ་ཟད་ཚར་འགྲོ་དུས་"
1652431,1655050,2619,"སླར་ཡང་འཁོར་བ་ལ་མར་འཁྱམས་འགྲོ་རྒྱུ་མ་གཏོགས་ཡོད་མ་རེད་"
1655050,1656937,1887,"དེ་ལའང་སྡུག་བསྔལ་གྱིས་ཁྱབ་བསྡད་ཡོད་པའི་ཕྱིར་ན།"
1656937,1660559,3622,"ཁྱབ་པ་འདུ་བྱེད་ཀྱི་སྡུག་བསྔལ་ཁོ་ན་ཡིན་པའི་གནས་རེད།"
1660559,1666098,5539,"དཔེར་ན་ད་ལྟ་མཐོ་རིས་ལྷ་དང་ལྷ་མ་ཡིན་མི་གསུམ་པོ་འདི་དག་ཡིན་ན་"
1666098,1668933,2835,"ཕལ་ཆེར་དགེ་བའི་ལས་ཀྱི་རྒྱུ་དེ་བསགས་བསྡད་ཡོད་རེད།"
1668933,1673978,5045,"དགེ་སྡིག་མང་པོ་བྱས་པའི་ལས་ཀྱི་རྒྱུ་དེ་བསག་བསྡད་རེད་"
1673978,1675698,1720,"དམྱལ་བ་ཡི་དྭགས་དུད་འགྲོ་གསུམ་འདྲ་ཡིན་ན་"
1675698,1678092,2394,"མི་དགེ་བའི་ལས་ཀྱི་འབྲས་བུ་དེ་ཉམས་སུ་མྱོང་ཡོད་རེད་དུས་"
1678092,1680618,2526,"དོན་དུ་ལས་རྒྱུ་འབྲས་ཀྱི་ནང་དུ་ཚུད་ཚར་ན་"
1680618,1682826,2208,"སྡུག་བསྔལ་གྱི་རང་བཞིན་ལས་གཏན་ནས་མ་འདས་པ་རེད།"
1682826,1685485,2659,"སྡུག་བསྔལ་གྱི་རང་བཞིན་ཤེས་པར་བྱ་བ་དེ་གང་ཡིན་ཞེ་ན་"
1685485,1690465,4980,"ང་ཚོ་ནང་པ་སངས་རྒྱས་པ་ཟེར་མཁན་དེས་ཁམས་གསུམ་འཁོར་བ་འདི་སྡུག་བསྔལ་གྱི་རང་བཞིན་ཡིན།"
1690465,1694369,3904,"ཁམས་གསུམ་འཁོར་བ་འདིའི་ནང་དུ་གནས་བསྡད་ནས་བཟུང་"
1694369,1697604,3235,"རྒྱལ་པོས་བཙོན་དོང་ནང་བཅུག་བསྡད་པ་ལྟ་བུ་ཅན་ཞིག་འདི་ནས་"
1697604,1700183,2579,"ནམ་ཐར་འོང་བསམ་རྒྱུའི་ངེས་འབྱུང་གཅིག་མེད་ན།"
1700183,1705103,4920,"ལྟར་སྣང་ཙམ་གྱིས་ཆོས་སྒྲུབ་བློ་བྱས་ནའང་ ཚེ་རིང་བ། ཟས་གོས་ལོང་སྤྱོད་ཆེ་བ།"
1705103,1707533,2430,"བྱ་བ་ལམ་དུ་འགྲོ་བྱེད་ལྟ་བུ་ཅིག་ལ་བསམ་ན་"
1707533,1709870,2337,"བསམ་བློ་ཕྱིན་ཅི་ལོག་ཏུ་འགྱུར་ཚར་བསྡད་དུས་"
1709870,1711521,1651,"ངེས་འབྱུང་གི་བསམ་བློ་མ་བྱུང་བ་རེད་"
1711521,1715547,4026,"དཔེར་ན་དགེ་ཚུལ་སློང་གི་སྡོམ་བ་ལྟ་བུ་ཅིག་ཞུས་ནའང་ཁམས་གསུམ་འཁོར་བ་"
1715547,1717820,2273,"སྡུག་བསྔལ་གྱི་རང་བཞིན་ལས་ཐར་བར་བྱ་བའི་ཕྱིར་དུ་"
1717820,1720969,3149,"ངས་སོ་སོ་ཐར་པའི་སྡོམ་པ་འདི་རྒྱུད་ལ་ལེན་དགོས་བསམ་ནས་"
1720969,1724936,3967,"ངེས་འབྱུང་གི་བསམ་པ་སྐྱེས་ན་སོ་ཐར་མཚན་ཉིད་པ་སྒྲ་ཇི་བཞིན་དུ་སྐྱེ་ཡོང་རྒྱུ་རེད་དུས།"
1724936,1727676,2740,"དེའི་ཕྱིར་ན་སྡུག་བསྔལ་རྒྱུ་འབྲས་ལས་མ་འདས་པའི་ཕྱིར་ན།"
1727676,1731158,3482,"ད་ལྟ་ང་ཚོ་མཐོ་རིས་མི་ཡི་ལུས་ཐོབ་པ་ཡིན་དུས་"
1731158,1734748,3590,"མཐོ་རིས་མི་ཡི་ལུས་ཐོབ་པ་དེ་ལས་ངེས་འབྱུང་སྐྱེ་དཀའ་བ་དང་ སྒྲིབ་སྦྱོང་བྱེད་དཀའ་བ་ནི་གང་ཡང་ཡོད་མ་རེད།"
1734748,1737723,2975,"ཟས་གོས་ལོང་སྤྱོད་ཀྱི་བདེ་བ་དང་ལྡན་པ།"
1737723,1741555,3832,"མཐུན་གྲོགས་བརྩེ་དགའ་དང་ལྡན་པའི་བདེ་བ་གང་ལའང་སྙིང་པོ་མེད་བསམ་དགོས་རེད།"
1741555,1745297,3742,"དཔེར་ན་བདེ་སྐྱིད་ལོངས་སྤྱོད་ཀྱི་མཐུན་རྐྱེན་ཕུན་སུམ་ཚོགས་པ་ལོན་པ་ཡིན་ནའང་"
1745297,1747573,2276,"འདི་ཐམས་ཅད་རྨི་ལམ་དང་སྒྱུ་མ་ལྟ་བུ་ཡིན་བསམ།"
1747573,1750613,3040,"ཞེན་པ་མེད་པར་མ་བྱས་ན་ དེ་ནས་ཞེན་ཅིང་ཆགས་ཚར་ན།"
1750613,1754086,3473,"འདོད་ཁམས་ཀྱི་མི་རེད། ཆོག་ཤེས་ཀྱི་བདེ་བ་དེ་གཏན་ནས་ཡོད་ཐུབ་རྒྱུ་མ་རེད་དུས་"
1754086,1757685,3599,"དེ་མེད་པ་དེ་ལ་བརྟེན་ནས་སླར་ཡང་ལས་བསག་ཡོང་རྒྱུ་རེད་དུས་"
1757685,1760871,3186,"ངེས་འབྱུང་དྲག་པོ་ཞིག་བསྐྱེད་ནས་འཁོར་བ་སྡུག་བསྔལ་གྱི་རང་བཞིན་"
1760871,1762281,1410,"ཤེས་པར་བྱ་བའི་དགོས་པ་དེ་རེད།"
1762281,1766009,3728,"ལྔ་པ་ཐར་ལམ་གྱི་རྩ་བ་བཤེས་གཉིན་བསྟེན་ཚུལ་གྱིས་ཡང་དག་པའི་ལམ་དུ་བཙུད་དགོས་པ་ནི། དེ་ལྟ་བུ་འཁོར་བ་སྡུག་བསྔལ་གྱི་རང་བཞིན་དེ་ལས་ཐར་བ་བྱ་བའི་ཕྱིར་དུ་"
1766009,1769954,3945,"མཚན་ལྡན་གྱི་བླ་མ་དགེ་བའི་བཤེས་གཉེན་གཅིག་བསྟེན་དགོས་རྒྱུ་རེད། དེ་བསྟེན་པའི་ཚུལ། །"
1769954,1773387,3433,"དེ་ཕྱིར་དེ་ལས་འདྲེན་ནུས་པ། །མཚན་ལྡན་དགེ་བའི་བཤེས་གཉེན་མཆོག །"
1773387,1778759,5372,"མཉེས་པ་གསུམ་གྱིས་ཉེར་བསྟེན་ནས། །ཚེ་གཅིག་ཐར་པའི་གོ་འཕང་བསྒྲུབ།"
1778759,1781725,2966,"གསུང་དུས་ད་འཁོར་བ་སྡུག་བསྔལ་གྱི་རང་བཞིན་དུ་གནས་ཡོད་དུས་དཔེར་ན་"
1781725,1784548,2823,"རྐུ་མ་ལྟ་བུ་ཉེས་པ་ཆེན་པོ་བྱས་བཞག་པ་ཞིག་ཡོད་ན།"
1784548,1787495,2947,"དེ་དཔོན་པོ་ཆེན་པོ་གཅིག་ལ་མགོ་མ་བཏགས་ན་ཉེས་པ་དེས་"
1787495,1789397,1902,"ཁྲིམ་མི་ཕོག་པ་གཏན་ནས་ཡོང་གི་མ་རེད་"
1789397,1792948,3551,"དེ་བཞིན་དུ་འཁོར་བ་སྡུག་བསྔལ་གྱི་རྒྱ་མཚོ་ལས་བསྒྲལ་བར་བྱེད་པ་དེ་ལ་"
1792948,1795902,2954,"རང་རེ་ཐམས་ཅད་ལས་དང་ཉོན་མོང་པས་གཟིར།"
1795902,1797876,1974,"འཁོར་བའི་རྒྱ་མཚོ་ལ་ཞེན་སྡད་ཡོད་རེད།"
1797876,1800733,2857,"འཁོར་བ་འདི་ལས་རང་སྟོབས་ཀྱི་ཐར་དགོས་ན་ཐར་ནུས་ཀྱི་མ་རེད་"
1800733,1803407,2674,"སྐྱབས་གནས་སྟོབ་ཆེན་པོ་གཅིག་ལ་སྐྱབས་སུ་འཚོལ་བཞག་ན་"
1803407,1805431,2024,"འཁོར་བ་དེ་ལས་འདྲེན་ནུས་ཀྱི་རེད་"
1805431,1808560,3129,"དེ་ནས་འདྲེན་པར་བྱེད་པ་སྐྱབས་མཆོག་ཏུ་གྱུར་པ་དེ་སུ་ཡིན་ཟེར་ན་"
1808560,1812500,3940,"མཚན་ཉིད་ཐམས་ཅད་ཡོངས་སུ་རྫོགས་པའི་དགེ་བའི་བཤེས་གཉེན་ཅིག་བསྟེན།"
1812500,1816274,3774,"དགེ་བའི་བཤེས་གཉེན་དེས་ཇི་ལྟར་གསུང་བའི་ཆོས་ལ་ཚུལ་བཞིན་དུ་ཉན་ན་ །"
1816274,1820099,3825,"བླ་མའི་བྱིན་རླབས་གང་གི་སྙིང་ཞུགས་པ། །ལག་པའི་མཐིལ་ན་གནས་པའི་གཏེར་མཐོང་འདྲ།"
1820099,1823204,3105,"ཟེར་མཁན་དེ་རེད། བླ་མའི་བཀའ་བཞིན་དུ་གཅིག་སྒྲུབ་བཞག་ན་"
1823204,1827924,4720,"འཁོར་བ་ནས་ཡར་ཐར་བའི་ལམ་དེ་ཐོབ་མི་འགྲོ་བའི་ཐབས་ཡོད་རྒྱུ་མ་རེད།"
1827924,1830502,2578,"དེའི་ཕྱིར་ན་སྔོན་བྱང་ཆུབ་སེམས་དཔའ་ཆེན་པོ་རྣམས་ཀྱིས་"
1830502,1832949,2447,"དང་པོ་མཚན་ལྡན་གྱི་དགེ་བའི་བཤེས་གཉེན་བསྟེན།"
1832949,1835977,3028,"དེའི་གདམས་ངག་ཟབ་མོ་དེ་ཐོས་བསམ་སྒོམ་གསུམ་གྱིས་གཏན་ལ་ཕབས།"
1835977,1838473,2496,"ཐར་བའི་ལམ་ལ་ཞུགས་སོང་བ་ཤ་སྟག་རེད།"
1838473,1841154,2681,"ང་ཚོ་ཐམས་ཅད་ཀྱང་མཚན་ལྡན་གྱི་དགེ་བའི་བཤེས་གཉེན་བསྟེན།"
1841154,1842973,1819,"དགེ་བའི་བཤེས་གཉེན་བསྟེན་པ་དེ་ལ།"
1842973,1845887,2914,"རབ་སྒྲུབ་བའི་མཆོད་པ་ཟེར་བླ་མས་ཆོས་བསྟན་པ་དེ་"
1845887,1849088,3201,"སེམས་ཅན་སྡུག་བསྔལ་ལས་གྲོལ་བའི་ཕྱིར་དུ་དགོངས་ནས་ཆོས་བསྟན་གྱིས་ཡོད་རེད།"
1849088,1852267,3179,"བླ་མས་ཆོས་བསྟན་པ་དེ་རྩེ་གཅིག་ཏུ་ཉམས་སུ་ལེན་ན་"
1852267,1855537,3270,"བླ་མ་མཉེས་བྱེད་ཀྱི་མཆོད་པ་ཐམས་ཅད་ཀྱི་ནང་ནས་མཆོག་ཏུ་གྱུར་པ་དེ་རེད་"
1855537,1857759,2222,"དེ་ནས་འབྲིང་ལུས་ངག་གི་མཆོད་པ་ཟེར་དུས།"
1857759,1861349,3590,"ང་ཚོས་ལུས་ངག་གི་སྒོ་ནས་བླ་མ་ལ་ཞབས་ཏོག་བྱས་ན་དེ་རེད།"
1861349,1865070,3721,"ཐ་མ་ཟང་ཟིང་གི་མཆོད་པ་ཟེར་བ། དཔེར་ན་འཇིག་རྟེན་རྨོངས་པས་བསམ་ན་"
1865070,1867705,2635,"བླ་མ་ལ་གསེར་དངུལ་ལ་སོགས་པའི་འབུལ་བ་ཆེན་པོ་ཕུལ་ན་"
1867705,1871063,3358,"མཆོད་པ་ཆེན་པོ་ཡིན་བསམ་གྱི་རེད་དེ་དེ་མ་རེད།"
1871063,1873060,1997,"བླ་མས་བསྟན་པའི་གདམས་ངག་དེ་ཉམས་སུ་བླངས་ན།"
1873060,1876295,3235,"དཔེར་ན་ལྷོ་བྲག་མར་པ་ལོ་ཙཱས་རྗེ་བཙུན་མི་ལ་རས་པ་ལ་"
1876295,1879394,3099,"གདམས་ངག་གནང་བ་དེ་ལུས་ངག་ཡིད་གསུམ་གྱི་སྒོ་ནས་"
1879394,1882379,2985,"གདམས་ངག་ཐམས་ཅད་རྩེ་གཅིག་ཏུ་གསན་མཛད་"
1882379,1885476,3097,"གསན་ཚར་དུས་རི་ཁྲོད་དབེན་པའི་གནས་སུ་མི་མེད་དབེན་པའི་གནས་"
1885476,1889384,3908,"བྱ་བཏང་རི་དྭགས་ལྟ་བུ་མཛད་ནས་ ཚེ་འདི་དང་སྒྲུབ་པ་མཉམ་པ་མཛད་དུས།"
1889384,1893598,4214,"དེ་ནས་ལྷོ་བྲག་མར་པ་ལོ་ཙྰའི་གདན་ས་ཟིན་ནས་སྐུ་བཞི་གོ་འཕང་བརྙེས་སོང་བ་རེད་དུས་"
1893598,1895456,1858,"རབ་སྒྲུབ་པའི་མཆོད་པ་ཟེར་རྒྱུ་དེ་རེད།"
1895456,1899315,3859,"དེ་གཅིག་བསྟེན་ནས་བླ་མས་ཇི་ལྟར་གསུང་པ་བཞིན་དུ།"
1899315,1903922,4607,"ཚེ་གཅིག་ལུས་གཅིག་གི་སྟེང་དུ་ཐར་བ་དང་ཐམས་ཅད་མཁྱེན་པའི་གོ་འཕང་དེ་ཐོབ་འགྲོ་བ་ཡིན་ཟེར།"
1903922,1906592,2670,"དེ་ནས་ ཐར་བ་ཐམས་ཅད་མཁྱེན་པའི་གོ་འཕང་དེ་ཐོབ་སོང་ན།"
1906592,1911044,4452,"ད་ལྟ་འཁོར་བ་སྡུག་བསྔལ་གྱི་རང་བཞིན་དེ་ལའང་མི་ལྷུང་པ་ཅིག་དང་།"
1911044,1913697,2653,"ལས་རྒྱུ་འབྲས་བསླུ་བ་མེད་པ་ཡིན་ སྔོན་ལས་དེ་དག་གི་སྡིག་པས་མི་གོས་པ་"
1913697,1916545,2848,"མི་གནོད་པ་གཅིག་རང་ཤུགས་ཀྱིས་ཡོང་འགྲོ་གི་རེད།"
1916545,1919557,3012,"དཔེར་ན་རྒྱལ་པོ་ཆེན་པོ་གཅིག་ལ་མགོ་བཏགས་བཞག་པའི་བློན་པོ་"
1919557,1921985,2428,"ཁྲིམས་ལ་གནས་པ་གཅིག་ཡོད་ན་བློན་པོ་ཁོ་རང་ལའང་"
1921985,1925569,3584,"ཟས་གོས་ལོངས་སྤྱོད་ཀྱི་བདེ་བ་དང་ལྡན་དགྲ་དང་འཇིགས་པ་གང་གིས་ཀྱང་"
1925569,1929407,3838,"འཚེ་ནུས་ཀྱི་མ་རེད་དུས་དཔེ་དེ་བཞིན་དུ། དེ་ལྟ་བུ་ཞིག་དགོས་རྒྱུ་རེད།"
1932492,1935519,3027,"གསུང་དུས་ ད་དེ་ལྟ་བུའི་སྤྱིར་དལ་འབྱོར་རྙེད་དཀའ།"
1935519,1939103,3584,"འཆི་བ་མི་རྟག་ ལས་རྒྱུ་འབྲས། འཁོར་བའི་ཉེས་དམིགས་བཞི་ཡང་དག་པ་ཞིག་བསམས་ན་"
1939103,1945761,6658,"ངེད་ཏོས་ཀྱི་སེམས་འདི་ཐམས་ཅད་ད་ལྟ་སྡིག་པ་མི་དགེ་བའི་ལས་ཁོ་ན་ལ་གོམས་ཏེ་"
1945761,1948114,2353,"ཆགས་སྡང་རྨོངས་གསུམ་གྱིས་རྟོག་པ་སྐྱེས་ཡོད་རྒྱུ་རེད།"
1948114,1951785,3671,"ད་ལྟ་བློ་ལྡོག་རྣམ་པ་བཞི་པོ་འདི་ཉམས་སུ་ལེན།"
1951785,1955227,3442,"བླ་མའི་གདམས་ངག་དེ་ལ་ཐོས་བསམ་སྒོམ་གསུམ་ཡག་པོ་བྱས་ནས་བཟུང་།"
1955227,1960360,5133,"དཔེར་ན་ཞིང་ལ་ས་བོན་འདེབས་རན་ཁར་ཞིང་རྨོ་རྐོ་བྱས་བཞག་པ་ལྟ་བུ།"
1960360,1964045,3685,"ཆོས་ཀྱི་ཐོག་ལ་ཡར་བསྒྱུར་དགོས་ན་བསྒྱུར་སླ་བོ་ཅན་ཅིག་རེད་ཡོང་རྒྱུ་རེད།"
1964045,1968858,4813,"བསྒྱུར་སླ་བོ་རེད་འོང་དུས། དེའི་རྗེས་སུ་ཐུན་མོང་ནང་གི་སྔོན་འགྲོ་ཉམས་སུ་ལེན་དགོས་རེད།"
1968858,1973915,5057,"ཐུན་མོང་ནང་གི་སྔོན་འགྲོ་དེ་ལ་ནང་པ་སངས་རྒྱས་པའི་ལམ་ཐམས་ཅད་ཀྱི་རྩ་བ་དེ་གང་རེད་ཟེར་ན་"
1973915,1976942,3027,"སྐྱབས་སུ་འགྲོ་བ་དེ་རེད། སྐྱབས་སུ་འགྲོ་བ་དེ་ལའང་"
1976942,1979124,2182,"ཐེག་པ་ཆེ་ཆུང་གི་སྐྱབས་འགྲོ་གཉིས་ཡོད་རྒྱུ་རེད།"
1979124,1982565,3441,"དེའི་ནང་ནས་ད་ལྟ་ཐེག་པ་ཆེན་པོའི་སྒོ་ནས་སྐྱབས་སུ་འགྲོ་ཚུལ་ཤེས་དགོས་རེད་དུས། །"
1982565,1985903,3338,"སྐྱེས་བུ་ཆེན་པོའི་སེམས་ཀྱིས་སུ། དཀོན་མཆོག་གསུམ་ལ་སྐྱབས་སུ་འགྲོ"
1985903,1989924,4021,"གསུང་རྒྱུ་དེ་རེད་ ད་ལྟ་གོང་དུ་ཞུས་པ་བཞིན་དུ་"
1989924,1992827,2903,"འཁོར་བ་སྡུག་བསྔལ་གྱི་རྒྱ་མཚོ་ལས་སྒྲོལ་བར་བྱེད་པ་དེ་ལ་"
1992827,1996909,4082,"བླ་མ་མ་གཏོགས་ཡོད་རྒྱུ་མ་རེད་ བླ་མ་དེ་ཉིད་ཀྱི་སྐུ་དགེ་འདུན།"
1996909,1998668,1759,"གསུང་དམ་ཆོས། ཐུགས་སངས་རྒྱས་རེད།"
1998668,2001043,2375,"སྐུ་བླ་མ། གསུང་ཡིད་དམ། ཐུགས་མཁའ་འགྲོ་རེད།"
2001043,2004676,3633,"སྐུ་སྤྲུལ་སྐུ། གསུང་ལོངས་སྐུ། ཐུགས་ཆོས་སྐུ། བླ་མ་ཆོས་ཀྱི་སྐུ་ཡི་"
2004676,2006990,2314,"སྐུ་གསུང་ཐུགས་ཀྱི་རོལ་པ་ལས་ཚུར་འཆར་འོང་དུས།"
2006990,2009439,2449,"སངས་རྒྱས་ཆོས་དགེ་འདུན་གསུམ་ཟེར་མཁན་དེ་རེད།"
2009439,2011710,2271,"སངས་རྒྱས་ནི་བླང་དོར་གྱི་གནས་སྟོན་པ་པོ་ད་ལྟ་བླ་མའི་གཟུགས་སུ་ཡོད་པ་དེ་རེད།"
2011710,2015750,4040,"ཆོས་ནི་སངས་རྒྱས་ཀྱི་བསྟན་པ་བླ་མས་བསྟན་ཅིང་རང་གི་རྟོགས་པའི་ཆོས་དེ།"
2015750,2017617,1867,"ངེད་ཏོས་ཁ་གཏད་ནས་འགྲོ་སའི་ལམ་ལྟ་བུ་དེ་རེད།"
2017617,2022768,5151,"དགེ་འདུན་ལམ་ཐག་རིང་པོ་ལ་འགྲོ་དུས་རོགས་པ་རོགས་རམ་ལྟ་བུ་གྲོགས་དེ་དགེ་འདུན་རེད།"
2022768,2025187,2419,"དེས་ན་ གསང་སྔགས་རྡོ་རྗེ་ཐེག་པའི་ལུགས་ལྟར་དུ་བྱས་ན་"
2025187,2027884,2697,"བྱིན་རླབས་ཀྱི་རྩ་བ་བླ་མ། དངོས་གྲུབ་ཀྱི་རྩ་བ་ཡིད་དམ།"
2027884,2030383,2499,"ཕྲིན་ལས་གྱི་རྩ་བ་མཁའ་འགྲོ་ཆོས་སྐྱོང་དེ་རེད།"
2030383,2031787,1404,"བླ་མ་ཞེས་པའི་མཚན་བརྗོད་བཞག་རེད་མ་གཏོགས་"
2031787,2035067,3280,"དོན་དུ་བྱིན་རླབས་གྱི་རྩ་བ་བླ་མ་དང་ཡིད་དམ་གཉིས་སངས་རྒྱས་རེད།"
2035067,2039256,4189,"བླ་མས་གསུང་བའི་ཆོས་དེ་རྩེ་གཅིག་ཏུ་ཉམས་སུ་བླང་ན་"
2039256,2044042,4786,"དཔའ་བོ་མཁའ་འགྲོ་ཆོས་སྐྱོང་ཐམས་ཅད་མེད་པ་ཐེག་པ་ཆེན་པོའི་དགེ་འདུན་རེད་"
2044042,2051025,6983,"དཀོན་མཆོག་གསུམ་པོ་དེ་མདུན་གྱི་ནམ་མཁར་ཚོགས་ཞིང་གི་ཚུལ་དུ།"
2051025,2054098,3073,"དབུས་སུ་བླ་མ། མདུན་དུ་ཡིད་དམ། གཡས་སུ་སངས་རྒྱས།"
2054098,2058628,4530,"རྒྱབ་ཏུ་ཆོས་དཀོན་མཆོག གཡོན་དུ་ཉན་རང་དང་བྱང་ཆུབ་སེམས་དཔའི་དགེ་འདུན།"
2058628,2061143,2515,"མཐའ་སྐོར་དུ་དཔའ་བོ་མཁའ་འགྲོ་ཆོས་སྐྱོང་སྲུང་མ་དང་བཅས་པ་"
2061143,2065621,4478,"བསམས་ཏེ་སྐྱབས་སུ་འགྲོ་ སྐྱབས་སུ་འགྲོ་བ་དེ་ལ་རང་གཅིག་པུ་མ་ཡིན་པར་"
2065621,2069181,3560,"སྐྱེས་བུ་ཆེན་པོའི་སེམས་ཟེར་དུས། ནམ་མཁའ་དང་མཉམ་པའི་སེམས་ཅན་འདི་ཐམས་ཅད་"
2069181,2072076,2895,"དཀོན་མཆོག་གསུམ་གྱི་སྐྱབས་འོག་ཏུ་ཚུད་པ་ཞིག་བྱེད་དགོས།"
2072076,2074867,2791,"དེ་ཚུད་པར་བྱེད་པའི་མགྲོན་གཉེར་ལྟ་བུ་དེ་ངས་བྱེད་ཀྱི་ཡིན་"
2074867,2077214,2347,"བསམ་པའི་སྐྱེས་བུ་ཆེན་པོ་ལ་བསྟན་པའི་སྒོ་ནས་"
2077214,2082702,5488,"སངས་རྒྱས་ལ་སྟོན་པ། ཆོས་ལ་ལམ། དགེ་འདུན་ལ་གྲོགས་ཀྱི་འདུ་ཤེས་ཀྱི་ཚུལ་དུ་སྐྱབས་སུ་སོང་ན།"
2082702,2086222,3520,"དཀོན་མཆོག་གསུམ་ཟེར་མཁན་དེ་ལ་ ཐུགས་རྗེ་ལ་ཉེ་རིང་ཡོད་རྒྱུ་མ་རེད།"
2086222,2087929,1707,"དགོངས་པ་ལ་ཕྱོགས་ལྷུང་ཡོད་རྒྱུ་མ་རེད།"
2087929,2090420,2491,"སུས་ཡིད་ཆེས་ཀྱི་དད་པས་གསོལ་བ་ཞིག་བཏབས་འོང་ན།"
2090420,2093690,3270,"དེ་མ་ཐག་ཏུ་དཀོན་མཆོག་གསུམ་གྱི་ཐུགས་རྗེའི་བྱིན་གྱིས་བརླབས་ཡོང་རྒྱུ་རེད།"
2093690,2097892,4202,"ཡིད་ཆེས་ཀྱི་དད་པ་མེད་ན། དཀོན་མཆོག་གསུམ་ལ་ཐུགས་རྗེའི་བྱིན་རླབས་ཡོད་ནའང་།"
2097892,2101173,3281,"རང་གི་རྒྱུད་ལ་བྱི་རླབས་དེ་འཇུག་སྲིད་ཀྱི་མ་རེད།"
2101173,2105982,4809,"དཔེར་ན་ནམ་མཁའ་ནས་ཉི་མ་ཤར་འོང་ན་ཆུ་སྣོད་དྭངས་པ་ཡོད་ན་"
2105982,2107823,1841,"ཉི་མའི་གཟུགས་བརྙན་དེ་གསལ་པོ་ཞིག་ཤར་འོང་རེད།"
2107823,2109962,2139,"ཆུ་སྣོད་དྭངས་པ་མེད་ན་གཟུག་བརྙན་ཤར་གྱི་མ་རེད་"
2109962,2112214,2252,"དེ་ཆུ་སྣོད་ཀྱི་སྐྱོན་རེད་མ་གཏོགས་ཉི་མའི་སྐྱོན་མ་རེད།"
2112214,2115588,3374,"དཔེ་དེ་བཞིན་དུ་དང་འདོད་ཡིད་ཆེས་ཀྱི་དད་པ་ཡག་པོ་ཞིག་ཡོད་ན།"
2115588,2119469,3881,"དཀོན་མཆོག་གསུམ་གྱི་ཐུགས་རྗེའི་བྱིན་རླབས་དེ་གང་ཟག་མཆོག་དམན་སུ་ཡིན་ནའང་འདྲ་"
2119469,2121745,2276,"སུས་གསོལ་བ་བཏབ་ན་དེ་ལ་འབྱུང་གི་རེད་"
2121745,2125873,4128,"དཀོན་མཆོག་གསུམ་གྱི་ཡོན་ཏན་དང་ཐར་པའི་ཕན་ཡོན་བསམས་ནས་"
2125873,2128497,2624,"སེམས་སྤྲོ་བ་སྐྱེས་པ་དེ་དང་བའི་དད་པ་རེད།"
2128497,2133658,5161,"ངས་དེ་ལྟ་བུའི་ཡོན་ཏན་དེ་ཐོབ་ན་བསམ་རྒྱུའི་རེ་བ་དང་མོས་པ་ཡོད་རྒྱུ་དེ་འདོད་པའི་དད་པ་རེད།"
2133658,2138230,4572,"དཀོན་མཆོག་གསུམ་པོ་འདི་ལ་ཡིད་ཆེས་ཀྱི་དད་པ་ཡོད་དུས་བསླུ་བ་མེད་འདིའི་དོན་ལ་"
2138230,2141541,3311,"ངས་སྲོག་བཅད་ན་བློས་གཏོང་ཐུབ་ས་རེད་བསམ་པའི་བློ་ཅན་ཞིག་ཡོད་ན།"
2141541,2145491,3950,"དེ་ཕྱིར་མི་ལྡོག་པའི་དད་པ་རེད་དུས། དེ་བསམ་པའི་སྒོ་ནས་སྐྱབས་སུ་འགྲོ་དགོས་རེད།"
2145491,2150216,4725,"སྐྱབས་སུ་འགྲོ་ས་དེ་ལ་དཀོན་མཆོག་གསུམ་དང་རྩ་བ་གསུམ་མང་པོ་ཞིག་བཤད་ནའང་"
2150216,2152405,2189,"ཚུར་བསྡུ་ན་རང་གི་རྩ་བའི་བླ་མ་གཅིག་ལ་འདུས་རྒྱུ་རེད།"
2152405,2155633,3228,"དེས་ན་ཀུན་མཁྱེན་འཇིགས་མེད་གླིང་པས། བློ་བླ་མར་དད་པ་སྐྱབས་འགྲོ་ཡི་མཐར་ཐུག"
2155633,2158902,3269,"གསུང་རྒྱུ་དེ་དང་། གུ་རུ་ང་སྒོམ་ང་སྒྲུབ་ང་རྗེས་གཟུང་།"
2158902,2162288,3386,"ང་མཐོང་སངས་རྒྱས་ཀུན་མཐོང་ང་ཉིད་ནི། བདེ་གཤེགས་འདུས་པའི་ངོ་བོ་ཉིད་ཡིན་པས། །"
2162288,2165450,3162,"གསུང་རྒྱུ་དེ་རེད་དུས་ དེས་ན་ བླ་མ་གཅིག་ལ་གསོལ་བ་བཏབས་སྡད་ན་"
2165450,2167078,1628,"དེ་ལས་གཞན་དགོས་རྒྱུ་མ་རེད།"
2167078,2170494,3416,"དེ་ལྟ་བུ་དཀོན་མཆོག་གསུམ་ལ་ཡིད་ཆེས་ཀྱི་དད་པས་སྐྱབས་སུ་འགྲོ"
2170494,2174524,4030,"སྐྱབས་སུ་འགྲོ་བ་དེ་ལ་ ནམ་མཁའ་དང་མཉམ་པའི་སེམས་ཅན་ཐམས་ཅད་གྱི་དོན་དུ་"
2174524,2178494,3970,"སྐྱབས་སུ་འགྲོ་བ་ཡིན་བསམ་ ཡུན་རིང་ཐུང་ག་ཚོད་སྐྱབས་སུ་འགྲོ་ན་"
2178494,2181919,3425,"རང་སངས་རྒྱས་ཀྱི་གོ་འཕང་མ་ཐོབ་ཀྱི་བར་དུ་སྐྱབས་སུ་འགྲོ་བ་ཡིན་བསམ་ན་"
2181919,2184462,2543,"ཐེག་པ་ཆེན་པོའི་སྐྱབས་འགྲོ་རེད་དུས་དེ་དགོས།"
2184462,2189027,4565,"དེས་ན་ སྐྱབས་འགྲོ་དེའི་སྟེང་ནས་ཐེག་པ་ཆེན་པོའི་ཆོས་ཉམས་སུ་ལེན་པ་དེ་ལ་"
2189027,2192301,3274,"སེམས་བསྐྱེད་དགོས་དུས་ སེམས་བསྐྱེད་དེ་ཀུན་སློང་ཡག་པོ་བྱུང་ཚར་ན་"
2192301,2194553,2252,"དེ་ནས་ཐེག་པ་ཆེན་པོའི་ལམ་རེད་རྒྱུ་རེད་དུས།"
2194553,2197281,2728,"གཉིས་པ་ཐེག་ཆེན་གྱི་ལམ་སྲོག་ལྟ་བུ་སེམས་བསྐྱེད་ནི། ། མཐའ་ཀླས་མ་གྱུར་འགྲོ་ཀུན་ལ། །བཟོད་མེད་སྙིང་རྗེས་དྲངས་པ་ཡིས། །"
2197281,2200516,3235,"སྨོན་དང་འཇུག་པའི་བྱང་ཆུབ་སེམས། །རྣམ་པ་ཀུན་ཏུ་བསྐྱེད་པར་བྱ།"
2200516,2204254,3738,"གསུང་རྒྱུ་དེ་རེད་དུས་དེས་ན་སེམས་ཅན་ཟེར་མཁན་འདི་ལ་དཔེར་ན་"
2204254,2207667,3413,"ད་ལྟ་དབྱར་ཀའི་དུས་ཡིན་ན་ས་ 36-50 ཐུ་བ་གང་ཙམ་བཅད་ན་"
2207667,2209946,2279,"འབུ་སྲིན་ག་ཚད་ཡོད་རྒྱུ་རེད་ འདི་ཐམས་ཅད་སེམས་ཅན་རེད་"
2209946,2214065,4119,"སེམས་ཅན་འདི་ཐམས་ཅད་ཐོག་མ་མེད་པ་ནས་ད་ལྟ་ཡན་ཆད་ཁམ་གསུམ་འཁོར་བར་"
2214065,2218314,4249,"སྐྱེ་རྒ་ན་འཆིས་མནར་བཞིན་པ་རེད། དེས་ན་ ད་ལྟ་རང་གི་ལུས་རྟེན་འདིའི་སྟེང་དུ་"
2218314,2221457,3143,"གནོད་བྱེད་གྱི་དགྲ་ཡིན་བསམ་ན་སྐྱེ་བ་སྔ་མ་ཕ་མ་རེད་"
2221457,2225990,4533,"ལུས་རྟེན་འདིའི་སྟེང་དུ་ཕན་བྱེད་ཀྱི་གཉེན་ཕ་མ་ཡིན་བསམ་ནའང་སྐྱེ་བ་སྔ་མ་དགྲ་རེད་"
2225990,2228346,2356,"དེས་ན་ དགྲ་གཉེན་འདི་ལ་ངེས་པ་གཏན་ནས་ཡོད་མ་རེད།"
2228346,2230326,1980,"ངེས་པ་མེད་པའི་རྒྱུ་མཚན་ཅི་རེད་ཟེར་ན་"
2230326,2233791,3465,"ང་ཚོ་སེམས་ཅན་ཐམས་ཅད་ལས་ཀྱི་གཞན་དབང་གིས་གང་ན་འཕངས་སོང་ན་མ་གཏོགས་"
2233791,2236172,2381,"རང་གི་བསམ་བློ་ལྟར་དུ་རྙེད་རྒྱུ་མ་རེད་ དེས་ན་"
2236172,2238564,2392,"སང་ཉིན་འཆི་བའི་གནས་སྐབས་ན་སྐྱེ་བ་གང་དུ་ལེན་ན་"
2238564,2240181,1617,"ལས་དགེ་སྡིག་གི་རྗེས་སུ་འཕེན་འགྲོ་ལེ་མ་གཏོགས་"
2240181,2245589,5408,"རང་ལ་རང་དབང་ཡོད་རྒྱུ་མ་རེད་དུས་ དེས་ན་ དགྲ་གཉེན་ངེས་པ་མེད་པས་"
2245589,2248448,2859,"དགྲ་ལ་སྡང་སེམས་སྐྱེ་རྒྱུ་ཡོད་མ་རེད་ རང་གིས་ཕ་མ་རེད་བསམ་ནས་"
2248448,2253208,4760,"གཉེན་ལ་ཆགས་སེམས་སྐྱེ་རྒྱུ་ཡོད་མ་རེད། བཟའ་ཚང་མི་རྟག་ཚོང་དུས་མགྲོན་པོ་འདྲ།"
2253208,2256037,2829,"ཟེར་བ་དེ་རེད་དུས་ ཤིང་རྩེ་ལ་བྱིའུ་མང་པོ་ཅིག་ཆགས་ཡོད་ན་"
2256037,2259780,3743,"སྐད་ཅིག་གཅིག་གི་བྱིའུ་རྣམས་སོ་སོ་བུད་འགྲོ་རྒྱུ་རེད་དུས་དེ་ལྟ་བུ་ཡིན་དུས་"
2259780,2264177,4397,"དེས་ན་ སེམས་ཅན་འདི་མ་ལུས་པ་ཐམས་ཅད་དགྲ་ལ་སྡང་བའི་སེམས་སྤང་ཏེ་"
2264177,2267855,3678,"སངས་རྒྱས་ཀྱི་གོ་འཕང་ལ་བཀོད། གཉེན་བྱམས་པ་ལ་ཆགས་པའི་སེམས་སྤང་ཏེ་"
2267855,2271370,3515,"དམ་པའི་ཆོས་ལ་བཀོད་དགོས་བསམ་པ་ཅན་ཞིག་བྱས་ཏེ།"
2271370,2275489,4119,"མདོར་ན་རང་གི་ལུས་ངག་ཡིད་གསུམ་གྱི་དགེ་བའི་རྩ་བ་ཅི་བྱས་པ་དེ་ཐམས་ཅད་"
2275489,2279605,4116,"སེམས་ཅན་གྱི་དོན་མ་གཏོགས་རང་གི་དོན་ཅི་ཡང་མི་བསམ་པ་ཅན་ཞིག་བྱས་ན་"
2279605,2282263,2658,"སེམས་ཅན་གྱི་དོན་བསམ་བཞག་ན་སེམས་བསྐྱེད་ཟེར་བ་དེ་རེད།"
2282263,2283812,1549,"སེམས་ཅན་སྡུག་བསྔལ་དང་བྲལ་འདོད་ཀྱི་སྙིང་རྗེ་།"
2283812,2284979,1167,"བདེ་བ་དང་ལྡན་འདོད་ཀྱི་བྱམས་པ་དང་།"
2284979,2287613,2634,"སྙིང་རྗེ་གཉིས་ཀྱི་སྒོ་ནས་དྲངས་དགོས་རྒྱུ་རེད།"
2287613,2291574,3961,"སྟོང་ཉིད་སྙིང་རྗེ་སྙིང་པོ་ཅན་ཟེར་བ་ཐེག་པ་ཆེན་པོའི་ལམ་གྱི་རྩ་བ་དེ་སྙིང་རྗེ་རེད།"
2291574,2295817,4243,"དེས་ན་ སྙིང་རྗེས་དྲངས་ཏེ་ནམ་མཁའ་དང་མཉམ་པའི་སེམས་ཅན་ཐམས་ཅད་"
2295817,2299090,3273,"སངས་རྒྱས་ཀྱི་ས་ལ་བཀོད་པར་བྱ་སྙམ་པའི་སྨོན་པ་སེམས་བསྐྱེད།"
2299090,2302855,3765,"དེས་རྩིས་ཟིན་པའི་དགེ་བའི་རྩ་བ་ཅི་བྱས་པ་འདི་ཐམས་ཅད་"
2302855,2306565,3710,"སེམས་ཅན་གྱི་དོན་དུ་ཡིན་བསམ་པ་འཇུག་པ་བྱང་ཆུབ་མཆོག་ཏུ་སེམས་བསྐྱེད་ན།"
2306565,2309114,2549,"དེས་སྨོན་འཇུག་གཉིས་དང་ལྡན་པའི་སྒོ་ནས་གང་ལ་"
2309114,2314158,5044,"བླ་མ་ཡིན་ན་འདྲ་ དཀོན་མཆོག་གསུམ་པོ་ཡིན་ན་འདྲ་དེའི་དྲུང་དུ་"
2314158,2320700,6542,"ལུས་ངག་ཡིད་གསུམ་གྱི་དགེ་བ་བྱས་པ་དེ་སེམས་ཅན་གྱི་དོན་དུ་བྱེད།"
2320700,2325660,4960,"རང་དོན་ཁོ་ན་ལ་བསམ་བློ་མི་གཏོང་བསམ་པའི་གཞན་ཕན་གྱི་བསམ་བློ་བཟང་པོ་"
2325660,2332334,6674,"ཡང་དག་པ་ཞིག་བསྐྱེད་བཞག་ན། བྱང་ཆུབ་སེམས་དཔའི་ཀུན་སློང་ཟེར་མཁན་དེ་རེད།"
2332334,2335126,2792,"དེ་ཡི་རྗེས་སུ་ཉམས་རྟོགས་རྒྱུད་ལ་སྐྱེ་འོང་བ་དེ་ལ་"
2335126,2338034,2908,"ཉམས་རྟོགས་སྐྱེ་བའི་གེགས་སུ་གྱུར་བ་དེ་སུ་རེད་ཟེར་ན་"
2338034,2341922,3888,"སྡིག་པ་དང་སྒྲིབ་པ་རེད། སྡིག་པ་སྒྲིབ་པ་དེ་ཉིད་བཤགས་པའི་ཐབས་སུ་གྱུར་པ་ལ་"
2341922,2343743,1821,"སངས་རྒྱས་ཀྱིས་མང་པོ་ཞིག་གསུང་ཡོད་རེད་དེ།"
2343743,2348311,4568,"དེའི་ནང་ནས་སྡིག་བཤགས་ཐམས་ཅད་ཀྱི་རྒྱལ་པོ་དེ་ཉིད་རྡོ་རྗེ་སེམས་དཔའི་བསྒོམ་བཟླས་ཡིན་དུས།། གསུམ་པ་ལམ་གྱི་གེགས་སེལ་རྡོར་སེམས་བསྒོམ་བཟླས་ནི། །"
2348311,2351465,3154,"འགལ་རྐྱེན་སྡིག་སྒྲིབ་བསལ་བའི་ཕྱིར། །སྟོབས་བཞིའི་གནད་དང་ལྡན་པ་ཡིས། །"
2351465,2354853,3388,"རྡོ་རྗེ་སེམས་དཔའི་བསྒོམ་བཟླས་ངང་། །ཡང་དག་གཉུག་མའི་གནས་ལུགས་བལྟ།"
2354853,2358325,3472,"ཞེས་གསུང་དུས་དེས་ན་ འགལ་རྐྱེན་ཟེར་དུས་ཉམས་དང་རྟོགས་པ་མི་སྐྱེ་བ་"
2358325,2362486,4161,"གནོད་པའི་ཕྱོག་སུ་གྱུར་བ་འགལ་རྐྱེན་ ཚེ་རབས་ཐོག་མེད་ནས་ད་ལྟ་ཡན་ཆད་"
2362486,2365636,3150,"འཁོར་བར་འཁྱམས་དུས་ངེད་ཏོས་སྡིག་པ་བསགས་ཡོད་རྒྱུ་རེད་"
2365636,2369598,3962,"དཔེར་ན་བྱ་དང་བྱེའུ་འབུ་སྲིན་ལ་སོགས་པ་ལྟ་བུ་ཅན་ཞིག་ཡིན་ན་"
2369598,2372581,2983,"སྲོག་གཅོད་པ་བསླབ་མི་དགོས་པ་རང་སྟོབས་ཀྱི་ཤེས་འོང་གི་འདུག་ག"
2372581,2376408,3827,"དེ་ཤེས་འོང་བ་དེ་ ལས་དང་ཉོན་མོངས་པའི་གཞན་དབང་དུ་གྱུར་སོང་རེད་"
2376408,2379324,2916,"དེས་ན་ལས་དང་ཉོན་མོངས་པའི་གཞན་དབང་གིས་ལས་བསགས་ཚར་དུས།"
2379324,2383241,3917,"ཐར་པའི་ལམ་ལ་མི་འགྲོ་བའི་ཉོན་མོངས་པ་དང་ཤེས་བྱའི་སྒྲིབ་པའི་ཁུར་པོ་དེ་"
2383241,2387526,4285,"རང་གི་རྒྱུད་ལ་ཁུར་ཚར་ཡོད་རེད། སྡིག་སྒྲིབ་དེ་ཕར་བསལ་བར་བྱ་བའི་ཕྱིར་དུ།"
2387526,2392500,4974,"རང་གི་སྤྱི་བོའི་གཙུག་ཏུ་བླ་མ་རྡོ་རྗེ་སེམས་དཔའ་བསྒོམ་པ་དེ་སྡིག་པ་བཤགས་པའི་རྟེན་རེད་དུས།"
2392500,2395855,3355,"རྟེན་གྱི་སྟོབས། ཚེ་རབས་ཐོག་མེད་ནས་ད་ལྟ་ཡན་ཆད་ཀྱི་སྡིག་པ་ལ་"
2395855,2398833,2978,"འགྱོད་སེམས་དྲག་པོ་སྐྱེ་བ་དེ་ སུན་འབྱིན་པའི་སྟོབས།"
2398833,2404230,5397,"སྡིག་ལྟུང་གི་གཉེན་པོ་བླ་མ་རྡོ་རྗེ་སེམས་དཔའི་སྐུ་ལས་བདུད་རྩིའི་རྒྱུན་བབ་པ་དེས་"
2404230,2407685,3455,"རང་གི་ནད་གདོན་སྡིག་སྒྲིབ་ཐམས་ཅད་སྦྱང་ཞིང་དག་པར་མཛད་ཀྱི་ཡོད་བསམ་ན་"
2407685,2412071,4386,"གཉེན་པོ་ཀུན་ཏུ་སྤྱོད་པའི་སྟོབས། ད་ཕྱིན་ཆད་སྡིག་པ་མི་དགེ་བ་མི་བྱེད་སྙམ་པ་"
2412071,2416850,4779,"སོར་ཆུད་པའི་སྟོབས་ཏེ་སྟོབས་བཞི་དང་ལྡན་པའི་རྡོ་རྗེ་སེམས་དཔའི་བསྒོམ་བཟླས་བྱས་ན་"
2416850,2420340,3490,"རྡོ་རྗེ་སེམས་དཔའ་དེ་སྔོན་བྱང་ཆུབ་མཆོག་ཏུ་ཐུགས་བསྐྱེད་པའི་སྐབས་ནས་"
2420340,2423293,2953,"སེམས་ཅན་ཐམས་ཅད་ཀྱི་ལས་དང་ཉོན་མོངས་པའི་སྒྲིབ་པ་སྦྱོང་ནུས་པ་"
2423293,2426996,3703,"ཁོང་གི་མཚན་དང་ཡི་གེ་བརྒྱ་པའི་སྲོག་སྔགས་དེ་སུས་བཟླས་ན་"
2426996,2430083,3087,"དེའི་སྡིག་སྒྲིབ་ཐམས་ཅད་བྱང་བར་ཤོག་ཅིག་གསུང་དམ་བཅའ་མཛད་བཞག་པ་རེད།"
2430083,2433671,3588,"དེས་ན་སྡིག་སྒྲིབ་སྦྱོང་བ་ལ་སངས་རྒྱས་ཐམས་ཅད་ཀྱི་ཐུགས་རྗེ་གཅིག་ཏུ་བསྡུས་པ་"
2433671,2437315,3644,"རྡོར་སེམས་ལས་ལྷག་ཡོད་མ་རེད་དུས། དེ་ལྟ་བུ་རྡོ་རྗེ་སེམས་དཔའི་བསྒོམ་བཟླས་བྱས་"
2437315,2440480,3165,"ཡིག་བརྒྱའི་སྒོ་ནས་བཤགས་པ་བྱེད། བཤགས་པའི་མཐའ་ནས་"
2440480,2443558,3078,"རྡོར་སེམས་ཀྱིས་སྡིག་སྟོང་དག་པའི་གནང་བ་བྱིན་ཏེ་རང་ལ་མར་ཐིམས་ནས་"
2443558,2445655,2097,"རང་གི་སེམས་མ་བཅོས་པའི་ངང་ལ་མཉམ་པར་བཞག་ན།"
2445655,2450665,5010,"འདི་ཉིད་རྡོ་རྗེ་སེམས་དཔའ་དོན་གྱི་གནས་ལུགས་དེ་ཡིན་དུས་དེའི་ངང་ལ་མ་བཅོས་པར་བཞག་ན་"
2450665,2455284,4619,"དེ་ཡང་དག་པ་གཉུག་མའི་གནས་ལུགས་ཀྱི་ལྟ་བ་དེ་སྡིག་པ་སྦྱོང་བར་བྱེད་པ་ལ་"
2455284,2457522,2238,"གསལ་སྟོང་མཉམ་ཉིད་ཀྱི་གནས་ལུགས་དེ་ཤིན་ཏུ་ཟབ་པ་རེད་དུས་"
2457522,2459370,1848,"དེ་ལྟ་བུ་ཅན་ཞིག་ཡོང་དགོས་གསུང་རེད་"
2459370,2462227,2857,"དེའི་རྗེས་སུ་མཐུན་རྐྱེན་ཚོགས་བསགས་དགོས་རེད།"
2462227,2465866,3639,"ཚོགས་མ་བསགས་ན་དཔེར་ན་མི་ཆེན་པོ་ཅིག་མགྲོན་དུ་འབོད་དགོས་ན་"
2465866,2467457,1591,"ལོང་སྤྱོད་དང་ལྡན་པ་གཅིག་མ་གཏོགས།"
2467457,2469799,2342,"ལོང་སྤྱོད་མེད་པ་ཞིག་གིས་མགྲོན་འབོད་ཐུབ་ཀྱི་མ་རེད།"
2469799,2473792,3993,"དེས་ན་ ལོང་སྤྱོད་དང་ལྡན་པ་གཅིག་གིས་མགྲོན་འབོད་ཐུབ་ཀྱི་རེད་དུས་"
2473792,2477564,3772,"དཔེ་དེ་ལྟར་དུ་ ང་ཚོས་བསོད་ནམས་དང་ཡེ་ཤེས་ཀྱི་ཚོགས་ཡག་པོ་ཞིག་བསགས་བཞག་ན་"
2477564,2480364,2800,"ཉམས་དང་རྟོགས་པ་རང་ཤུགས་ཀྱིས་རྒྱུད་ལ་སྐྱེ་ཡོང་གི་རེད་དུས།"
2480364,2482652,2288,"བཞི་པ་ལམ་གྱི་བོགས་འབྱིན་མཎྜལ་ནི། །མཐུན་རྐྱེན་ཚོགས་གཉིས་མྱུར་འདུམ་པ། །"
2482652,2485543,2891,"ཕྱི་ནང་གསང་བ་དེ་ཁོ་ནའི། །རབ་འབྱམས་མཆོད་པའི་ མཎྜལ་གྱིས། །"
2485543,2486993,1450,"སྐུ་གསུམ་དཀྱིལ་འཁོར་ལྷ་ཚོགས་མཆོད།"
2486993,2490778,3785,"གསུང་དུས་ མཐུན་རྐྱེན་ཚོགས་བསགས་པ་དེ་ལ་དམིགས་བཅས་བསོད་ནམས་ཀྱི་ཚོགས་དང་།"
2490778,2493086,2308,"དམིགས་མེད་ཡེ་ཤེས་ཀྱི་ཚོགས་ཟེར་མཁན་གཉིས་ཡོད་རེད།"
2493086,2498039,4953,"ཚོགས་གཉིས་དེ་དཀའ་ལས་ཆུང་ཆུང་ཞིག་གིས་མྱུར་དུ་ཚོགས་རྫོགས་འགྲོ་བ་དེ་ལ་"
2498039,2501666,3627,"ཕྱི་ཡི་མཎྜལ་ཟེར་ནས་རང་གི་ལག་པའི་ནང་དུ་ཡོད་རྒྱུ་མཎྜལ་དེ་ལ་"
2501666,2504028,2362,"རི་རབ་གླིང་བཞི་ཉི་ཟླ་དང་བཅས་པར་བཀོད་པ་དེ་ལ་"
2504028,2508360,4332,"སྟེང་ལྷ་ འོག་ཀླུ་ བར་མིའི་ལོང་མཎྜལ་སྤྱོད་ཐམས་ཅད་ཡོད་པ་དེ་"
2508360,2511330,2970,"རྒྱལ་བ་སྲས་དང་བཅས་པ་ལ་ཕུལ་ན་དེ་ཕྱི་ཡི་་རེད།"
2511330,2516413,5083,"ནང་གི་མཎྜལ་ཟེར་ན་རང་གི་རྡོ་རྗེ་ཕུང་པོའི་གྲོང་ཁྱེར་དེ་ལ་"
2516413,2521378,4965,"གནས་པ་རྩ། གཡོ་བ་རླུང། བཀོད་པ་བྱང་ཆུབ་སེམས་ཀྱི་ངོ་བོ་དེ་རང་བཞིན་ལྷུན་གྲུབ་ཀྱི་མཎྜལ་རེད།"
2521378,2524642,3264,"དེ་རྒྱལ་བ་སྲས་དང་བཅས་པ་ལ་ཕུལ་ན་ནང་གི་མཎྜལ་དེ་རེད་"
2524642,2529532,4890,"གསང་བའི་མཎྜལ་བྱས་ན་སེམས་ཉིད་ཀ་དག་གི་ངོ་བོ་འོད་གསལ་སྣང་བ་བཞི་ཡི་ཚོམ་བུ་བཀོད་ཏེ་ཕུལ་ན་"
2529532,2531675,2143,"གསང་བའི་མཎྜལ་རེད་དུས་དེ་ཕུལ་ན་"
2531675,2536049,4374,"ཕྱི་ནང་གསང་གསུམ་གྱི་མཎྜལ་ལ་རྟེན་ནས་སྐུ་གསམ་གྱི་ཞིང་ཁམས་རྒྱུད་ལ་རྫོགས་པ་བཤད་ཡོད་རྒྱུ་རེད་"
2536049,2539368,3319,"དེ་ཁོ་ནའི་སྒོ་ནས་མཆོད་པའི་སྤྲིན་ཕུང་ཕུལ་ན་"
2539368,2543904,4536,"དཔེར་ན་མི་གཅིག་གི་བླ་མ་ཆེན་པོ་གཅིག་ལ་འབུལ་བ་ཕུལ་ན་"
2543904,2546659,2755,"ཁོས་ཁ་རྗེ་ལོངས་སྤྱོད་དང་བཅས་པ་ཕུལ་བཞགས་ན་"
2546659,2549115,2456,"དཔེ་མ་སྲིད་པའི་འབུལ་བ་ཆེན་པོ་ཞིག་ལ་རྩི་གི་རེད་"
2549115,2553068,3953,"དཔེ་དེ་བཞིན་དུ་ མཎྜལ་གྱི་སྟེང་ན་སྣོད་བཅུད་དཀྱིལ་འཁོར་ཡོངས་སུ་རྫོགས་པའི་རང་བཞིན་དེ་"
2553068,2555956,2888,"ཕུལ་བཞགས་ན་ཚོགས་རྫོགས་ཆེས་ཀྱི་རེད་"
2555956,2560074,4118,"དེ་མིན་ན་མར་མེ་དང་མེ་ཏོག་ལྟ་བུ་ཡིན་ན་མཆོད་པ་སྣ་རེ་རེ་མ་གཏོགས་མེད་"
2560074,2562982,2908,"མཆོད་པ་ཐམས་ཅད་ཚང་སོང་བ་དེ་མཎྜལ་རེད་དུས།"
2562982,2566052,3070,"མཎྜལ་ཕུལ་ཏེ་བླ་མ་སྐུ་གསུམ་གྱི་དཀྱིལ་འཁོར་ལ་མཆོད།"
2566052,2570373,4321,"བསོད་ནམས་དང་ཡེ་ཤེས་ཀྱི་ཚོགས་གཉིས་ཡོངས་སུ་རྫོགས་ཀྱི་རེད།"
2570373,2575631,5258,"དེ་ཡི་རྗེས་སུ་རྟོགས་པའི་ཡེ་ཤེས་ཁྱད་པར་ཅན་སྐྱེ་བའི་རྒྱུ་བླ་མའི་རྣལ་འབྱོར་རེད་དུས།"
2575631,2578841,3210,"ལྔ་པ་ལམ་ཀུན་གྱི་གཞུང་ཤིང་བླ་མའི་རྣལ་འབྱོར་ནི།། ། ཁྱད་པར་རྡོ་རྗེའི་ཡེ་ཤེས་མཆོག །མངོན་སུམ་རྒྱུད་ལ་འཕོ་བྱེད་པ། །"
2578841,2581623,2782,"མོས་གུས་བླ་མའི་རྣལ་འབྱོར་ནི། །ཉམས་ལེན་ཀུན་གྱི་རྩ་བའོ།"
2581623,2586011,4388,"གསུང་རྒྱུ་དེ་རེད་དུས་ ཁྱད་པར་དུ་རང་རེའི་ཉམས་སུ་ལེན་རྒྱུ་གང་རེད་ཟེར་ན་"
2586011,2587984,1973,"རང་བཞིན་རྫོགས་པ་ཆེན་པོའི་གནས་ལུགས་རེད།"
2587984,2592071,4087,"རང་བཞིན་རྫོགས་པ་ཆེན་པོའི་གནས་ལུགས་དེ་རྟོགས་པར་བྱེད་པ་དེ་"
2592071,2594779,2708,"བླ་མའི་བྱིན་རླབས་ལ་རག་ལས་པ་རེད། བྱིན་རླབས་དེ་རྒྱུད་ལ་མར་མངོན་སུམ་འཕོ་དགོས་ན།"
2594779,2598336,3557,"བླ་མ་ལ་མ་བསྟེན་པར་རང་བཞིན་གྱིས་རྒྱུད་ལ་ཞུགས་ཐུབ་གྱི་མ་རེད་"
2598336,2602684,4348,"དེས་ན་ བླ་མའི་བྱིན་རླབས་དེ་རྒྱུད་ལ་འཕོས་ན་རྫོགས་པ་ཆེན་པོ་རྟོགས་པ་ནམ་མཁའ་དང་མཉམ་པ་དེ་"
2602684,2604430,1746,"རང་ཤུགས་ཀྱིས་རྒྱུད་ལ་ཤར་ཡོང་རྒྱུ་རེད།"
2604430,2606969,2539,"དཔེར་ན་ཤར་གྱི་ཕྱོག་ནས་ནམ་ལངས་འོང་ན་"
2606969,2610128,3159,"དེའི་རྗེས་ནས་ཉི་མ་ཤར་ཡོང་རྒྱུ་ཐེ་ཚོམ་ཡོད་མ་རེད་ དཔེ་དེ་བཞིན་དུ་"
2610128,2613685,3557,"ཀུན་མཁྱེན་ངག་གི་དབང་པོས་གྲུབ་རྟགས་ཐམས་ཅད་"
2613685,2617884,4199,"བླ་མ་ལ་ཡིད་ཆེས་ཀྱི་དད་པ་རྩེ་ཅིག་ཏུ་མཛད་པ་དེ་ལ་བརྟེན་ནས་བྱུང་བ་རེད།"
2617884,2622767,4883,"པཎ་ཆེན་ན་རོ་པས་གྲུབ་ཆེན་ཏེ་ལོ་པ་བསྟེན་མཛད་པའི་དུས་སྐུ་ལུས་དེའི་སྟེང་དུ་"
2622767,2627574,4807,"དཀའ་བ་ཆེན་པོ་བཅུ་གཉིས་དཀའ་ཕྲན་བཅུ་གཉིས་ཏེ་དཀའ་བ་མི་འདྲ་བ་ཉི་ཤུ་རྩ་བཞི་"
2627574,2629125,1551,"སྐུ་ལུས་གཅིག་གི་སྟེང་ན་སྤྱད་དེ་"
2629125,2632340,3215,"དེའི་མཐའ་ན་ཏེ་ལོ་པས་དགོངས་བརྒྱུད་གྱི་ཡེ་ཤེས་འཕོ་སོང་དུས་"
2632340,2634450,2110,"དབང་བསྐུར་ཆོས་བཤད་གཞན་དགོས་ཡོད་མ་རེད།"
2634450,2637957,3507,"རྟོགས་པའི་ཡེ་ཤེས་རྒྱུད་ལ་འཕོ་ཚར་དུས་རྟོགས་པ་ནམ་མཁའ་དང་མཉམ་པར་"
2637957,2641215,3258,"གྱུར་སོང་བ་དཔེ་དེ་ལྟ་བུ་རེད། དེ་བཤད་པར་བྱ་བའི་ཕྱིར་དུ་"
2641215,2646080,4865,"རང་གི་སྤྱི་བོའི་གཙུག་གི་བླ་མ་དེ་ཕྱི་ལྟར་དུ་དཀོན་མཆོག་ཀུན་འདུས་"
2646080,2647629,1549,"ནང་ལྟར་དུ་རྩ་གསུམ་ཀུན་འདུས་"
2647629,2650490,2861,"གསང་བ་ལྟར་ན་སྐུ་གསུམ་ཀུན་འདུས་ཀྱི་བདག་ཉིད་ཡིན་བསམ་ནས་"
2650490,2655657,5167,"བློ་སྙིང་བྲང་གསུམ་དེ་ལ་གཏད་ བསམ་རྒྱུ་བླ་མ་ལས་མེད་པ་བློ་སྣ་བླ་མས་འཕྲོགས་པ་"
2655657,2660108,4451,"ཡིད་ཆེས་ཀྱི་དད་པའི་སྒོ་ནས་བླ་མའི་མཚན་ཙམ་ཐོས་འོང་ནའང་"
2660108,2663105,2997,"ལུས་བ་སྤུ་གཡོ། མིག་མཆི་མ་འཁྲུགས་པ་ཞིག་བྱུང་ན།"
2663105,2666579,3474,"དགོངས་རྒྱུད་གྱི་རྟོགས་པ་རྒྱུད་ལ་མི་སྐྱེ་བའི་ཐབས་ཡོད་རྒྱུ་མ་རེད་"
2666579,2668844,2265,"བླ་མ་དེ་རང་གི་སྤྱི་བོའི་གཙུག་ཏུ་སྒོམ།"
2668844,2671394,2550,"དེ་སངས་རྒྱས་ཐམས་ཅད་འདུས་པའི་བདག་ཉིད་ཡིན་པར་ངེས་ཤེས་སྐྱེད།"
2671394,2674380,2986,"མོས་གུས་རྩེ་ཅིག་ཏུ་བྱེད། བླ་མའི་སྐུ་གསུང་ཐུགས་ལས་"
2674380,2677133,2753,"འོད་ཟེར་དཀར་དམར་མཐིང་གསུམ་འཕྲོས། རང་གིས་གནས་གསུམ་དུ་ཐིམ།"
2677133,2680155,3022,"ལུས་ངག་ཡིད་གསུམ་གྱི་སྒྲིབ་པ་དག་སོང་བསམ་རྒྱུ་དེ་"
2680155,2684445,4290,"ཀུན་རྫོབ་ཕྱི་ཡི་བླ་མའི་རྣལ་འབྱོར་རེད། མཐར་བླ་མ་དགྱེས་པ་ཆེན་པོས་འོད་དུ་ཞུ་ནས་"
2684445,2688686,4241,"རང་གི་སེམས་ཀྱི་གནས་ལུགས་དེ་དང་བླ་མའི་ཐུགས་དབྱེར་མེད་དུ་འདྲེས་ཏེ་"
2688686,2691488,2802,"ཆུ་དང་འོ་མ་བསྲེས་པ་ལྟ་བུ་གྱུར་སོང་བསམ།"
2691488,2696399,4911,"རང་གི་སེམས་ཀྱི་གནས་ལུགས་དེ་ལས་མ་བཅོས་པའི་རང་སེམས་ཀྱི་གནས་ལུགས་དེ།"
2696399,2699719,3320,"དོན་དམ་ནང་གི་བླ་མ་རེད་དུས། དེ་ལྟ་བུ་ཞིག་ཉམས་སུ་བླང་ན་"
2699719,2702818,3099,"ཉམས་ལེན་ཀུན་གྱི་རྩ་བ་དེ་རེད། སྣང་སྟོང་ཟུང་འཇུག་གི་སྒོ་ནས་ཉམས་སུ་ལེན་དུས།"
2702818,2705087,2269,"རྟོགས་པའི་ཡེ་ཤེས་མི་སྐྱེ་བའི་ཐབས་ཡོད་རྒྱུ་མ་རེད།"
2705087,2707948,2861,"དཔེར་ན་ང་ཚོས་བླ་མའི་རྣལ་འབྱོར་བསྒོམས་པའི་སྐབས་ལ་"
2707948,2710175,2227,"བླ་མ་སྤྱི་བོའི་གཙུག་ཏུ་བསྒོམས་ནས།"
2710175,2712245,2070,"དབང་བཞི་ལེན་པ་དེ་ཀུན་རྫོབ་ཕྱི་ཡི་བླ་མ་རེད།"
2712245,2715626,3381,"དེའི་མཐར་བླ་མ་དགྱེས་པ་ཆེན་པོས་འོད་དུ་ཞུ་ནས་རང་ལ་མར་བསྟིམས།"
2715626,2720899,5273,"རང་གི་སེམས་ཀྱི་གནས་ལུགས་དེ་ངེས་པ་དོན་གྱི་བླ་མ་ཡིན་དུས་དེ་ལྟར་བྱེད་དགོས་བསམ།"
2720899,2723865,2966,"དེ་ནས་ དྲུག་པ་དེ་ལྟར་ཐུན་མོང་ནང་གི་སྔོན་འགྲོ་ཉམས་སུ་བླང་བའི་ཕན་ཡོན་ནི། ། དེ་ལྟར་ལམ་གཞན་ཐུན་མོང་གི །སྔོན་འགྲོའི་བདུད་རྩིས་སྙིང་བརླན་པས། །"
2723865,2726800,2935,"ཐུན་མོང་མ་ཡིན་ཉམས་རྟོགས་ཀྱི། །ས་བོན་རྒྱུད་ལ་ཆགས་པར་འགྱུར།"
2726800,2730052,3252,"ཞེས། གོང་དུ་བཤད་པ་དེ་ལྟར་དུ་ཐུན་མོང་ཕྱི་ཡི་སྔོན་འགྲོ"
2730052,2732736,2684,"ཐུན་མིན་ནང་གི་སྔོན་འགྲོ་ཐམས་ཅད་ཉམས་སུ་བླང་བཞག་ན་"
2732736,2737217,4481,"མདོ་སྔགས་ཐམས་ཅད་མེད་པའི་ཉམས་ལེན་གྱི་གནད་གཅིག་ཏུ་བསྡུ་ཡོང་རྒྱུ་རེད།"
2737217,2741474,4257,"དེ་ལྟར་བསྡུས་འོང་དུས་ལམ་དེ་ལ་བརྟེན་ནས་ཐུན་མོང་ཕྱི་ཡི་སྔོན་འགྲོ་ཉམས་ལེན་བྱས་ནའང་"
2741474,2744867,3393,"རྒྱུ་མཚན་ཉིད་ཐེག་པའི་ཉན་ཐོས་དང་རང་རྒྱལ་དང་མཐུན་པའི་ལམ་རེད།"
2744867,2749047,4180,"དེའི་ལམ་དེ་ཉམས་ལེན་བྱས་དུས། རང་གིས་རྒྱུད་ལ་ངེས་འབྱུང་དང་སྐྱོ་ཤས་སྐྱེ་ནས་"
2749047,2751231,2184,"རྟོགས་པའི་ཡེ་ཤེས་རྒྱུད་ལ་སྐྱེ་བའི་གྲོགས་རེད་འགྲོ་བས་"
2751231,2754620,3389,"ཉན་རང་གི་ལམ་རེད་ཟེར་ མར་དམའ་ས་ལ་འཕེན་དགོས་རྒྱུ་མ་རེད་"
2754620,2757373,2753,"ཐུན་མིན་ནང་གི་སྔོན་འགྲོ་ཐེག་པ་ཆེན་པོའི་ལམ་རེད།"
2757373,2763985,6612,"དེ་ཉམས་སུ་ལེན་པ་ལ་རྒྱུ་མཚན་ཉིད་ཐེག་པ་དང་འབྲས་བུ་རྡོ་རྗེ་ཐེག་པ་གཉིས་ཡོད་རྒྱུ་རེད་"
2763985,2766183,2198,"དེ་གཉིས་ཀ་མན་ངག་གི་གནད་ཐམས་ཅད་ཚང་བའི་སྒོ་ནས་"
2766183,2770674,4491,"རྩེ་གཅིག་ཏུ་ཉམས་སུ་ལེན་འོང་དུས་རང་གིས་རྒྱུད་ལ་རྟོགས་པའི་ཡེ་ཤེས་སྐྱེ་བྱེད་དེ་རེད།"
2770674,2774299,3625,"ཐུན་མིན་ནང་གི་སྔོན་འགྲོ་དེ་ལ་ད་ལྟ་སྐྱེ་བའི་ཚུལ་ཤེས་ན་"
2774299,2776319,2020,"དེ་ནས་ སྔགས་ཀྱི་སྔོན་འགྲོ་དེ་གཙོ་ཆེ་གྱི་རེད་"
2776319,2782090,5771,"དཔེར་ན་མཐའ་ཡི་རྒྱ་མཚོ་ནང་ནོར་བུ་ལེན་ལ་འགྲོ་དུས་རྒྱ་མཚོ་དང་ཐག་ཉེ་དུས་"
2782090,2785199,3109,"དེ་ནས་གྲོང་པ་རྣམས་ཇེ་ཉུང་རེད་ རི་ཐམས་ཅད་ཇེ་ཉུང་རེད་"
2785199,2790816,5617,"ནམ་མཁའ་མ་གཏོགས་མཐོང་རྒྱུ་མེད་དུས་ རྒྱ་མཚོ་དང་ཐག་ཉེ་བའི་ལྟས་ཡིན་གསུང་བ་ལྟར་དུ།"