0,9380,9380,"དེ་ཡིན་དུས་གདམས་ངག་གི་གནད་རེད། གདམས་ངག་མང་པོ་ཡོད་ནའང་གདམས་ངག་ཟབ་མོ་ཉམས་སུ་ལེན་པས་འཚེང་བ་གནད་རྣམས་མ་ལུས་པ་དག་ཐམས་ཅད་"
9380,12858,3478,"ཚན་པ་དྲུག་རེ་དྲུག་རེའི་སྒོ་ནས་བསྟན་དུས།"
12858,15185,2327,"དྲུག་ཚན་དྲུག་གིས་བཤད་ཀྱིས་གུས་པས་ཉོན།"
15185,19340,4155,"(1)  དེ་ལ་ཐོག་མར་འཇུག་པའི་ཆོས་དྲུག་ནི། །ལམ་གྱི་གཞི་རྟེན་བསླབ་གསུམ་བསྲུང་བ་དང༌། །"
19340,21570,2230,"སྣ་ཚོགས་ཐོས་བསམ་ཕྱོགས་མེད་བྱ་བ་དང༌། །"
21570,23530,1960,"སྒོ་གསུམ་ཞི་ཞིང་རང་རྒྱུད་གདུལ་བ་དང༌། །"
23530,25329,1799,"སྡིག་ལ་འཛེམ་ཞིང་དགེ་བ་སྤེལ་བ་དང༌། །"
25329,27710,2381,"ངོ་ཚ་ཁྲེལ་ཡོད་དད་པ་བསྐྱེད་པ་དང༌། །"
27710,32070,4360,"དགེ་བའི་བཤེས་དང་དགེ་གྲོགས་བསྟེན་པ་སྟེ། །དང་པོའི་ལས་ཅན་རྣམས་ལ་ཤིན་ཏུ་གཅེས། །"
32070,37495,5425,"དེ་ནས་ཆོས་ལ་ཐོག་མར་འཇུག་པར་བྱེད་པའི་གང་ཟག་དེ་ཆོས་དྲུག་ཚང་དགོས།"
37495,39100,1605,"ཆོས་དྲུག་གང་ཡིན་ཟེར་ན།"
39100,43320,4220,"ལམ་ཐམས་ཅད་ཀྱི་གཞི་རྟེན་ཚུལ་ཁྲིམས་དང༌། ཏིང་འཛིན།"
43320,48660,5340,"ཤེས་རབ་གསུམ་གྱི་བསླབ་པ་གསུམ་པོ་དེ་ཚུལ་བཞིན་དུ་མི་ཉམས་པར་བསྲུང་དགོས་པ།"
48660,51770,3110,"དེ་སྟེང་དུ་ལམ་གང་ཡིན་ཉམས་སུ་ལེན་པ་ཡོད་ན།"
51770,56860,5090,"དེ་ལའང་ཐོས་པ་རྒྱ་ཆེན་པོ་ཞིག་མེད་ན་ལམ་ལོག་པ་དང༌།"
56860,60400,3540,"ལམ་གོལ་བ་ལ་སོགས་པ་ལ་འཕྱན་པར་འགྱུར་པས་ཐོས་པ་དགོས་པ་དང༌།"
60400,65710,5310,"ཐོས་པའི་དོན་ཁ་རྐྱང་པ་ལ་འཁྱེར་བསྡད་ན་བྲག་ཆ་ལྟ་བུ་རེད་འགྲོ་རྒྱུ་རེད་དུས་"
65710,70280,4570,"ཐོས་པའི་དོན་དེ་ཉིད་རང་གི་སེམས་ལ་ཚུལ་བཞིན་དུ་སྦྱར་དགོས་པས།"
70280,73980,3700,"་་་"
73980,77210,3230,"ཐོས་པ་དེའང་རྒྱ་ཆེན་པོ་ཕྱོགས་མེད་དུ་མ་བྱས་ན་"
77210,81300,4090,"ཐོས་པ་ཕྱོགས་གཅིག་ཏུ་བྱས་ན་གཡག་ཞར་ར་ཡིས་རྩ་ཟོས་པ་ལྟ་བུ་འགྲོ།"
81300,85400,4100,"ཆོས་གཅིག་ལ་མཆོག་འཛིན་བྱེད་དུས་གཞན་དག་ཁྱད་དུ་གསོད་པ་ལ་སོགས་པ་དང་ནི་"
85400,88450,3050,"ལམ་གྱི་ཁོག་མི་བཀྲོལ་བ་ཡིན་པས།"
88450,95900,7450,"དེ་ནས་ཐོས་པ་དང་བསམ་པས་ཐོས་པའི་དོན་དེ་ངེས་དོན་གྱི་ལྟ་སྒོམ་སྤྱོད་གསུམ་པོ་ཐམས་ཅད་"
95900,99050,3150,"རང་གིས་གོ་བ་ཉམས་མྱོང་ཡག་པོ་ཞིག་སྐྱེས་ཡོད་ན།"
99050,100800,1750,"ཡོད་པ་དེའི་སྒོ་ནས་བཟུང་སྟེ།"
100800,104240,3440,"ང་ཐོས་པ་མང་པོ་ཡིན། མཁས་པ་ཡིན་བསམ་སྟེ་"
104240,105440,1200,"ང་རྒྱལ་གྱིས་འགོས་སོང་ན།"
105440,107860,2420,"ང་རྒྱལ་གྱི་གོང་བུ་ལ། །ཡོན་ཏན་གྱི་ཆུ་མི་ཆགས། །"
107860,110700,2840,"ཟེར་རྒྱུ་དེ་རེད་དུས་སྒོ་གསུམ་པོ་ཐམས་ཅད་"
110700,113880,3180,"རས་བལ་རྡོག་པས་བརྫིས་པ་ལྟ་བུ་ཞི་ཞིང་དུལ་བ་དང༌།"
113880,116550,2670,"དེ་ནས་ཐོས་པ་དང་བསམ་པ་བྱེད་རྒྱུ་དེ་ཡང་"
116550,121540,4990,"རང་གིས་གཞན་སྐྱོན་ལྟ་བའི་མི་དགོས་ས་མིག་ཕ་རོལ་གྱི་སྐྱོན་ཐམས་ཅད་མཐོང་རྒྱུ་རེད་དེ།"
121540,123840,2300,"རང་གི་གདོང་པའི་སྐྱོན་མཐོང་རྒྱུ་མ་རེད།"
123840,128370,4530,"དཔེ་དེ་བཞིན་དུ་ཐོས་བསམ་ཐམས་ཅད་ཀྱིས་གཞན་ལ་ལོག་ལྟ་སྐུར་འདེབས་རྒྱ་ཆེན་པོ་བྱས་ནས་"
128370,130170,1800,"རང་གི་སྐྱོན་མི་མཐོང་བ་ཡོད་རྒྱུ་རེད།"
130170,132630,2460,"དེས་ན་རང་སྐྱོན་ལྟ་བའི་མེ་ལོང་ཟེར་"
132630,135960,3330,"མེ་ལོང་གི་ནང་དུ་གདོང་པ་ཤར་ན་གདོང་པའི་སྐྱོན་ཐམས་ཅད་བསལ།"
135960,141700,5740,"དྲི་མ་དག །རྣམ་པ་ཡག་པོ་ཆགས་ཡོང་རྒྱུ་རེད། ཁ་སྤུ་ལ་སོགས་པ་བཞར་དེ་འདྲ་བྱེད་ཆོག་རྒྱུ་རེད།"
141700,149550,7850,"དེ་ཕྱིར་ན་ཆོས་ཐོས་པ་དེ་དག་ཐམས་ཅད་ནས་རང་གི་སེམས་ཀྱི་རྒྱུད་དེ་དྲན་ཤེས་བག་ཡོད་ཀྱི་སྒོ་ནས་དུས་རྟག་ཏུ་གདུལ་དགོས།"
149550,156065,6515,"དེ་མིན་ཕན་ཐོགས་མེད། དེ་མཚམས་ནས་ཐོས་པ་རྒྱ་ཆེ་ནའང་ཐོས་པ་ཡིས་རྒྱུད་གྲོལ་ཏེ།"
156065,159780,3715,"ཐོས་རྟགས་ཞི་ཞིང་དུལ་བ། སྒོམ་རྟགས་ཉོན་མོངས་མེད་པ། ཟེར་"
159780,163440,3660,"སྡིག་པ་མི་དགེ་བའི་ཕྱོགས་སོ་བྱང་སྔགས་གསུམ་གྱི་འགལ་ཟླ་ཐམས་ཅད་སྤོང༌།"
163440,167700,4260,"དགེ་བའི་ཕྱོགས་ཐམས་ཅད་ཚུལ་བཞིན་དུ་རང་གི་རྒྱུད་ལ་སྤྱོད་དེ།"
167700,174430,6730,"ཆོས་པ་རབ་ཞག་གི་སྐྱེད། འབྲིང་ཟླ་བའི་སྐྱེད། ཐ་མ་ལོའི་སྐྱེད་འཐོན་པར་བྱེད་པས་"
174430,183000,8570,"སྡིག་ལ་འཛེམ་ཞིང་དགེ་བ་སྤེལ་བ་དང༌། སྟོན་པ་ཐུབ་པའི་དབང་པོའི་རྗེས་སུ་འཇུག །གོས་ངུར་སྨྲིག་གི་རྒྱལ་མཚན་གྱོན།"
183000,188470,5470,"དེ་འདྲ་བྱས་སྡིག་པ་བྱས་ན་ངོ་ཚ་བ་རེད་བསམ་སྟེ་རང་གི་ངོ་ཚ་ཡི་སྒོ་ནས་བསྲུང་བ་དང༌།"
188470,192340,3870,"ཆང་འཐུང་བ་དང་བག་མེད་པའི་སྤྱོད་པ་ལ་སོགས་པ་བྱས་ན།"
192340,197030,4690,"ལྷ་དང་བླ་མ་དམ་པའི་ཆོས་སྐྱོབ་པ་གཞན་གྱིས་ཐུགས་ཁྲེལ་འགྲོ་རྒྱུ་རེད་བསམ་ནས་"
197030,201030,4000,"ཁྲེལ་ཡོད་ཀྱི་སྒོ་ནས་དང་འདོད་ཡིད་ཆེས་ཀྱི་དད་པ་བསྐྱེད་པ་དང༌།"
201030,204230,3200,"རང་གི་རྒྱུད་ལ་ཐར་པ་དམ་པའི་ཡོན་ཏན་དེ་ཨེ་སྐྱེ་བསམ་ན།"
204230,209010,4780,"དགེ་བའི་བཤེས་གཉེན་དེ་ལུས་དང་གྲིབ་མ་བཞིན་དུ་འགྲོག་ན་ཙན་དན་གྱི་ནགས་ཚལ་གྱི་ནང་ན་"
209010,212770,3760,"ཤིང་སྡོང་དུམ་ཕལ་པ་ལྷུང་ན་དེ་ལ་ཙན་དན་གྱི་དྲི་བྲོ་འོང་རྒྱུ་རེད་དུས།"
212770,216210,3440,"དཔེ་དེ་བཞིན་དུ་བཟུང་སྟེ་དགེ་བའི་བཤེས་གཉེན་བསྟེན་པ།"
216210,218610,2400,"དགེ་བའི་བཤེས་གཉེན་རྟག་པར་བསྟེན་མ་ཐུབ་ནའང་"
218610,225440,6830,"ལུས་ངག་ཡིད་གསུམ་ཆོས་ལ་བསྐུལ་བའི་ཆོས་གྲོགས་དགེ་བའི་གྲོགས་པོ་དུས་རྟག་ཏུ་དམ་པའི་ཆོས་ལ་སྤྱོད་པ་ལ་བསྟེན་པ་སྟེ།"
225440,232520,7080,"དེ་ཐམས་ཅད་ལས་དང་པོ་པ་དམ་པའི་ཆོས་ཀྱི་སྒོར་ཞུགས་པ་རྣམས་ལ་ཤིན་ཏུ་གཅེས་པར་གྱུར་པ་ཡིན་པས་ན།"
232520,236260,3740,"དང་པོ་ཆོས་ལ་འཇུག་པའི་མན་ངག་ཅེས་པ་དེ་ཡིན།"
236260,240470,4210,"(2)  དེ་ནས་གཅིག་པུ་དབེན་པར་གནས་འདོད་ན། །སྟ་གོན་བྱ་བའི་ཆོས་དྲུག་གཅེས་པ་སྟེ། །"
240470,244220,3750,"བླ་མ་དང་བྲལ་རང་རྐྱ་ཐུབ་པ་དང༌། །ཐེ་ཚོམ་གེགས་སེལ་དྲི་རྒྱུ་མེད་པ་དང༌། །"
244220,248140,3920,"ལུས་ལ་ནད་གདོན་བར་ཆད་མེད་པ་དང༌། །མི་ཆོས་ཁྱུ་ནས་ལེགས་པར་བུད་པ་དང༌། །"
248140,252380,4240,"དོན་གཉིས་བསྒྲུབ་པའི་གདམས་པ་ཚང་བ་དང༌། །ལྟ་བའི་དགོངས་པ་བློ་ཐག་ཆོད་པའོ། །"
252380,254870,2490,"ད་འདི་བླ་མ་དགེ་བའི་བཤེས་གཉེན་བསྟེན།"
254870,258290,3420,"དང་པོ་དགོས་ཆོས་ཆོས་ལ་འཇུག་པའི་རྒྱུ་དང་པོ་"
258290,263270,4980,"ཚང་ཚར་བའི་རྗེས་སུ་དེ་ནས་རང་ཉིད་གཅིག་པུ་མི་མེད་དབེན་པའི་གནས་སུ་རྣམ་གཡེང་དང་འདུ་འཛི་མེད་པ།"
263270,265710,2440,"རྩེ་གཅིག་ཏུ་སྒྲུབ་པ་གནས་པར་བྱས་ན་"
265710,268880,3170,"དཔེར་ན་དབང་བསྐུར་ནའང་སྔོན་དུ་སྟ་གོན་བྱ་དགོས་པ་ལྟ་བུ།"
268880,270698,1818,"སྔོན་ནས་སྟ་གོན་བྱ་བའི་ཆོས་དྲུག །"
270698,273300,2602,"རི་ཁྲོད་འདིར་བསྡད་ནས་འགལ་རྐྱེན་འབྲལ།"
273300,276575,3275,"མཐུན་རྐྱེན་ཚོགས་བྱེད་ཀྱི་ཆོས་དྲུག་ཇི་དགོས་ཟེར་ན།"
276575,278562,1987,"བླ་མ་དང་བྲལ་རང་རྐྱ་ཐུབ་པ་དང༌། །"
278562,282650,4088,"ཟེར་དུས་བླ་མ་དགེ་བའི་བཤེས་གཉེན་ལ་དུས་རྒྱུན་དུ་འདྲི་ས་དོགས་བསལ་མེད་ནའང་"
282650,286586,3936,"རང་གིས་ཉམས་ལེན་བྱས་བསྡད་ན། དེ་ལ་གེགས་དང་གོལ་ས་བར་ཆད་འབྱུང་ནའང་"
286586,289606,3020,"རང་བླ་མའི་མན་ངག་གིས་བསལ་ཐུབ་ས་འདུག །"
289606,293238,3632,"དེ་འདྲའི་བྱེད་ཐུབ་ས་འདུག་བསམ་རྒྱུ་མ་བྱས་ནས་བཟུང་སྟེ།"
293238,295620,2382,"བླ་མ་དགེ་བའི་བཤེས་གཉེན་དང་བྲལ་ཚར།"
295620,298350,2730,"དབེན་པའི་གནས་སུ་ཐེ་ཚོམ་དང་གོལ་ས་མང་པོ་བསླང་འོང་ན་"
298350,300680,2330,"ཆོས་ལ་བར་ཆད་འབྱུང་རྒྱུ་རེད་དུས་"
300680,304480,3800,"རང་རྐྱ་ཐུབ་པ་དང༌། དེ་ནས་རང་གི་ཆོས་ཉམས་སུ་ལེན་རྒྱུ་དེ་ལའང་"
304480,307800,3320,"བླ་མའི་ཞལ་ལ་ཉན་ཐོས་པའི་སྒྲོ་འདོགས་གཅོད།"
307800,312850,5050,"ད་དེ་གདམས་ངག །གདམས་ངག་ཚིག་གཅིག་སངས་རྒྱས་ཀྱི་ངང༌། །"
312850,316062,3212,"གེགས་ཐམས་ཅད་བསལ་ས་ཡོད། བཀའ་འདྲི་ཞུ་དགོས་ས་མེད།"
316062,319512,3450,"ང་རང་གིས་ང་རང་མགོ་འཐོན་ས་ཡོད་བསམ་དེ་དགོས་གསུངས།"
319512,323400,3888,"དབེན་པའི་གནས་སུ་གནས་པ་དེ་ལའང་ལུས་ནད་མེད་པ་ཞིག་དགོས།"
323400,326445,3045,"ནད་ཡོད་པ་ཡིན་ན་སྨན་པ་ལ་སོགས་པ་བསྟེན།"
326445,331546,5101,"ཐག་རིང་པོ་ལ་འགྲོ་ཐུབ་རྒྱུ་མ་རེད་དུས་ནད་མེད་པ་དང༌། གདོན་སྙིང་རླུང་ལ་སོགས་པ་དང༌།"
331546,337434,5888,"ལྷ་འདྲེ་མི་གསུམ་གྱི་བར་ཆད་མེད་པ་དགོས་རྒྱུ་རེད་དུས་དེའི་གདོན་མེད་པ་དང༌།"
337434,342770,5336,"ལྷག་པར་དུའང་དམ་པའི་ཆོས་སྒྲུབ་པ་དེ་ཕྱི་ནང་གསང་བའི་བར་ཆད་མང་པོ་འོང་རྒྱུ་རེད།"
342770,345831,3061,"དཔེར་ན་ཐག་རིང་པོ་ཞིག་མགྲོན་པོ་ཚོང་ལ་སོང་ན།"
345831,349180,3349,"དེ་མགྲོན་པོ་དེ་ལ་དགྲ་དང་ཇག་པ་རྐུ་མ་མང་པོ་ཡོད་རྒྱུ་རེད་དུས།"
349180,352946,3766,"དཔེ་དེ་བཞིན་དུ་བྱང་ཆུབ་ཀྱི་ལམ་བསྒྲུབ་པ་ལ་བར་ཆད་མང་པོ་ཡོད་རྒྱུ་རེད་དུས་"
352946,357560,4614,"དེ་ཕྱིའི་བར་ཆད་དགྲ་དང་རྐུ་མ། ནང་གི་བར་ཆད་ཉོན་མོངས་དུག་ལྔ།"
357560,363750,6190,"གསང་བའི་བར་ཆད་ཀྱིས་སེམས་དྲན་རྒྱུ་མང་པོ་མེད་པའི་སྒོ་ནས་བར་ཆད་མེད་པའི་སྒྲུབ་པ་དང༌།"
363750,365835,2085,"མི་ཆོས་ཁྱུ་ནས་ལེགས་པར་བུད་པ་དང༌། །"
365835,369674,3839,"ཟེར་དུས་དམ་པའི་ཆོས་ཚུལ་བཞིན་དུ་སྒྲུབ་དུས། བློ་ཕུགས་ཆོས་ལ་གཏད།"
369674,373817,4143,"ཆོས་ཕུགས་སྤྲང་ལ་གཏད། སྤྲང་ཕུགས་ཤི་ལ་གཏད། ཤི་ཕུགས་གྲོག་༼བྲག་སྟོང་གསུངས་༽སྟོང་ལ་གཏད་དགོས་རྒྱུ་རེད་མ་གཏོགས།"
373817,375845,2028,"རི་ཁྲོད་དབེན་པ་ཞིག་ལ་ཡར་བསྡད།"
375845,380050,4205,"བླ་མའི་མིང་ཞིག་འཐོབ་འོང་ན་དེས་དཀོར་དང་ལོག་འཚོ་མང་པོ་བསྒྲུབ་ན་"
380050,383340,3290,"དེས་ཕན་རྒྱུ་མ་རེད་དུས། མི་ཆོས་ཁྱུ་ནས་ལེགས་པར་བུད་པ་དང༌། །"
383340,387810,4470,"དེ་ནས་དེའི་རྗེས་སུ་རང་གི་དོན་ལ་ཉམས་དང་རྟོགས་པ་སྐྱེད་བྱེད་"
387810,393340,5530,"གཞན་སེམས་ཅན་གྱི་དཀོར་སྒྲིབ་ལན་ཆགས་སྦྱོང་བྱེད་ཀྱི་དོན་གཉིས་ཐམས་ཅད་ཡོངས་སུ་རྫོགས་པ་དང༌།"
393340,402130,8790,"ཁྱད་པར་དུ་རང་གི་ཉམས་ལེན་ལྟ་བའི་ཁོ་ཐག་ཆོད་པའོ།"
402130,404100,1970,"(3)  །དེ་ནས་དགོན་པ་བསྟེན་པའི་ཆོས་དྲུག་ནི། །"
404100,408401,4301,"ས་ཕྱོགས་དབེན་ཞིང་མཚན་ཉིད་ཚང་བ་དང༌། །གྲུབ་ཐོབ་གོང་མས་ཞབས་ཀྱིས་བཅགས་པ་དང༌། །"
408401,412100,3699,"ཉམས་གྲིབ་མེད་པས་དམ་ཅན་འདུ་བ་དང༌། །རྣམ་གཡེང་འདུ་འཛིའི་རྐྱེན་རྣམས་མེད་པ་དང༌། །"
412100,416310,4210,"མཐུན་རྐྱེན་ཡོ་བྱད་བསྒྲུབ་པར་སླ་བ་དང༌། །མི་དང་མི་མིན་འཚེ་བ་མེད་པའོ། །"
416310,419603,3293,"དེ་ནས་རི་ཁྲོད་ཀྱི་མཚན་ཉིད་དེའང་གང་འདྲའི་དགོས་ཟེར་ནས་བཟུང་སྟེ།"
419603,424331,4728,"ས་ཕྱོགས་དེ་ལ་རྣམ་གཡེང་དང་འདུ་འཛི་མེད་པ་དགོས་རེད་མ་གཏོགས།"
424331,426670,2339,"རི་ཁྲོད་དེ་ལ་ཏིང་ངེ་འཛིན་བསྒོམ་དགོས་རེད།"
426670,428740,2070,"དེ་མི་མང་གི་འདུ་ལོང་ཡོད་ས།"
428740,431030,2290,"རྐུ་འཕྲོག་བཅོམ་ཆེ་ས་ཞིག་ཡོད་ན་"
431030,434300,3270,"ཆོས་དང་མི་མཐུན་པ་རེད་དེ་ལྟ་བུ་དབེན་ཞིང༌།"
434300,439870,5570,"མཚན་ཉིད་ཚང་ཟེར་ན་དེ་བསམ་གཏན་ངལ་གསོ་ནས་གསུངས་པ་བཞིན།"
439870,442990,3120,"དགུན་ཁ་ཡིན་ན་ནགས་ཚལ་གསེབ་དྲོ་ཡི་རེད།"
442990,447260,4270,"དཔྱིད་ཀ་ཡིན་ན་གཉིད་མང་པོ་ཁུག་ཡོང་དུས་རིའི་རྩེ་དང༌།"
447260,449130,1870,"གངས་ཁྲོད་ལ་བསྒོམ་ན་ཡག་པོ་ཡོད་ས།"
449130,451740,2610,"དབྱར་ཁ་ཡིན་ན་ཚ་བ་ཆུང་ས།"
451740,454780,3040,"གངས་རིའི་རྩེ་ལ་སོགས་པ་བསྒོམ་ན་ཡག་པོ་ཡོད་ས།"
454780,458510,3730,"སྟོན་ཁ་ཡིན་ན་ནམ་མཁའ་མཐོང་ཆེ་ས་བསྒོམ་ན་ཡག་པོ་ཡོད་ས་"
458510,460260,1750,"དེ་ལྟ་བུའི་མཚན་ཉིད་ཚང་བ་དང༌།"
460260,463940,3680,"དེ་ནས་གུ་རུ་རིན་པོ་ཆེ་དང་གྲུབ་ཐོབ་གོང་མ་རྣམས་ཀྱིས་ཞབས་ཀྱིས་བཅགས་ཏེ་"
463940,465997,2057,"བྱིན་གྱིས་བརླབས་པའི་གནས་དང་ནི།"
465997,469020,3023,"དེ་ནས་གནས་དེའི་ནང་དམ་ཚིག་ཉམས་ཆག་མང་པོ་བསགས་བཞག་རྒྱུ་ཡོད་ན་"
469020,472420,3400,"དེས་ཉམས་གྲིབ་ཀྱི་སྒོ་ནས་རང་ལ་ཉམས་རྟོགས་མི་སྐྱེ།"
472420,474560,2140,"དམ་ཅན་སྲུང་མའང་དེ་ན་འདུ་ཡི་མ་རེད།"
474560,477380,2820,"དེ་ནས་གྲུབ་ཐོབ་གོང་མས་བྱིན་གྱིས་བརླབས་པ་ཉམས་གྲིབ་མེད་པ་ཡིན་ན་"
477380,481150,3770,"ལྷ་དང་མཁའ་འགྲོ་ཐམས་ཅད་དེ་ན་འདུ་བར་ཆད་བསལ་བ་དང་ནི།"
481150,484390,3240,"དེ་ནས་རྣམ་གཡེང་དང་འདུ་འཛི་རྐྱེན་རྣམས་མེད་པ་ཟེར།"
484390,486651,2261,"རྣམ་གཡེང་མང་ཚར་ན་དེ་ལ་ཡེངས་འགྲོ་ཡི་རེད།"
486651,490560,3909,"དེ་ཡོན་བདག་མང་པོ་བསྟེན་ས་འདྲ་དང་འོང་ས་ཡིན་ན་མགོ་གཡེང་འཁོར་འགྲོ་རྒྱུ་རེད་དུས་"
490560,492310,1750,"རྐྱེན་རྣམས་མེད་པ་དང༌།"
492310,496250,3940,"རང་གི་འཚོ་བ་ཡོ་བྱད་ཐམས་ཅད་མཐའ་གཉིས་སུ་མ་ལྷུང་བ་ཟེར།"
496250,500144,3894,"ཧ་ཅང་འབྱོར་བ་རྒྱ་ཆེན་པོ་བླ་ཆེན་དང་གཙོ་ཆེན་ལྟ་བུ་རེད་སོང་ན།"
500144,502680,2536,"དེ་ཡོ་ལང་བྱེད་བསྡད་དུས་ཆོས་དེ་ན་བཤོལ།"
502680,507500,4820,"ཧ་ཅང་མེད་མཁན་རྗེ་བཙུན་མི་ལ་དུས་ཚོད་ལྟ་བུ་འགྱུར་བ་དཀའ་མོ་རེད་དུས།"
507500,513238,5738,"འདོད་པ་བསོད་སྙོམས་དང༌། འཚོ་བ་སྤངས་པའི་མཐའ་གཉིས་མེད་པའི་ཡོ་བྱད་བསྒྲུབ་པར་སླ་བ་དང༌།"
513238,515880,2642,"མི་རྐུན་མ་ལ་སོགས་པའི་འཚེ་བ་མེད་པ་དང༌།"
515880,519107,3227,"མི་མ་ཡིན་ནག་ཕྱོགས་ཡོད་པའི་བར་ཆད་མེད་པ་ལྟ་བུའོ།"
519107,521498,2391,"(4)  །དེ་ནས་མཐུན་རྐྱེན་སྒྲུབ་པའི་ཆོས་དྲུག་ནི། །"
521498,525520,4022,"བཟའ་བཏུང་འཚོ་བ་མཐའ་གཉིས་མ་ལྷུང་དང༌། །དགོས་པའི་མཆོད་རྫས་སྒྲུབ་རྫས་ཚོགས་པ་དང༌། །"
525520,529360,3840,"ཟབ་མོའི་གདམས་ངག་དཔེ་ཆ་ཚང་བ་དང༌། །བར་ཆད་བཟློག་པའི་རྟེན་འབྲེལ་མཐུན་རྫས་དང༌། །"
529360,535550,6190,"གང་དགོས་ཡན་ལག་ཚགས་སུ་ཚུད་པ་དང༌། །ནོར་རྫས་མང་པོའི་སྐྱེད་འབྲེལ་མེད་པའོ། །"
535550,539280,3730,"གསུངས་དུས། ད་རི་ཁྲོད་ལ་བསྡད་ཚར་ནས་མཐུན་རྐྱེན་ཚོགས་དགོས་མ་གཏོགས།"
539280,544660,5380,"མཐུན་རྐྱེན་མེད་ན་ཉམས་རྟོགས་ཀྱི་གདེང་ཐོབ་པ་ཡིན་ན་འགལ་རྐྱེན་ཡོད་ནའང་ཉམས་རྟོགས་ཀྱི་བོགས་འདོན་འགྲོ་རེད།"
544660,546470,1810,"དེ་མིན་ལས་དང་པོ་པ་ཡིན་ན།"
546470,551410,4940,"དཔེར་ན་རྩྭ་སྐམ་པོ་ནང་མེ་མཆེད་པ་ལྟ་བུ་རེད་མཐུན་རྐྱེན་ཡོད་དགོས་རེད།"
551410,552795,1385,"མཐུན་རྐྱེན་གང་འདྲའི་རེད་ཟེར་ན།"
552795,555630,2835,"ད་ལྟ་ཞུས་པ་བཞིན་དུ་བཟའ་བཏུང་འཚོ་བ་ཡིན་ན་"
555630,561907,6277,"ཧ་ཅང་རྒྱས་ཆེ་ནའང་མི་དྲག་དཔོན་དྲག་གི་ཟ་མ་འདོན་གྱི་མ་རེད་དུས་དེ་ལྟ་བུ་མིན་པ་དང༌།"
561907,564922,3015,"ཧ་ཅང་བཟའ་རྒྱུ་མེད་མཁན་རེད་སོང་ན་ལྟོགས་ཏེ་ཐལ་སོང་ན།"
564922,568038,3116,"རྙེད་དཀའ་འཇིག་སླའི་ལུས་པོ་འདི། །ཟས་དང་འཕྲད་པའི་སྐུ་ཁམས་བཟང༌། །"
568038,570794,2756,"ང་ཚོ་འདོད་ཁམས་པ་ལྟ་བུ་འཚོ་བ་ལ་བརྟེན་ཡོད་རེད་དུས།"
570794,573090,2296,"སྤྱིར་མེད་པ་ཡང་མ་ཡིན།"
573090,577140,4050,"དེ་ནས་རི་ཁྲོད་དབེན་པའི་གནས་སུ་སྡོད་པ་དེས་སྨན་རཀ་དང་བསང་ལ་སོགས་པ་"
577140,582585,5445,"རང་གིས་ཡི་དམ་ལྷ་གང་བསྒྲུབ་ན་དེ་ལ་དགོས་པའི་མཆོད་རྫས་ཐམས་ཅད་དང་"
582585,584617,2032,"སྒྲུབ་རྫས་མ་ལུས་པ་ཚོགས་པ་དང༌།"
584617,589470,4853,"དེ་ནས་དེའི་ནང་ནས་ཀྱང་གནད་ཆེ་བ་ཟབ་མོའི་གདམས་ངག་བསྐྱེད་རིམ་རྫོགས་རིམ་ཅི་ཡིན་ན་"
589470,594910,5440,"དེ་ཐམས་ཅད་ཀྱི་དཔེ་ཆ་གེགས་སེལ་བོགས་འདོན་སྒྲོ་འདོགས་ཆོད་དེ་ཡོད་པ་ཚང་བ་དང༌།"
594910,598209,3299,"རྫས་ལས་དགྲ་བཟློག་པ་བྱ་བའི་ཆེད་དུ་མཚོན་ཆ།"
598209,602800,4591,"ནད་བཟློག་པར་བྱ་བའི་ཆེད་དུ་སྨན་དེ་ལ་སོགས་པ་བར་ཆད་བཟློག་པ་དང༌།"
602800,607030,4230,"མི་མ་ཡིན་གྱིས་བར་ཆད་འབྱུང་ན་རྡོ་རྗེ་ཕུར་བུ་སྒོམ་བཟླས་ལ་སོགས་པ་"
607030,609460,2430,"རྟེན་འབྲེལ་མཐུན་རྫས་ཐམས་ཅད་ཚོགས་པ།"
609460,613445,3985,"དེ་ནས་རང་ལ་དགོས་རྫས་ཀྱི་ཡན་ལག་གོས་ཟས་ཐམས་ཅད་མ་ཚང་ནས་བཟུང་སྟེ་"
613445,616681,3236,"ཡང་རི་ཁྲོད་བསྡད་ཚར་དུས་སྒྲུབ་པའི་དམ་བཅའ་ཤོར་འོང་རྒྱུ་རེད་དུས།"
616681,619080,2399,"གང་དགོས་ཡོ་བྱད་ཚགས་སུ་ཚུད་པ།"
619080,621715,2635,"དེ་ནས་ནོར་བུ་ལོན་མང་པོ་གཏང་རྒྱུ་དྲན་རྒྱུ་དང༌།"
621715,625070,3355,"དེ་ནས་སྔོན་སོང་བག་ཆགས་ཀྱི་རྗེས་དཔྱོད་དེ་ཚོང་ཁང་བཟུང་རྒྱུ་ལ་སོགས་པ་"
625070,626700,1630,"ནོར་རྫས་མང་པོ་སྐྱེད་འབྲེལ་ཡོད་ན་"
626700,630400,3700,"འཁོར་བ་འཁྱམས་འགྲོ་རྒྱུ་རེད་དུས་སྐྱེད་འབྲེལ་མེད་པ་དགོས་པ་ཡིན།"
630400,632210,1810,"(5)  །དེ་ནས་གྲོགས་མཆོག་མཐུན་པའི་ཆོས་དྲུག་ནི། །"
632210,636410,4200,"རིགས་རྒྱུད་བཟང་ཞིང་ངང་རྒྱུད་དུལ་བ་དང༌། །དད་དང་བརྩོན་འགྲུས་ཤེས་རབ་ཆེ་བ་དང༌། །"
636410,640290,3880,"ཉམས་ལེན་མཐུན་ཞིང་འགྲོགས་ན་བདེ་བ་དང༌། །ང་རྒྱལ་ཆུང་ཞིང་དབང་པོ་དུལ་བ་དང༌། །"
640290,645970,5680,"དམ་ཚིག་གཙང་ཞིང་དག་སྣང་ཆེ་བ་དང༌། །བརྩེ་གདུང་ཆེ་ཞིང་ཟབ་མོའི་གསང་ཐུབ་བསྟེན། །"
645970,647430,1460,"ཞེས་པའི་སྒོ་ནས་བསྟན་ཏེ།"
647430,652030,4600,"ད་དེའི་རྗེས་སུ་རི་ཁྲོད་དབེན་པར་བསྡད་ནའང་ཆོས་དང་མཐུན་པའི་གྲོགས་ཡོད་ན།"
652030,654182,2152,"ཆོས་མཐུན་གྲོགས་པོ་དགེ་སྦྱོར་གྱི་རྟེན་ཟེར་རེད།"
654182,657110,2928,"གསུམ་བཞི་ཕན་ཆད་ཆགས་སྡང་གི་རྒྱུ་གསུངས།"
657110,661010,3900,"དཔེར་ན་བུད་མེད་ཀྱི་ལག་པ་ལ་རིན་པོ་ཆེའི་གདུ་བུ་གསུམ་བཞི་ཞིག་ཡོད་ན།"
661010,664080,3070,"ཚུར་བཞག་ནས་བཟུང་སྟེ་གདུ་བུ་གཅིག་གིས་གཅིག་སྐད་མང་པོ་ཡོང་གི་རེད།"
664080,666680,2600,"གདུ་བུ་གཅིག་བཞག་བཞག་ན་སྐད་དེ་འོང་གི་མ་རེད།"
666680,669630,2950,"དཔེ་དེ་བཞིན་དུ་རང་ཉིད་གཅིག་པུ་རི་ཁྲོད་ལ་གནས་ཡོད་ན།"
669630,671720,2090,"རྣམ་གཡེང་དང་འདུ་འཛི་ཡོད་ཀྱི་མ་རེད།"
671720,675950,4230,"ཆོས་དང་མཐུན་པའི་གྲོགས་པོ་གཅིག་ཡོད་ན་ཡང་གེགས་སེལ་བོགས་འདོན་དང༌།"
675950,678500,2550,"བླ་མའི་ཞལ་རྒྱུན་འདྲ་འདྲིས་ཡོད་ན་བོགས་འདོན་གྱི་རེད།"
678500,680210,1710,"དེ་མིན་ན་མི་མང་པོ་ཡོད་ཚར་ན།"
680210,682828,2618,"ཁ་མི་དགེའི་བང་མཛོད་ཉེས་ལྟུང་གི་འབྱུང་སྒོ།"
682828,687285,4457,"སྒྲུབ་རྒྱུ་བསྙེན་སྒྲུབ་ཀྱི་བཟླས་བརྗོད་ཐུག་འོང་ཚེ་སྐད་ཆ་ལ་ཡེང་འགྲོ་ཡི་རེད་དུས།"
687285,692010,4725,"ཆོས་དང་མཐུན་པའི་གྲོགས་དེ་ལ་མི་གཞི་ངན་པ་ཡོད་ན་"
692010,694981,2971,"རྐུ་མ། ཁྲམ་པ། ཟོག་པོའི་རིགས་ཡོད་ན།"
694981,698538,3557,"རང་ཡང་དེའི་རྗེས་སུ་གྲོགས་པོ་འགོས་ཡོང་དུས་རིགས་རྒྱུད་བཟང༌།"
698538,702420,3882,"དེ་ནས་གྲོགས་པོ་དེའང་རྒྱུད་ཞི་ཞིང་འདུལ་བ་ཡོད་དགོས་རེད་དེ་མིན།"
702420,706601,4181,"སྡིག་པ་ཅན་དུག་གི་སྡོང་པོ་ལ། །གང་བསྟེན་བསྟེན་པ་ཀུན་འཆི་ནས་གདའ། །"
706601,710312,3711,"དགེ་བ་ཅན་སྨན་གྱི་སྡོང་པོ་ལ། །གང་བསྟེན་བསྟེན་པ་ཀུན་རྒྱལ་ནས་གདའ། །"
710312,714507,4195,"ཟེར་དུས་ངང་རྒྱུད་ཞི་ཞིང་དུལ་བ་ཡོད་ན་རང་རྒྱུད་ཀྱང་རང་ཤུགས་ཀྱིས་གདུལ་འོང་རྒྱུ་རེད།"
714507,718579,4072,"དེ་ནས་དམ་པའི་ཆོས་ལ་བརྩོན་པ་དེ་ལ་དང་འདོད་ཡིད་ཆེས་ཀྱི་དད་པ་ཡོད་དགོས་རེད།"
718579,723723,5144,"དཀར་པོ་ཆོས་རྣམས་ཀྱི་སྒོ་དེ་དད་པ་རེད་དུས་དད་པ་མེད་ན་ཕན་ཐོགས་རྒྱུ་མ་རེད།"
723723,725856,2133,"དེ་ནས་དད་པ་ཡོད་པ་ཙམ་གྱིས་ཕན་གྱི་མ་རེད་"
725856,729334,3478,"ཆོས་གང་ཉམས་སུ་ལེན་པ་དེ་ལ་བརྩོན་འགྲུས་ཡོད་དགོས་རེད།"
729334,733592,4258,"དཔེར་ན་བདག་ཅག་གི་སྟོན་པ་ཡང་བརྩོན་འགྲུས་ཀྱི་ཕ་རོལ་ཕྱིན་སོང་དུས་"
733592,736186,2594,"བསྐལ་པ་གྲངས་མེད་གསུམ་དུ་ཚོགས་བསགས་བཞག་རྒྱུའི་ནང་ནས་"
736186,742040,5854,"འབྲས་བུ་འཁོར་ལོ་བསྒྱུར་བའི་རྒྱལ་པོ་སྟོང་ཕྲག་གཉིས་ཙམ་ཞིག་སྐུའི་སྐྱེ་བ་བཞེས་རྒྱུ་བཞེས་ལོང་མེད་པ་སངས་རྒྱས་སོང་རེད།"
742040,746316,4276,"རྗེ་བཙུན་མི་ལ་རས་པ་ལྟ་བུ་ཡིན་ན་སྐུ་ཚེ་གཅིག་གིས་ཟུང་འཇུག་གི་གོ་འཕང་བརྙེས་འགྲོ་རྒྱུ།"
746316,748932,2616,"དེ་རྣམས་བརྩོན་འགྲུས་ཀྱིས་གྲོགས་རེད་དུས་བརྩོན་འགྲུས་མེད་ཚར་ན་"
748932,751803,2871,"དམ་པའི་ཆོས་ཀྱི་ཡོན་ཏན་གཏན་ནས་འོང་གི་མ་རེད་"
751803,758164,6361,"བརྩོན་འགྲུས་དང༌། བརྩོན་འགྲུས་ཀྱི་སྟེང་དུ་རང་གི་ཉམས་སུ་ལེན་ཡ་དེ་ལ་ཐོས་བསམ་སྒོམ་གསུམ་གྱི་ཤེས་རབ་ཆེན་པོ་ཞིག་མེད་ནས་བཟུང་སྟེ་"
758164,762102,3938,"དེ་ནས་བླུན་པོ་རྨོངས་པ་ཡིན་ན་དེས་ཕན་རྒྱུ་མ་རེད་དུས་"
762102,769972,7870,"ཤེས་རབ་ཆེ་བ་དང༌། དེ་ནས་ཤེས་རབ་ཆེ་བའི་སྟེང་དུ་ཆོས་མཐུན་པའི་གྲོགས་པོ་ཡོད་ནའང་"
769972,772681,2709,"རང་གི་གདམས་ངག་དང་བླ་མ་གཅིག་དགོས་རྒྱུ་རེད།"
772681,779494,6813,"གདམས་ངག་བླ་མ་མི་གཅིག་པ་ཡོད་ན། ཡང་ཉམས་སུ་ལེན་རྒྱུ་གསང་བ་ཐམས་ཅད་དེ་ལ་ཁྲིད་ལོ་རྒྱུ་མ་རེད་དུས་ཉམས་ལེན་དང་མཐུན།"
779494,784197,4703,"ཆོས་མཐུན་གྱི་གྲོགས་པོ་དེ་དག་དང་ཡུན་རིང་པོ་འགྲོག་ན་བདེ་བ་དང༌།"
784197,790036,5839,"དེ་ལྟ་བུའི་གྲོགས་པོ་དེ་ལ་ང་རྒྱལ་ཡོད་ཉན་མ་རེད།"
790036,793747,3711,"ང་རྒྱལ་ཡོད་པའི་གང་ཟག་དེ་ལ་ཐམས་ཅད་ཀྱིས་མ་དགའ་བ་ལྟ་ཡི་རེད།"
793747,796558,2811,"ང་རྒྱལ་ཆུང་ཞིང་དབང་པོ་ཞི་ཞིང་དུལ་བ།"
796558,800833,4275,"རྣམ་གཡེང་འདུ་འཛི་ལ་དགའ་མཁན་འདྲ།"
800833,803231,2398,"རྩེད་མོ་སྒྲིག་ལམ་མང་པོ་གཞིག་དགོས་མཁན་ཡིན་ན་"
803231,809573,6342,"རང་ལ་དེ་སྐྱོན་འགོས་འོང་དུས་དབང་པོ་དུལ་བ་དང༌། ལྷག་པར་དུ་ཆོས་བརྒྱུད་དམ་ཚིག་གཙང་མ་ཞིག་མེད་ནས་བཟུང་སྟེ།"
809573,812517,2944,"དཔེར་ན་སྦལ་པ་ཞིག་གི་གཟུགས་པོ་ལ་རྨ་རེད་སོང་ན་"
812517,815235,2718,"རྒྱ་མཚོ་ནང་གི་སྦལ་པ་ཐམས་ཅད་ལ་འགོ་འགྲོ་རྒྱུ་རེད།"
815235,820901,5666,"དཔེ་དེ་ལྟ་བུ་དམ་ཚིག་མི་གཙང་བ་གཅིག་ཡོད་ན་དེ་རང་ཤུགས་ཀྱིས་ཐམས་ཅད་དམ་ཚིག་ཉམས་འགྲོ་དུས།"
820901,824399,3498,"འོ་མ་རུལ་བ་ཐིགས་པ་གཅིག་འོ་མ་ཟངས་ཁ་གང་རུལ་འགྲོ་ཡི་རེད།"
824399,828844,4445,"དཔེ་དེ་ལྟ་བུ་དམ་ཚིག་གཙང་བ་དང༌། དམ་ཚིག་ཆོས་དང་བླ་མ་ཐམས་ཅད་"
828844,831027,2183,"དག་སྣང་ཆེན་པོ་དགོས་མ་གཏོགས་པས།"
831027,834588,3561,"སངས་རྒྱས་ནམ་མཁའ་ལ་འཕུར་ཀྱང་དད་པ་མེད་རེད་སོང་ན་ཕན་ཐོགས་མེད་པས།"
834588,840600,6012,"དག་སྣང་ཆེ་བ་དང༌། བླ་མ་དང་ཆོས་གྲོགས་གཅིག་པ་དེ་དང་བླ་མ་དང་དཀྱིལ་འཁོར་གཅིག་ལ་བསྟེན་ཚར་རེད་དུས་"
840600,844446,3846,"ཕ་མ་གཅིག་གི་བུ་བརྒྱུད་ལྟ་བུ་དང་རྡོ་རྗེ་མཆེད་རེད་ཚར་ནས་བཟུང༌།"
844446,850852,6406,"འདི་ནས་སངས་རྒྱས་གོ་འཕང་མ་ཐོབ་བར་དུ་མར་མེ་དང་འོད་ནང་བཞིན་འགྲོགས་དགོས་རེད།"
850852,855860,5008,"དེ་ལྟ་བུ་བརྩེ་གདུང་ཆེ་བ་དང༌། དེ་ནས་ལྟ་སྒོམ་སྤྱོད་གསུམ་ཟབ་མོ་གསང་བ་ཡིན་ན་འདྲ།"
855860,858050,2190,"རང་ལ་ཉམས་དང་རྟོགས་པ་ཡིན་ན་འདྲ།"
858060,860130,2070,"དེ་ཐམས་ཅད་གསང་ཐུབ་དགོས་རྒྱུ་རེད༌། དེ་མིན་"
860140,864050,3910,"ད་ལྟ་དངོས་གྲུབ་ཀྱི་བརྟན་པ་མ་ཐོབ་གོང་ཐམས་ཅད་ཁྱབ་བརྡལ་བྱས་ན།"
864050,870020,5970,"རང་གཞན་ལ་བར་ཆད་དང་གེགས་འོང་རྒྱུ་རེད་དུས་དེ་གསང་ཐུབ་པ་བསྟེན་པར་བྱའོ།"
870020,872090,2070,"(6)  །ཉམས་ལེན་མཐར་ཐུག་དམ་པའི་ཆོས་དྲུག་ནི། །"
872090,876210,4120,"རྒྱབ་བརྟེན་ལུང་སྤྱོད་གཏན་ཚིག་གཏན་ལ་ཕབ། །མན་ངག་གནད་བསྣུན་ས་ལམ་རིམ་པ་རྫོགས། །"
876210,879310,3100,"མཐོ་དམན་ཀུན་འདྲེན་མཐའ་འཛིན་བྲལ་བའོ། །"
879310,884620,5310,"དེ་ནས་ཉམས་སུ་ལེན་པར་བྱེད་པའི་གང་ཟག་དེ་ཆོས་དེ་མཐར་ཕྱིན་དགོས་རེད།"
884620,888370,3750,"མཐར་ཕྱིན་པའི་ཆོས་ལ་གདམས་ངག་རྣམ་པ་དྲུག་ཚང་དགོས་གསུངས།"
888370,896030,7660,"དྲུག་པོ་དེ་གང་རེད་ཟེར་ན། རང་གི་གདམས་ངག་དེ་སངས་རྒྱས་ཀྱི་བཀའ་དང་མི་འགལ་བ།"
896030,899750,3720,"མཁས་པའི་གཏན་ཚིགས་དང་མི་འགལ་བ་ལུང་ཐམས་ཅད་ཤེས་དགོས་རྒྱུ་རེད།"
899750,907780,8030,"དེ་ནས་ཁྱད་པར་དུ་རིགས་པས་བསྒྲུབ་ན་རིགས་པས་བསྒྲུབ་ཆོག་པའི་གྲུབ་ཐོབ་གོང་མའི་ཉམས་མྱོང་མན་ངག་ཚིག་གི་སྒོ་ནས་བསྟན་འོང་དུས།"
907780,910110,2330,"གཏན་ཚིགས་ཀྱི་སྒོ་ནས་གཏན་ལ་ཕབ་པ་དང༌།"
910110,914280,4170,"ཚིག་གསུམ་གནད་དུ་བརྡེག་པ་ཟེར་བ་ལྟ་བུ་མན་ངག་གིས་གནད་དུ་བསྣུན་འོང་ནས་བཟུང་སྟེ།"
914280,919870,5590,"དཔེར་ན་ཕག་པའི་སྣ་ལ་རྒྱུག་པ་ཞིག་གཞུ་བཞག་ན་ལམ་སང་ཁོ་ཁ་ཕར་བསྐོར་འགྲོ་རེད་ཚུར་འོང་མ་རེད།"
919870,922710,2840,"དཔེ་དེ་བཞིན་དུ་ཆགས་སྡང་རྨོངས་གསུམ་གྱི་རྟོག་པ་ཞིག་སྐྱེ་འོང་ན།"
922710,925630,2920,"དེ་ལ་གདམས་ངག་གནད་དུ་བསྣུན་འོང་དུས་"
925630,929770,4140,"ཤིང་སྐམ་ལ་མེ་མཆེད་པ་ལྟ་བུ་ཅན་ཞིག་མ་རེད་ནས་བཟུང་ཕན་རྒྱུ་མ་རེད་དུས།"
929770,931250,1480,"མན་ངག་གནད་དུ་བསྣུན།"
931250,936460,5210,"མན་ངག་གནད་དུ་བསྣུན་པ་དེ་ལ་བརྟེན་ཏེ་རང་གི་རྒྱུད་ལའང་བླ་མས་གསུངས་པའི་གདམས་ངག་དེ་ཉམས་ལེན་བྱེད་དུས།"
936460,942500,6040,"དང་པོ་གོ་བ། དེ་ནས་མྱོང་བ། དེ་ནས་རྟོགས་པའི་སྒོ་ནས་ཡེ་ཤེས་རིམ་བཞིན་དུ་སྐྱེས་ཏེ་"
942500,946850,4350,"གདམས་ངག་ལ་ངེས་ཤེས་སྐྱེ་བཞིན་སྐྱེ་བཞིན་རང་ལ་སྙིང་རུས་ཇེ་ཆེར།"
946850,951370,4520,"བརྩོན་འགྲུས་ཇེ་ཆེར་འགྲོ་རྒྱུ་རེད་དུས་ས་ལམ་རིམ་པ་རྫོགས་པ།"
951370,956600,5230,"རང་གི་རྒྱུད་རྣམ་པར་གྲོལ་ཚར་ནས་བཟུང་སྟེ་མཐོན་པོའི་གང་ཟག་ཡིན་ན་འདྲ།"
956600,958460,1860,"དམའ་མོའི་གང་ཟག་ཡིན་ན་འདྲ།"
958460,963160,4700,"དེ་ཐམས་ཅད་ཐར་པའི་ལམ་ལ་འདྲེན་ཐུབ་བྱེད་ཀྱི་གཞན་ཕན་བསམ་པ་བཟང་པོ་དགོས། དེ་མིན་"
963160,965740,2580,"རང་དོན་ཁོ་ན་ལ་དམིགས་བསྡད་ན་ཡང་"
965740,969640,3900,"བྱང་ཆུབ་སེམས་དཔའི་ལམ་ལ་སླེབ་རྒྱུ་མ་རེད་དུས་ཀུན་འདྲེན་པ་དང༌།"
969640,970900,1260,"གཟུང་འཛིན་བྲལ་བའོ། །"
970900,977740,6840,"དེ་ནས་མཐར་ཐུག་རྟོགས་པ་མངོན་དུ་གྱུར་བའི་ཚེ་ན་རེ་དོགས་ཐམས་ཅད་བྲལ་བའོ།"
977740,980570,2830,"(7)  །སྒྲུབ་པ་བསྲན་ཚུགས་མཐར་ཕྱིན་ཆོས་དྲུག་ནི། །"
980570,984580,4010,"གསོད་ཀྱང་དམ་པའི་ཆོས་ལས་བློ་མི་ལྡོག །ན་ཡང་ལོག་པར་ལྟ་བ་མི་སྐྱེ་ཞིང༌། །"
984580,988370,3790,"དམ་བཅའ་ངོ་སྲུང་བར་ཆོད་ཀྱིས་མི་ཤིགས། །མཉམ་གཞག་མྱོང་བ་རྗེས་ཐོབ་བསྲེ་ནུས་ཤིང༌། །"
988370,992940,4570,"མ་གྲུབ་བར་དུ་བརྩོན་པ་འདོར་མི་བྱེད། །སྤང་གཉེན་ཐུག་ཕྲད་རོ་སྙོམས་ནུས་པའོ། །"
992940,996070,3130,"དེ་ནས་ཉམས་ལེན་བྱེད་འོང་དུས་འགྲུལ་པ་ཞིག་ཡུལ་གཞན་དུ་འགྲོ་སྟེ་ཕྱིན་པ་"
996070,999640,3570,"དཔེར་ན་ཐག་རིང་པོ་སོང་ན་དཀའ་ཚེགས་མང་པོ་འོང་གི་རེད།"
999640,1003020,3380,"འོང་ནའང་བཟོད་བསྲན་ཆེ་ན་གང་དུ་འདོད་པའི་གནས་དེ་ལ་ཕྱིན་འགྲོ་རེད།"
1003020,1006890,3870,"དཔེ་དེ་བཞིན་དུ་དམ་པའི་ཆོས་ལ་ཐོས་བསམ་སྒོམ་གསུམ་གང་བྱས་ན།"
1006890,1011840,4950,"དེ་ནས་ན་ཚ་གདོན་བགེགས་བར་ཆད་ཅི་འབྱུང་ན་དེས་དབང་དུ་མི་གཏོང་བ་མཐར་ཕྱིན་པ་དགོས་རྒྱུ་རེད།"
1011840,1014910,3070,"མཐར་ཕྱིན་པའི་ཆོས་དྲུག་དེ་གང་རེད་ཟེར་ན།"
1014910,1022580,7670,"རང་གི་བླ་མ་དང་གདམས་ངག་དེ་དེ་ལྟ་བུ་དང༌། བློས་མ་བཏང་ན་ཁྱོད་གསོད་ཀྱི་ཡིན། བློས་གཏང་ན་གསོད་ཀྱི་མེད་ཟེར།"
1022580,1027870,5290,"གསད་རྒྱུ་རག་ལས་རྣམ་རྟོག་མེད་པ་ཅན་ཞིག །གསོད་ཀྱང་དམ་པའི་ཆོས་ལས་བློ་མི་ལྡོག་པ་དེ་ལྟ་བུ་དང༌།"
1027870,1032850,4980,"ཡུན་རིང་པོ་ལ་གདམས་ངག་ཉམས་སུ་ལོངས། བླ་མས་ཞལ་ནས་"
1032850,1041990,9140,"་་་"
1041990,1043950,1960,"ཞི་རྒྱས་དབང་དྲག་གི་མཛད་པ་ཅི་མཛད་ནའང་"
1043950,1049400,5450,"རྗེ་བཙུན་མི་ལས་ལྷོ་བྲག་མར་པ་ལ་སྐྱོན་མི་ལྟ་བ་ལྟ་བུ་ལོག་ལྟ་མི་སྐྱེ་བ་ཞིག་དགོས་ཀྱི་རེད།"
1049400,1053090,3690,"དེ་ཡིན་དུས་དྲན་རྒྱུ་མང་པོ་ལོག་པར་ལྟ་བ་མི་སྐྱེ་བ།"
1053090,1057240,4150,"དེ་ནས་རང་གིས་ཆོས་འདི་ལྟ་བུ་བསྒྲུབ་ཟེར་དམ་བཅའ་བྱས་ཚར་ནས་བཟུང༌།"
1057240,1063240,6000,"དེ་ནས་དམ་བཅའ་དེ་ལུས་དང་སྲོག་ལ་འབབ་ནའང་མི་གཏོང་ཟེར་བ་མ་གཏོགས།"
1063240,1066920,3680,"ཡང་ཡོན་བདག་ངོ་ཆེན་པོ་ལ་སོགས་པ་སྒོ་དྲུང་དུ་འོང་དུས་"
1066920,1072930,6010,"ནང་ལ་འབོད་བཞག་ན་དམ་བཅའ་ཤོར་འགྲོ་རེད་དུས་བར་ཆད་མང་པོ་རེད་འགྲོ་དུས་བར་ཆད་ཀྱིས་མི་ཚུགས་པ།"
1072930,1075450,2520,"མཉམ་བཞག་གི་ཉམས་ལེན་རྗེས་ཐོབ་ལ་བསྲེ་དགོས།"
1075450,1080580,5130,"དེ་མིན་མཉམ་བཞག་སྐབས་སུ་ཉམས་མྱོང་ཏོག་ཙམ་ཡོད་ན་ཡང་རྗེས་ཐོབ་སྐབས་རྣམ་གཡེང་རེད་སོང་ན།"
1080580,1084580,4000,"མཉམ་བཞག་དེ་ཕ་བརླག་འགྲོ་རྒྱུ་རེད་མ་གཏོགས་བསྲེ་རྒྱུ་མ་རེད།"
1084580,1089020,4440,"རྗེས་ཐོབ་ཀྱི་ཉམས་མྱོང་དེ་རྗེས་ཐོབ་ཐ་མལ་དུ་མ་བཞུགས་པ་ཞིག་བྱས་ན་"
1089020,1091490,2470,"མཉམ་བཞག་གི་ཏིང་ངེ་འཛིན་རྒྱུད་ལ་སྐྱེ་འོང་ནས་བཟུང་སྟེ།"
1091490,1096320,4830,"བོགས་འཐོན་འོང་རྒྱུ་རེད་མ་གཏོགས། མཉམ་བཞག་གི་ཉམས་མྱོང་རྗེས་ཐོབ་ལ་བསྲེས་མ་ནུས་ན་"
1096320,1099940,3620,"ཚེ་འདི་དང་ཕྱི་མ་ཉམས་ལེན་གཅིག་ཀྱང་བསྲེ་ནུས་ཀྱི་མ་རེད།"
1099940,1103890,3950,"མཉམ་བཞག་ཉམས་མྱོང་རྗེས་ཐོབ་ལ་བསྲེས་ཚུགས་མཉམ་པར་བཞག་ཚར་ནས་"
1103890,1107070,3180,"རྗེས་ཐོབ་གཅིག་ཀྱང་གོ་མ་ཆོད་པ་ཞིག་ཡིན་རྒྱུ་མ་རེད།"
1107070,1110350,3280,"རྗེས་ཐོབ་སྐབས་ལ་མཉམ་བཞག་གི་ཉམས་མྱོང་མ་འདྲ་ཞིག་ཡོད་ན།"
1110350,1114290,3940,"དཔེར་ན་འདི་རིང་གི་མཉམ་བཞག་གི་ཉམས་མྱོང་དེ་ད་ལྟ་རྗེས་ཐོབ་སྐབས་ལ་"
1114290,1119930,5640,"མཉམ་བཞག་གི་ཉམས་མྱོང་ཡེངས་མ་ཤོར་བ་འཁྲུལ་མ་ཤོར་བ་ཞིག་བྱས་ན།"
1119930,1124170,4240,"དོ་དགོང་ཐུན་བསྡམ་འོང་ནས་བཟུང་སྟེ་མཉམ་བཞག་ཉམས་མྱོང་བོགས་ཐོན་བསྡད་ཡོད་རྒྱུ་རེད་"
1124170,1126570,2400,"དེ་ལྟ་བུ་བསྲེས་ནུས་པ་དང༌།"
1126570,1131300,4730,"ལྷག་པའི་ལྷ་ཞིག་བསྒྲུབ་ནའང་དེ་ལྷག་པའི་ལྷ་དེ་མངོན་སུམ་གྱིས་མ་བསྒྲུབས་ཀྱི་བར་དུ་"
1131300,1136920,5620,"བློས་མི་གཏོང་བསམ་སྟེ་ལྷ་དང་སྔགས་ཏིང་ངེ་འཛིན་རྩེ་གཅིག་ཏུ་བརྩོན་དགོས་མ་གཏོགས།"
1136920,1140010,3090,"ཡང་ཞག་མ་ཁ་ཤས་རེ་བསྒྲུབས་་རྟགས་མིན་འདུག་བསམ་སྟེ་ཕ་གཡུག །"
1140010,1142280,2270,"ཡང་གསར་པ་ཞིག་སྒྲུབ་དེ་འདྲ་བྱས་ན།"
1142280,1150750,8470,"ཕན་རྒྱུ་མ་རེད་དུས་མ་བསྒྲུབས་བར་དུ་བརྩོན་པ་སྙིང་ནས་དོར་བར་མི་བྱེད་པ་དང༌།"
1150750,1155010,4260,"སྤང་བྱ་ཉོན་མོངས་པ་གང་འབྱུང་ནའང་དེ་ལ་གཉེན་པོ་དེ་མ་ཐག་ཏུ་བྱེད་དགོས་སོ། །"
1155010,1159820,4810,"དཔེར་ན་ནད་རླུང་མཁྲིས་བད་ཀན་གང་ན་འོང་ན་དེ་སྨན་དེ་མ་ཐག་ཏུ་མེད་ནས་བཟུང་སྟེ་"
1159820,1161060,1240,"ནད་དེས་འཆི་འགྲོ་རྒྱུ་རེད།"
1161060,1165930,4870,"དཔེ་དེ་བཞིན་དུ་ཉོན་མོངས་གང་སྐྱེ་ནའང་གཉེན་པོ་དེ་མ་ཐག་ཏུ་སླེབ་པ་བྱས་ན།"
1165930,1168000,2070,"སྤང་བྱ་དེ་གཉེན་པོས་འདེད་འོང་དུས་"
1168000,1175050,7050,"སྤང་བྱ་སྤོང་འགྲོ་དུས་བཟུང་སྟེ། དེ་ཡང་ནས་ཡང་དུ་བྱས་ན་སྤང་བྱ་གཅིག་ཉིད་གཉེན་པོས་ཐུབ་སོང་ན་"
1175050,1179170,4120,"མི་སྐྱེའི་གདེང་ཡོད་དུས་ཡང་ནས་ཡང་དུ་བསྟེན་ཐུབ་རྒྱུ་རེད།"
1179170,1182310,3140,"ཆོས་པ་ཟེར་མཁན་འདི་སྐྱིད་སྡུག་ཐམས་ཅད་རོ་སྙོམས་དགོས་རེད།"
1182310,1185120,2810,"དེ་མིན་སྐྱིད་པོ་ཁོ་ནའི་སྒོ་ནས་ཆོས་བསྒྲུབ་རྒྱུ་དཀའ་རྒྱུ་རེད།"
1185120,1191940,6820,"ཆོས་པ་དེ་དང་པོ་སྡུག་གིས་འགོ་བཟུང་ལྟོ་གོས་དཀའ་སྤྱད་ངལ་དུབ་ཉམས་རྟོགས་སྐྱེ་དཀའ་བ་མང་པོ་འོང༌།"
1191940,1195710,3770,"དེ་ནས་སྐྱིད་ཀྱིས་མཐའ་འབུད་དེ་ཉམས་ལེན་མཐའ་འཁྱོལ་རོ་སྙོམས་ནུས་པའོ།"
1195710,1197610,1900,"(8)  །དེ་ནས་བསམ་པར་བྱེད་པའི་ཆོས་དྲུག་ནི། །"
1197610,1201580,3970,"ལེ་ལན་ཐམས་ཅད་རང་ལས་བྱུང་བ་དང༌། །སྡུག་བསྔལ་ཐམས་ཅད་སྔོན་གྱི་ལས་ལས་བྱུང༌། །"
1201580,1205780,4200,"སྔོན་ལས་དེ་ཡང་འཕྲལ་གྱི་རྐྱེན་ལས་བྱུང༌། །རྐྱེན་ངན་རང་གི་ཀུན་རྟོག་གཡོ་ལས་བྱུང༌། །"
1205780,1211290,5510,"དེ་ཡང་འཁྲུལ་པའི་ཡུལ་ཕྱིར་འབྲེངས་ལས་བྱུང༌། །དེ་ཡིས་ཐར་ལམ་སྒྲིབ་པ་བསམ་པའོ། །"
1211290,1216180,4890,"དེ་ནས་ཉམས་ལེན་ཡུན་རིང་པོ་ཞིག་བྱས་ན་བསམ་རྒྱུ་ཆོས་དྲུག་ཡོད་དགོས།"
1216180,1217580,1400,"ཆོས་དྲུག་གང་རེད་ཟེར་ན།"
1217580,1222640,5060,"མི་འདོད་པ་ཞིག་འབྱུང་ན་དེ་ཐམས་ཅད་རང་ཚུར་སྐྱོན་ལ་བསྐྱལ་དགོས་སོ། །"
1222640,1225980,3340,"ཅི་ཁང་པ་ཡིས་མི་འཕྲོད་ཟེར་མཁན་དང༌། ས་གཞི་མི་འཕྲོད་ཟེར་མཁན་དང༌།"
1225980,1229490,3510,"ལྟོ་ཡིས་མི་འཕྲོད་ཟེར་ཆོས་བློས་བཏང་བཞག་ན་ཕན་ཐོགས་ཡོད་རྒྱུ་མ་རེད་དུས།"
1229490,1233290,3800,"ན་ཚ་སྡུག་བསྔལ་འབྱུང་ན་རང་གི་སྐྱེ་བ་སྔོན་མའི་ལས་རེད་བསམ།"
1233290,1236630,3340,"ཉམས་དང་རྟོགས་པ་མ་སྐྱེས་ནའང་རང་གི་སྒྲིབ་པ་རེད་བསམ།"
1236630,1239380,2750,"གཞན་ཕན་གྱི་བསམ་པ་བཟང་པོ་རྒྱུད་ལ་སྐྱེས་མ་ཐུབ་ནའང་"
1239380,1242930,3550,"རང་འདོད་ཡིད་བྱེད་ཀྱི་བློ་ངན་འདིས་ཕུང་སོང་རེད་བསམ་"
1242930,1246140,3210,"སྐྱོན་ཐམས་ཅད་རང་གི་ཐོག་ཏུ་བསྐྱལ་དགོས་པ་དང་ནི།"
1246140,1253340,7200,"རང་ལ་ན་ཚ། གཏམ་ངན། མི་ཁ་ཕུང་ཆོས་ལ་སོགས་པ་སྡུག་བསྔལ་ཅི་འབྱུང་ནའང་དེ་ཐམས་ཅད།"
1253340,1258970,5630,"ང་ཆོས་སྒྲུབ་དཀོན་མཆོག་ལ་བློ་གཏད་པ་ཞིག་དེ་འདྲ་འོང་མི་འོས་མི་རུང་བསམ་རྒྱུ་ཡོད་ཀྱི་མ་རེད།"
1258970,1262660,3690,"སྐྱེ་བ་སྔ་མ་སེམས་ཅན་གཞན་ལ་གནོད་པ་བྱས་པའི་ལས་ངན་མང་པོ་བསགས་བཞག་རྒྱུ་"
1262660,1264910,2250,"དེའི་འབྲས་བུ་རང་ལ་སྨིན་འོང་རྒྱུ་རེད།"
1264910,1266810,1900,"རང་གི་སྔོན་གྱི་ལས་ལས་བྱུང་བ་རེད།"
1266810,1270560,3750,"སེམས་ཅན་འདི་ལྟ་བུ་སྡུག་བསྔལ་མྱོང་བ་ཐམས་ཅད་ན་ནའང་"
1270560,1274560,4000,"རང་ན་རྒྱུའི་སྡུག་བསྔལ་འདིས་སེམས་ཅན་ཐམས་ཅད་ཀྱི་ན་གོ་ཆོད་པ།"
1274560,1276960,2400,"དེ་ནས་ཆོས་ལ་རྐྱེན་ངན་བར་ཆད་འབྱུང་ནའང་"
1276960,1281740,4780,"སེམས་ཅན་ཆོས་ལ་བར་ཆད་བྱུང་བ་དེ་ཐམས་ཅད་རང་གི་བར་ཆད་འོང་བ་འདིས་གོ་ཆོད་པ་ཤོག་"
1281740,1283880,2140,"བསམ་སྔོན་ལས་ཀྱི་བཤགས་པ།"
1283880,1287930,4050,"སྔོན་གྱི་ལས་དེ་འང་དཔེར་ན་ད་ལྟ་རང་ལ་ཟག་བཅས་ཀྱི་ཕུང་པོ་དེ་དང་གཅིག །"
1287930,1290210,2280,"སྐྱེ་བ་སྔ་མ་ལས་ངན་གཉིས་བསགས་བཞག་རྒྱུ།"
1290210,1295680,5470,"དཔེར་ན་མེ་དང་གཅིག །ཤིང་སྐམ་པོ་གཉིས་སྡོམ་འོང་ན་མེ་བསྲེག་བཞག་ན་མེ་མཆེད་འོང་རྒྱུ་རེད།"
1295680,1298050,2370,"འཕྲལ་གྱི་རྐྱེན་ལས་འབྱུང་འོང་རྒྱུ་རེད།"
1298050,1304440,6390,"འཕྲལ་གྱི་རྐྱེན་བཟང་པོ་ཟས་གོས་ནོར་ལོངས་སྤྱོད་ལ་སོགས་པ་བདེ་སྐྱིད་ཡན་ཆད།"
1304440,1312170,7730,"རྐྱེན་ངན་པའི་སྒོ་ནས་མི་ཁ་གཏམ་ངན་སོགས་དེ་ཐམས་ཅད་བཟང་རྐྱེན་ངན་རྐྱེན་གཉིས་ཀ་ལམ་དུ་འཁྱེར་ཐུབ་སོང་ན་"
1312170,1314460,2290,"དཔེར་ན་ཤིང་ནགས་ཆེན་པོ་ཞིག་ལ་མེ་འབར་སོང་ན་"
1314460,1318270,3810,"རླུང་ཆེན་པོ་ཞིག་ཡོང་ན་མེ་ཡར་འབར་གྱི་རེད་མ་གཏོགས་རླུང་མརགསོད་ཀྱི་མ་རེད།"
1318270,1321750,3480,"དཔེ་དེ་བཞིན་དུ་བཟུང་སྟེ་བཟང་པོའི་རྐྱེན་དུ་རྒྱུ་ནོར་ལོངས་སྤྱོད་འབྱུང་ནའང་"
1321750,1323230,1480,"དེ་ལ་ཞེན་ཆགས་མེད་པ་བྱས།"
1323230,1326700,3470,"ཕུད་ཐམས་ཅད་བླ་མ་དཀོན་མཆོག་ལ་མཆོད་དེ་འདྲ་བྱེད་རྒྱུ་མ་གཏོགས།"
1326700,1329640,2940,"དེ་ཡིན་པ་ལྟ་བུ་བཟང་པོའི་རྐྱེན་ཐོབ་གོ་ས་མཐོན་པོ།"
1329640,1333900,4260,"སྙན་པ་གྲགས་པ་ཆེན་པོ་དེ་འདྲ་འབྱུང་ན་དེ་ལ་ང་རྒྱལ་དང་རློམ་སེམས་བྱས་ན་"
1333900,1336050,2150,"དེ་རྐྱེན་གྱིས་བར་ཆད་མང་པོ་རེད་འགྲོ་རེད།"
1336050,1339680,3630,"ངན་པའི་རྐྱེན་ན་ཚ་གདོན་བགེགས་མི་འདོད་པ་འབྱུང་ན།"
1339680,1342200,2520,"རང་ད་ལྟ་རྐྱེན་ལས་བྱུང་བ་རེད་དུས།"
1342200,1345200,3000,"དེ་ཐམས་ཅད་ཀྱི་ལས་ངན་སྡིག་སྒྲིབ་ཐམས་ཅད་དག་པར་ཤོག་ཅིག་"
1345200,1348590,3390,"བསམ་བཟང་རྐྱེན་ངན་རྐྱེན་གཉིས་ཀ་ལམ་དུ་འཁྱེར་དགོས་ཀྱི་རེད།"
1348590,1352820,4230,"དེའི་ནང་ནས་ཆོས་པ་ཏོག་ཙམ་གདེང་ཐོབ་ཡོད་ན་ངན་རྐྱེན་ལམ་དུ་འཁྱེར་ནུས་ཀྱི་རེད།"
1352820,1357580,4760,"བཟང་པོ་འདོད་ཡོན་གྱི་གཡེང་བ་དང༌། ཁ་ཟས་ལྟོ་གོས་ཀྱི་ཆགས་པ་ལམ་དུ་འཁྱེར་དཀའ་བ་ཡོད་དུས་"
1357580,1359180,1600,"ཞེན་ཆགས་མེད་པ་ཞིག་ཡོད་ན།"
1359180,1361420,2240,"དེ་རེད་དུས་རྐྱེན་ལས་བྱུང་བ་དང༌།"
1361420,1363540,2120,"རྐྱེན་ངན་པ་དེའང་ཅི་རེད་ཟེར་ན།"
1363540,1367580,4040,"རང་འཁྲུལ་པའི་རྣམ་རྟོག་མང་པོ་ཡོད་པ་འདིས་འོང་གི་རེད་དུས།"
1367580,1371160,3580,"འཁྲུལ་པའི་རྣམ་རྟོག་མེད་ཚར་ན་གཏན་ནས་བར་ཆད་འོང་རྒྱུ་ཡོད་རྒྱུ་མ་རེད།"
1371160,1376330,5170,"རང་ཉོན་མོངས་འདོད་ཆགས་ག་ཚོད་ཞིག་ཡོད་ན་ཕྱི་རོལ་མོ་འདྲེའི་གནོད་པ་དེ་ཚད་ཆེ་ཡི་རེད།"
1376330,1379670,3340,"ཞེ་སྡང་ག་ཚོད་ཆེ་ན་རྒྱལ་འགོང་གི་གནོད་པ་དེ་ཚད་ཆེ་ཡི་རེད།"
1379670,1383480,3810,"ཕྲག་དོག་ག་ཚོད་ཆེ་ན་སྡེ་བརྒྱད་ཀྱི་གནོད་པ་དེ་ཚད་ཆེ་ཡི་རེད་དུས་"
1383480,1386510,3030,"དེ་གནོད་པ་ཐམས་ཅད་རང་གི་སེམས་ལས་འབྱུང་བ་ཤེས།"
1386510,1391460,4950,"སེམས་འདི་ཡང་ནས་ཡང་དུ་དུལ་ཐུབ་ན་ལྷ་འདྲེ་གཞན་དག་གིས་གཏན་ནས་གནོད་པ་ཡོད་རྒྱུ་མ་རེད་དུས་"
1391460,1393560,2100,"གཡོ་བ་ལས་བྱུང༌།"
1393560,1396750,3190,"དེ་ཀུན་རྟོག་འཁྲུལ་པའི་གཡོ་བ་དེའང་ཅི་རེད་ཟེར་ན།"
1396750,1399800,3050,"འཁྲུལ་པའི་བྱ་བ་འཇིག་རྟེན་འཁོར་བའི་བྱ་བ་བདེན་པ་མེད་པ།"
1399800,1403740,3940,"སྒྱུ་མ་དང་རྨི་ལམ་ལྟ་བུ་འདི་བདེན་པ་ཡིན། རྨི་ལམ་མིན་བསམ།"
1403740,1408760,5020,"ད་ལྟ་ཤི་ནད་ཕོག་ཡོད་ནའང་ད་རུང་ཡུན་རིང་པོ་བསྡད་རྒྱུའི་སྣང་བ་ཤར་བསྡད་རྒྱུ་དེ་"
1408760,1411270,2510,"འཆི་བ་མི་རྟག་པ་དེ་རྒྱུད་ལ་མ་སྐྱེས་པའི་སྐྱོན་རེད།"
1411270,1415770,4500,"དེ་དམ་པའི་ཆོས་ག་ཚོད་ཐོས་ནའང་ཁམས་གསུམ་འཁོར་བའི་བདེ་སྐྱིད་ལ་སེམས་ཆགས་ཏེ།"
1415770,1418400,2630,"ངེས་འབྱུང་གི་བསམ་པ་གཏན་ནས་མ་སྐྱེས་པའི་རྟགས་རེད་དུས།"
1418400,1423670,5270,"དེ་ཐམས་ཅད་ཡུལ་གྱི་ཕྱིར་འབྲེངས་ངེས་དེའི་སྐྱོན་ཐམས་ཅད་སླར་མ་ཐུབ་ན།"
1423670,1426250,2580,"དེས་ཐར་པ་བྱང་ཆུབ་ལམ་ལ་སྒྲིབ་པ་ཡིན།"
1426250,1430020,3770,"སྒྲིབ་པ་དེ་ཐམས་ཅད་ཆེ་ཐུབ་ཆུང་ཐུབ་སྒོ་ནས་བྱས་ནས་བཟུང་སྟེ་"
1430020,1431850,1830,"དེ་རིམ་པ་བཞིན་དུ་དག་འགྲོ་ཡི་རེད།"
1431850,1433980,2130,"(9)  ཉེས་ཀུན་རང་གིས་བྱས་པའི་ཆོས་དྲུག་ནི། །"
1433980,1439230,5250,"སྐྱེ་ཤིའི་སྡུག་བསྔལ་རང་ལས་བྱུང་བས་ཏེ། །བཙལ་གྱིས་མ་རྙེད་འཚོལ་བའི་སྡུག་བསྔལ་དང༌། །"
1439230,1442900,3670,"འཚོ་སྐྱོང་སྡུག་བསྔལ་རང་གི་ཆེད་ཀར་བྱས། །དགྲ་གཉེན་གཉིས་ལ་ཆགས་སྡང་འཛིན་པ་ཡིས། །"
1442900,1446900,4000,"དགྲ་ཕྲད་གཉེན་བྲལ་སྡུག་བསྔལ་རང་གིས་བྱས། །ངན་སོང་གསུམ་གྱི་སྡུག་བསྔལ་ཆེན་པོ་ཡང༌། །"
1446900,1450730,3830,"གཞན་མིན་རང་གི་ལས་ཀྱིས་བྱས་པའོ། །"
1450730,1455720,4990,"གསུངས་པ་དེ། ད་ཉེས་པ་ཁམས་གསུམ་འཁོར་བའི་གནས་འདི་ལ་ཉེས་པ་གང་ཡོད་པ་དེ་རང་གིས་ཕར་བྱས།"
1455720,1457680,1960,"རང་གིས་རང་ཚུར་བརླགས།"
1457680,1463020,5340,"རང་འཁྲུལ་སོང་བ་དཔེར་ན་མི་སྨྱོན་པ་ཞིག་ཡོད་ན་སྨྱོན་པ་དེ་དགུན་ཁ་ཆུ་འཁྱག་པོའི་ནང་དུ་འགྲོ།"
1463020,1465160,2140,"དབྱར་ཁ་ཚ་བའི་ནང་དུ་འཇུག །"
1465160,1467350,2190,"རང་གི་གཟུགས་པོ་ལ་སྡུག་བསྔལ་འོང་བ་ཤེས་ཀྱི་མ་རེད།"
1467350,1471090,3740,"དཔེ་དེ་བཞིན་དུ་འཕགས་པ་ཞིག་གིས་གཟིགས་ན་ང་ཚོ་སོ་སོ་སྐྱེ་བོ་ཐམས་ཅད་"
1471090,1472740,1650,"རང་གིས་རང་བརླགས་བསྡད་རེད།"
1472740,1475010,2270,"རང་གིས་རང་རླག་བྱེད་ཀྱི་ཆོས་ཤེས་དགོས།"
1475010,1481700,6690,"འདི་གང་རེད་ཟེར་ན། ད་ལྟ་ཁམས་གསུམ་འཁོར་བ་སྡུག་བསྔལ་ཆེ་ཤོས་འདི་སྐྱེ་བ་དང་འཆི་བ་བར་དོ་གསུམ་གྱི་སྡུག་བསྔལ་འདི་རེད།"
1481700,1485010,3310,"སྐྱེ་འཆི་བར་དོ་སྡུག་བསྔལ་དེའང༌། ཤི་བའི་སྡུག་བསྔལ་ཟེར་འགོ་"
1485010,1487380,2370,"དཔོན་པོ་ཆེན་པོ་ཁྲིམས་གཏང་རྒྱུ་འདྲ་གང་ཡང་ཡོད་མ་རེད།"
1487380,1490380,3000,"རང་གི་ཟག་བཅས་ཀྱི་ལུས་འདི་ཁམས་གསུམ་འཁོར་བ་ལ་བྱིང་འོང་དུས་"
1490380,1492710,2330,"དེ་ནས་སྐྱེ་ཤིའི་སྡུག་བསྔལ་མྱོང་འོང་རྒྱུ་རེད།"
1492710,1497950,5240,"སྐྱེ་བ་དང་འཆི་བའི་སྡུག་བསྔལ་ཐམས་ཅད་རང་ཁམས་གསུམ་འཁོར་བ་ལ་འཁྲུལ་བ་འདི་ལས་བྱུང་བ་ཡིན་ཟེར།"
1497950,1503090,5140,"དེ་ནས་འཁྲུལ་པའི་ངོ་བོ་དེ་ཡང་ནས་ཡང་དུ་བསམ་བཞག་ན།"
1503090,1507950,4860,"འཁྲུལ་པ་ཟེར་མཁན་དེ་སྐྱེ་བ་འཆི་བ་བར་དོའི་སྡུག་བསྔལ་ཐམས་ཅད་འཁྲུལ་པའི་རྣམ་རྟོག་ལས་བྱུང༌།"
1507950,1509450,1500,"རྣམ་རྟོག་དེ་ཕར་དཔྱད་བཞག་ན་"
1509450,1511370,1920,"རྣམ་རྟོག་དེ་ཉིད་ཐོག་མར་སྐྱེ་བ་མེད།"
1511370,1512460,1090,"བར་དུ་གནས་པ་མེད།"
1512460,1514640,2180,"མཐར་འགག་པ་མེད་པ་ཞིག་རེད་སོང་དུས།"
1514640,1520640,6000,"དེ་མ་རེད་པ་ཉོན་མོངས་དུག་ལྔ་འདི་འདྲེས་སོང་བའི་རྣམ་རྟོག་རྒྱུན་ཆད་མེད་པ་རང་ལ་བྱུང་བསྡད་དུས་"
1520640,1525930,5290,"རང་ལའང་སྡུག་བསྔལ་རྒྱུན་ཆད་མེད་པ་ཞིག་དུས་རྟག་པར་འོང་བསྡད་རྒྱུ་དེ་རེད།"
1525930,1529490,3560,"ལོངས་སྤྱོད་ག་ཚོད་ཆེ་ནའང་ཆོག་ཤེས་གཏན་ནས་ཡོད་རྒྱུ་མ་རེད།"
1529490,1531510,2020,"འཁོར་ལོ་བསྒྱུར་བའི་རྒྱལ་པོ་ཞིག་ལ་སྐྱེས་སོང་ན།"
1531510,1535580,4070,"ད་རུང་དེ་ལས་མང་ཙམ་དེ་ལས་ལྷག་ཙམ་བསམ་རྒྱུ་རེད།"
1535580,1539720,4140,"ནོར་དང་ལོངས་སྤྱོད་འདི་དང་པོ་གསོག་མི་ཐུབ་པའི་སྡུག་བསྔལ།"
1539720,1541350,1630,"བར་དུ་སྲུང་མི་ཐུབ་པའི་སྡུག་བསྔལ།"
1541350,1543910,2560,"ཐ་མ་གཞན་གྱིས་བརླག་འགྲོ་བའི་སྡུག་བསྔལ།"
1543910,1548180,4270,"གང་ལ་དབང་ཡོད་དེ་ལ་སྡིག་པ་ཡོད། །གང་ལ་ནོར་ཡོད་དེ་ལ་སྡུག་བསྔལ་ཡོད། །"
1548180,1551180,3000,"ཟེར་མཁན་འདི་ཀུན་བཟང་བླ་མའི་ཞལ་ལུང་ལ་སོགས་པ་ནས།"
1551180,1553420,2240,"རྒྱུ་རྟ་ཞིག་ཡོད་ན་སྡུག་བསྔལ་རྟ་ཙམ།"
1553420,1556960,3540,"རྒྱུ་བྱ་ཞིག་ཡོད་ན་སྡུག་བསྔལ་བྱ་གཅིག་གསུངས་རྒྱུ་འདི་རེད།"
1556960,1559270,2310,"འདི་སྡུག་བསྔལ་ཐམས་ཅད་རང་གིས་བསྒྲུབས་བསྡད་རེད་མ་གཏོགས།"
1559270,1563230,3960,"རྟ་དེ་ཕ་བློས་བཏང་བཞག་ན་སྡུག་བསྔལ་འདི་གཏན་ནས་ཡོད་རྒྱུ་མ་རེད།"
1563230,1569550,6320,"ད་ལྟ་རང་གི་ལུས་ངག་ཡིད་གསུམ་དུ་བདེ་སྐྱིད་ལ་གནོད་པ་བྱས་པ་དེ་དགྲ་བོ་ཡིན་པ།"
1569550,1573610,4060,"དེ་ལ་ཞེ་སྡང་སྐྱེ། དགྲ་དེ་ལ་གནོད་པ་ག་ཚོད་ཐུབ་ཐུབ་བྱས་ན།"
1573610,1575480,1870,"ད་ལྟ་ལས་ངན་མང་པོ་ཞིག་བསགས་བསྡད་དུས།"
1575480,1579270,3790,"སྐྱེ་བ་ཕྱི་མ་དམྱལ་བའི་སྡུག་བསྔལ་མྱོང་རྒྱུ་རེད་མ་གཏོགས་གཏན་ནས་ཡོད་རྒྱུ་མ་རེད།"
1579270,1583510,4240,"ཕ་མ་དང་སྤུན་མཆེད་ལ་སོགས་པ་གཉེན་ཐམས་ཅད་ལའང་རང་གིས་ཕན་པ་བྱེད་དགོས་བསམ།"
1583510,1584800,1290,"དེའི་དོན་དུ་སྡིག་པ་བྱས།"
1584800,1589630,4830,"སྲོག་གཅོད། ཚོང་བྱས་དེ་བྱས་ན་དེའི་སྡུག་བསྔལ་དེ་རང་གི་སྟེང་དུ་ཚུར་སྨིན་འོང་རྒྱུ་མ་གཏོགས།"
1589630,1594550,4920,"ངས་དེ་ཕ་མའི་ཆེད་དུ་བྱས་བཞག་རྒྱུ་ཡིན་སྡིག་པ་ཕ་མའི་སྒོ་ཁ་བསྐྱལ་རྒྱུ་ཡོད་རྒྱུ་མ་རེད།"
1594550,1597260,2710,"དེ་ཕྱིར་ན་དེ་དགྲ་ལ་སྡང་སེམས་སྐྱེས།"
1597260,1600420,3160,"གཉེན་ལ་ཆགས་སེམས་སྐྱེས་པ་འདིའང་སེམས་ལ་འཛིན་རྟོག་ཞིག་ཡོད་མ་གཏོགས།"
1600420,1604390,3970,"འཛིན་རྟོག་ཐམས་ཅད་སྤང་བཞག་ན་སྟོང་ཉིད་མངོན་སུམ་དུ་རྟོགས་པའི་འཕགས་པ་རྣམས་"
1604390,1606850,2460,"གཡས་ནས་ཙན་དན་ལྡེའུས་བསྙེན་བཀུར་བྱས་པ་དང༌།"
1606850,1611800,4950,"གཡོན་ནས་དགྲ་མི་ཤ་བོས་སྟ་རེས་སྐུ་ལུས་གཞོག་པ་གཉིས་ཆགས་སྡང་གི་བློ་གཏན་ནས་མེད་ཅེས་"
1611800,1612800,1000,"སངས་རྒྱས་ཀྱིས་གསུངས་རེད།"
1612800,1617950,5150,"དཔེ་དེ་ལྟ་བུ་མ་རེད་བར་དུ་ཆགས་སྡང་གི་བློ་འདིས་གནོད་པ་བསྐྱལ་རྒྱུ་རེད་དུས་"
1617950,1620500,2550,"དེ་ལ་ཆགས་སྡང་གི་འཛིན་པ་སྤོང་དགོས་རེད་མ་གཏོགས།"
1620500,1623370,2870,"དགྲ་སྡང་བ་དང་འཕྲད་འོང་རྒྱུ་རེད་བསམ་དོགས་པ་བྱས།"
1623370,1627220,3850,"གཉེན་བྱམས་པ་དང་འབྲལ་འགྲོ་རྒྱུ་རེད་བསམ་སྡུག་བསྔལ་མང་པོ་བྱས།"
1627220,1630220,3000,"དེ་ཐམས་ཅད་རང་གི་དགྲ་གཉེན་གཉིས་ཀྱི་འཛིན་པ་ཡོད་དུས།"
1630220,1632560,2340,"དགྲ་འཕྲད་གཉེན་འབྲལ་བའི་སྡུག་བསྔལ་འདི་དག་དངོས་སུ་བྱུང༌།"
1632560,1637760,5200,"དགྲ་གཉེན་གྱི་འཛིན་པ་མེད་ན་དགྲ་འཕྲད་གཉེན་འབྲལ་བའི་སྡུག་བསྔལ་གཏན་ནས་འོང་རྒྱུ་མ་རེད།"
1637760,1642600,4840,"དེ་མ་ཚད་པ་དམྱལ་བ་ལ་ཚ་གྲང་གི་སྡུག་བསྔལ། ཡི་དྭགས་ལ་བཀྲེས་སྐོམ་གྱི་སྡུག་བསྔལ།"
1642600,1649110,6510,"དུད་འགྲོ་ལ་བཀོལ་སྤྱོད་སྡུག་བསྔལ་གསུམ་གྱི་སྡུག་བསྔལ་ཆེན་པོ་དེ་ཡང་རང་གི་ལས་ཞེ་སྡང་བརྟེན་ཏེ་"
1649110,1651830,2720,"དམྱལ་བ། འདོད་ཆགས་ལ་བརྟེན་ཏེ་ཡི་དྭགས།"
1651830,1653980,2150,"གཏི་མུག་ལ་བརྟེན་ཏེ་དུད་འགྲོ་འོང་དུས།"
1653980,1657920,3940,"དེ་མ་ཡིན་པ་གཞན་གྱིས་ཚུར་ཁུར་བསྐྱལ་འོང་རྒྱུ་རྒྱལ་པོའི་ཁྲིམས་བཏང་བ་མ་རེད་དུས།"
1657920,1660430,2510,"ལེ་ལན་ཐམས་ཅད་རང་ལ་གདའ་ཐུབ་པ་"
1660430,1663900,3470,"བཀའ་གདམས་པ་དགེ་བའི་བཤེས་གཉེན་གྱིས་བློ་སྦྱོང་དོན་བདུན་མ་ལས་གསུངས་པ་ལྟར།"
1663900,1668570,4670,"ཉེས་པ་ཐམས་ཅད་རང་ལ་གདའ་ཚུལ་ཤེས་ནས་རང་གི་སྐྱོན་ཡིན་པ་ཤེས་དགོས༌།"
1668570,1670890,2320,"(10)  ཉེས་སྣང་ངན་རྟོག་འཁྲུལ་པའི་ཆོས་དྲུག་ནི། །"
1670890,1679850,8960,"རང་སེམས་མ་ཐུལ་གནོད་བྱེད་ཟད་མེད་དང༌། །གནོད་བྱེད་སྣང་བ་རང་སྣང་མ་དག་དང༌། །"
1679850,1684860,5010,"གྲགས་སྟོང་སྒྲ་ལ་རང་གར་རྗེས་གཅོད་དང༌། །རང་ཡན་སེམས་ལ་དགག་སྒྲུབ་འཛིན་པ་དང༌། །"
1684860,1689750,4890,"བདེ་སྡུག་ངེས་མེད་ངེས་པར་འཛིན་པ་དང༌། ཁོང་ཁྲོ་འཁོན་ངན་རང་རྒྱུད་སྲེག་པའོ། །"
1689750,1697210,7460,"ད་ཕྱི་རོལ་གྱི་ཉེས་པའི་སྣང་བ་དེ་ཐམས་ཅད་རང་གི་ནང་ནས་ངན་པའི་རྟོག་པ་རྣམ་རྟོག་འཁྲུལ་པ་འདིས་"
1697210,1699080,1870,"བཟོ་འོང་རྒྱུ་ཆོས་དྲུག་ཡོད།"
1699080,1701080,2000,"དེའི་གནད་འདི་ཤེས་དགོས། གང་རེད་ཟེར་ན།"
1701080,1703020,1940,"རང་གི་སེམས་འདི་དུལ་ཚར་ནས་བཟུང་སྟེ།"
1703020,1708210,5190,"རྣལ་འབྱོར་པ་སྐྱིད་སྡུག་ལམ་དུ་ཁྱེར་བ་ལྟ་བུ་རེད།"
1708210,1710820,2610,"རང་གི་སེམས་འདི་མ་འདུལ་ནས་བཟུང་སྟེ།"
1710820,1715270,4450,"དགྲ་སྡང་ལས་ཀྱི་འཁྲུལ་སྣང་ཡིན་པ་ལ། །ཞེ་སྡང་གདུག་སེམས་ཕྱུངས་ཤིག་དིང་རི་བ། །ཟེར་"
1715270,1721100,5830,"རང་གི་སེམས་ཞེ་སྡང་ཐུལ་མ་ཐུབ་ནས་བཟུང་སྟེ་ཕྱི་གནོད་བྱེད་ཀྱི་དགྲ་ལ་ཟད་མཐའ་གཏན་ནས་ཡོད་མ་རེད།"
1721100,1725010,3910,"དགྲ་བོ་གཅིག་ཡོད། གཉིས་ཡོད། མང་དུ་མང་དུ་འགྲོ་ཡ་མ་གཏོགས་ཡོད་མ་རེད།"
1725010,1728140,3130,"དངོས་སུ་མི་ཡིས་གནོད་པ་ཡིན་ན་འདྲ།"
1728140,1730650,2510,"མི་མ་ཡིན་ལྷ་གདོན་གནོད་པ་ཡིན་ན་འདྲ།"
1730650,1735130,4480,"དེ་ཐམས་ཅད་རང་སྣང་མ་དག་པ་དབང་གིས་ཡིན་མ་གཏོགས་རང་གི་སྣང་བ་དག་ཚར་ནས་བཟུང་སྟེ།"
1735130,1738930,3800,"དེ་གནོད་བྱེད་འདྲེ་གདོན་ཟེར་རྒྱུ་དེ་གཏན་ནས་ཡོད་རྒྱུ་མ་རེད་དུས།"
1738930,1742030,3100,"དེ་ལྟ་བུ་རང་སྣང་མ་དག་པའི་སྐྱོན་ཡིན་པ་ཤེས་དགོས།"
1742030,1746780,4750,"སྙན་པ་གྲགས་པ་ལ་སོགས་པ་དེ་དག་ཐམས་ཅད་ལ་ཡང་རེད་རྒྱུ་སྟོང་པ་ཉིད་ཀྱི་སྒྲ་རེད།"
1746780,1750520,3740,"དཔེར་ན་པི་ཝང་སྙན་པོ་ཞིག་གྲགས་འོང་ན་དེ་ལ་སྙིང་པོ་གང་ཡང་ཡོད་ཀྱི་མ་རེད།"
1750520,1756640,6120,"དཔེ་དེ་བཞིན་དུ་ཁྱེད་མཁས་པ་རེད། ཁྱེད་གྲུབ་ཐོབ་རེད། ཁྱེད་བླ་མ་རེད་ཟེར་སྙན་པའི་སྒྲ་དེ་ལ་ང་རྒྱལ་སྐྱེ་ན་"
1756640,1759330,2690,"རང་གི་རྒྱུད་ཕུང་བྱེད་མ་གཏོགས་ཡོད་རྒྱུ་མ་རེད།"
1759330,1763910,4580,"དེའི་ཕྱིར་ན་སྙན་གྲགས་ཏོག་ཙམ་འཐོབ་འོང་ན། ང་འདིའི་ཆེས་ཙམ་དགོས།"
1763910,1766450,2540,"རྙེད་བཀུར་ཏོག་ཙམ་འཐོབ་འོང་ན། དེ་བས་མང་ཙམ་དགོས་བསམ་"
1766450,1768020,1570,"དེའི་རྗེས་ལ་འཇུག་འགྲོ་བསྡད་ཀྱི་ཡོད་དུས།"
1768020,1771020,3000,"ཆུའི་གཉེར་མ་དེད་བསྡད་ན་རྗེས་ཆོད་རྒྱུ་ཡོད་མ་རེད།"
1771020,1775020,4000,"དེ་ལྟ་བུ་གྲགས་སྟོང་གི་རང་སྒྲ་ལ་རང་གར་རྗེས་གཅོད་པ་མི་ཉན།"
1775020,1779460,4440,"དེ་ནས་རང་གི་སེམས་འདི་ག་ཚོད་སྐྱག་ལང་གཏང་བཞག་ན་སྤྲེའུ་དང་པུ་གུ་གཅིག་པ་ཡིན་རྒྱུ་རེད་དུས།"
1779460,1781970,2510,"སེམས་ལ་ཆོག་ཤེས་པའི་དུས་གཏན་ནས་ཡོད་རྒྱུ་མ་རེད།"
1781970,1785170,3200,"ལྷག་པར་དུའང༌། འདོད་པའི་ཁམས་ནི་ཁྱི་དང་འདྲ་ཟེར།"
1785170,1788470,3300,"ང་ཚོ་འདོད་ཁམས་པའི་ཁམས་སྐྱེས་པའི་མི་ལ་ཆོག་ཤེས་གཏན་ནས་ཡོད་རྒྱུ་མ་རེད།"
1788470,1793530,5060,"ཆོག་ཤེས་མེད་པ་དེ་ལ་བརྟེན་ཏེ། དེ་ནས་འགལ་རྐྱེན་མི་མཐུན་པའི་ཕྱོགས།"
1793530,1798070,4540,"མ་རྙེད་པ། མི་སྙན་པ་གྲགས་པ་ལ་སོགས་པ་ཐམས་ཅད་དགག་དགོས་རེད།"
1798070,1801490,3420,"བཟང་པོའི་རྙེད་པ་བཀུར་སྟི་སྙན་པ་གྲགས་པ་ཚུར་བསྒྲུབ་དགོས་རྒྱུ་རེད།"
1801490,1806930,5440,"དེ་སྒྲུབ་བསྡད་ནས་བཟུང༌། བྱ་བྱེད་བྱིས་པའི་རྩེད་མོ་འདྲ། །བྱས་ན་མི་ཟིན་བཞག་ན་ཟིན། །ཟེར་རྒྱུ་དེ་རེད།"
1806930,1809200,2270,"དེ་རང་གི་སེམས་སྐྱག་ལང་བཏང་བཞག་རྒྱུ་དེ་རེད། དེ་མིན་"
1809200,1814010,4810,"རང་གི་སེམས་དྲན་པ་ཤེས་བཞིན་བག་ཡོད་ཀྱི་སྒོ་ནས་དབང་དུ་བསྡུ་བཞག་ན་"
1814010,1821320,7310,"དགག་སྒྲུབ་ཀྱི་འཛིན་པ་དེ་རང་ཤུགས་ཀྱིས་མེད་འགྲོ་རྒྱུ་རེད་དུས་དེ་ལྟ་བུ་འགྱུར་པ་དང༌།"
1821320,1826820,5500,"རང་གི་ད་ལྟ་ལུས་སེམས་བདེ་བ་བྱས་བསྡད་ཡོད་ན་ཚེ་གཅིག་ལ་བསྡད་འོང་ངེས་པ་ཡོད་རྒྱུ་མ་རེད།"
1826820,1831760,4940,"ད་ལྟ་ལུས་སེམས་སྡུག་བསྔལ་ཞིག་ཡོད་ནའང་ཚེ་གཅིག་མནར་བའི་ངེས་པ་མིན་པ་རེད།"
1831760,1836070,4310,"ད་ལྟ་ལུས་སེམས་ཏོག་ཙམ་བདེ་ཡོང་ན། དེ་བཞིན་དུ་བསྡད་དགོས་མཁན་སྐབས་སུ་ནོར་བསགས།"
1836070,1840750,4680,"ཚོང་བྱས། ཆགས་སྡང་རྨོངས་གསུམ་མང་པོ་བྱས་ན།"
1840750,1844860,4110,"དེའི་རྣམ་སྨིན་ཆེ་ཐག་ཆོད་ཡོད་དུས་བདེ་བ་ལ་དབང་བའི་ཤེས་རྒྱུ་མ་རེད།"
1844860,1847660,2800,"དཔེར་ན་རྒྱལ་པོ་ཐམས་ཅད་དཔུང་རོགས་ཀྱི་བྱ་བ་ལ་བརྩོན་འགྲོ་དུས་"
1847660,1850940,3280,"ཐ་ཀ་རྒྱལ་སྲིད་དགྲ་ལ་སོགས་པས་བརླག་འགྲོ་རྒྱུ་དེ་འདྲ་རེད།"
1850940,1854400,3460,"འཇིག་རྟེན་གྱི་ཁམས་ཐམས་ཅད་ན་སྐྱེས་པའི་མཐའ་མ་འཆི།"
1854400,1856500,2100,"མཐོ་བའི་མཐའ་མ་ན་ལྷུང༌།"
1856500,1859540,3040,"འདུས་པའི་མཐའ་མ་འབྲལ། བསགས་པའི་མཐའ་མ་ནི་ཟད་ཟེར་དུས།"
1859540,1862250,2710,"སྡུག་བསྔལ་མང་པོས་མནར་བསྡད་རྒྱུ་གང་ཟག་ཐམས་ཅད་ཀྱང༌།"
1862250,1865280,3030,"སྔོན་གྱི་རྒྱལ་བ་གོང་མ་རྗེ་བཙུན་མི་ལ་རས་པ་ལྟ་བུ་"
1865280,1869130,3850,"མི་ཁ་གཏམ་ངན་གྱིས་སྡུག་བསྔལ་འོང་དུས་དེ་དང་ཆོས་ཕྲད་སོང་རྒྱུ་ལྟ་བུ་དང༌།"
1869130,1871710,2580,"ངེས་འབྱུང་སྐྱོ་ཤེས་སྐྱེས་སོང་རྒྱུ་རེད་རྒྱུ་རེད།"
1871710,1880400,8690,"བདེ་སྡུག་མཐར་ཐུག་ཡུན་རིང་པོ་རྟག་པ་ཅན་ཞིག་འོང་རྒྱུ་ཡོད་བསམ་འཛིན་པ་ཞུགས་སོང་ན།"
1880400,1884600,4200,"དེ་རང་གིས་རང་བསླུ་འགྲོ་རྒྱུ་རེད་དུས་བདེ་སྡུག་གཉིས་འཛིན་པ་མེད་པ་དང་ནི།"
1884600,1888300,3700,"ཕ་རོལ་པོ་གཅིག་གིས་རྒྱུན་དུ་གནོད་པ་ཞིག་བྱེད་འོང་ན་དེ་འཁོན་ལ་བཟུང་སྟེ།"
1888300,1891240,2940,"ངས་ལོ་འདི་ལོ་མ་ཐུབ་ན། ཟླ་བ་འདི་ནང་ཨེ་ཐུབ།"
1891240,1894650,3410,"ཟླ་བ་འདི་ནང་མ་ཐུབ་ན་ཚེ་འདིའི་སྟེང་དུ་ཨེ་ཐུབ་བལྟ་བསམ་"
1894650,1897990,3340,"འཁོན་ངན་པ་ཞིག་སྐྱེ་ན་རང་གི་རྒྱུད་ཉོན་མོངས་ཀྱིས་བསྲེག་རེད་མ་གཏོགས་"
1897990,1902050,4060,"ཕ་རོལ་གྱི་དགྲ་ཐུབ་པའི་དུས་ཡོད་རྒྱུ་མ་རེད་དེ་སྲེག་པར་འགྱུར་བའོ།"
1902050,1904010,1960,"(11)  །འཁྲུལ་སྣང་བཟློག་པ་དོན་ཆེན་ཆོས་དྲུག་ནི། །"
1904010,1908960,4950,"གནོད་ལ་བཟོད་བྱ་སྙིང་རྗེ་བསྐྱེད་པ་དང༌། །འདྲེར་རྟོག་མི་གཟུང་ཕ་མ་ལྷར་ཤེས་དང༌། །"
1908960,1912690,3730,"འཁྲུལ་པར་ཞེན་ལ་བདེན་མེད་རྩལ་སྦྱང་དང༌། །འཁྲུལ་རྩ་སེམས་ཀྱི་རྩ་བ་བཅད་པ་དང༌། །"
1912690,1916950,4260,"གང་སྣང་རྐྱེན་རྣམས་ལམ་དུ་བསྒྱུར་བ་དང༌། །ཐ་མལ་མ་ཡེངས་གཉེན་པོ་བསྟེན་པའོ། །"
1916950,1922440,5490,"གསུངས་ནས་བཟུང་སྟེ། ད་འཁྲུལ་པའི་སྣང་བ་དེ་ལྟ་བུ་རང་གིས་རང་ཕུང་བཞག་རྒྱུ་དེ་ཕར་བཟློག་པའི་ཐབས་དེ་"
1922440,1924570,2130,"དོན་ཆེན་པོ་རྣམ་པ་དྲུག་ཡོད།"
1924570,1929814,5244,"དོན་ཆེན་པོ་རྣམ་པ་དྲུག་དེ་གང་ཡིན་ཟེར་ན།"
1929814,1937850,8036,"དགྲ་བོས་རང་ལ་གནོད་པ་བྱས་པ་དེ་ལ་ཕར་འཁོན་ལན་སྒོ་ནས་དགྲ་ལན་སྤྲད་དགོས་མི་བསམ་པར།"
1937850,1943310,5460,"བཟོད་པ་ག་ཚོད་བསྒོམ་ཐུབ་ན་དེ་ལ་བརྟེན་ནས་ཞེ་སྡང་ལས་ཀྱི་འཁྲུལ་སྣང་རྣམ་པར་དག་འགྲོ་དུས།"
1943310,1944570,1260,"ཀུན་མཁྱེན་འཇིགས་མེད་གླིང་པས།"
1944570,1948840,4270,"དགྲས་ལོག་སྒྲུབ་བྱས་ཀྱང་ཐུགས་དམ་གྱི་བོགས་འདོན། གཏམ་མ་ཉེས་ཁ་ཡོག་དགེ་སྐུལ་གྱི་ལྕག་འདེབས། །"
1948840,1950780,1940,"དེ་ཆགས་ཞེན་འཇིག་པའི་བླ་མ་རུ་འདུག་པས།"
1950780,1953100,2320,"ཁོའི་དྲིན་ལན་འཁོར་ཐབས་མེད་པ་རུ་གཟིགས་མཛོད། །"
1953100,1956850,3750,"བྱམས་སྙིང་རྗེ་ཡོད་པའི་གང་ཟག་ཅིག་ཡོད་ན་དགྲ་བོ་ག་ཚད་མང་ན་"
1956850,1960580,3730,"ཚོགས་གཉིས་རྫོགས་པའི་རྒྱུ་མ་གཏོགས། ཞེ་སྡང་སྐྱེ་རྒྱུ་མ་རེད་དུས་"
1960580,1962350,1770,"དེས་བཟོད་པ་སྒོམས་ཤོག་གསུངས་ལེ་རེད།"
1962350,1965310,2960,"ང་ལ་རྒྱལ་འགོང་གིས་གནོད་འོང་རེད། ང་ལ་དམ་སྲི་ཡིས་གནོད་འོང་རེད།"
1965310,1968500,3190,"ང་ལ་གཅིག་གིས་གནོད་ཡོད་ཟེར་འདྲེར་རྟོག་འདི་ཐམས་ཅད།"
1968500,1972960,4460,"འདྲེ་འདྲེ་རུ་མ་བཟུང་བ་འདྲེ་དེ་དག་ཐམས་ཅད་ལ་ཕན་སེམས་དང་སྙིང་རྗེ་ཡག་པོ་བསྒོམ།"
1972960,1975360,2400,"ལུས་ཀྱི་སྦྱིན་པ་གཏང༌།"
1975360,1977960,2600,"དེ་དག་ཐམས་ཅད་ཕ་མའི་འདུ་ཤེས་བཞག་སྟེ།"
1977960,1982390,4430,"བརྩེ་བ་སྙིང་རྗེ་ཆེན་པོ་བྱས་ན་འདྲེ་ཁ་སྙིང་རྗེས་གནོན་ཟེར་རྒྱུ་དེ་རེད་དུས་"
1982390,1986000,3610,"ལྷ་རུ་ཤེས་ཏེ་གདོན་གྱི་གནོད་པ་མེད་འགྲོ་བ།"
1986000,1990540,4540,"བཟང་ངན་གྱི་འཁྲུལ་པ་འདི་ཐམས་ཅད་བདེན་པ་ཞེན་པ་ཡིན་ཏེ་འཁྲུལ་གཞི་འདི་བྱས་བསྡད་ན།"
1990540,1993430,2890,"བདེན་ཞེན་གྱི་དབང་གིས་ད་ལྟ་ཕུང་བསྡད་རེད།"
1993430,1997380,3950,"བསྟོད་པ་དང་སྙན་པ་འབྱུང་ནའང་སྒྱུ་མ་དང་རྨི་ལམ་ལྟ་བུ་བྱས།"
1997380,2000220,2840,"རྙེད་པ་དང་བཀུར་སྟི་འབྱུང་ན་ཡང་ཚོགས་གཉིས་བསག་པ་དང༌།"
2000220,2003550,3330,"སྒྱུ་མ་དང་རྨི་ལམ་ལྟ་བུ་ཞེན་ཆགས་མེད་པ་རྩལ་སྦྱོང་ན་"
2003550,2005770,2220,"དེ་འཁྲུལ་པའི་རྟོག་པ་ག་ཚོད་མང་ནའང༌།"
2005770,2011120,5350,"དཔེར་ན་དབྱར་ཁ་ཆར་ཆུ་རྒྱས་འོང་དུས་རྩི་ཤིང་ལོ་འདབ་རྒྱས་པ་ལྟ་བུ་"
2011120,2013620,2500,"འཁྲུལ་སྣང་ཐམས་ཅད་བདེན་མེད་སྒྱུ་མ་ལྟ་བུ་ཤེས་ན།"
2013620,2016420,2800,"ཉམས་རྟོགས་ཀྱི་རྩལ་སྦྱོང་རང་ཤུགས་ཀྱིས་རེད་འགྲོ།"
2016420,2019150,2730,"དེ་ནས་འཁྲུལ་པའི་རྩ་བ་གང་རེད་ཟེར་ན། སེམས་རེད།"
2019150,2021610,2460,"སེམས་ཀྱི་རྩ་བ་གང་རེད་ཟེར་ན་སྟོང་ཉིད་ཡིན་དུས་"
2021610,2023690,2080,"དེ་རྩད་ཆོད་དགོས་རྒྱུ་རེད།"
2023690,2029210,5520,"སེམས་སྟོང་པ་ཉིད་ཀྱི་རྩ་བ་མ་ཆོད་ན་རྣམ་རྟོག་གིས་མགོ་སྐོར་གཏོང་ནས་བཟུང་སྟེ་དེ་ནས་ཤོར་འགྲོ་རེད།"
2029210,2032220,3010,"དེ་ཕྱིར། གང་སྣང་རྐྱེན་སྣང་ལམ་དུ་བསྒྱུར་བ་དང༌། །ཟེར་"
2032220,2035930,3710,"ཆོས་པ་ཟེར་མཁན་འདི་རྐྱེན་ངན་གྲོགས་སུ་འཁྱེར་ཐུབ་བྱེད་དགོས།"
2035930,2038200,2270,"རྐྱེན་ངན་གྲོགས་སུ་འཁྱེར་བྱེད་གང་འདྲའི་དགོས་ཟེར་ན།"
2038200,2044000,5800,"བཟང་པོའི་རྐྱེན་རྙེད་པ་བཀུར་སྟི་འཐོབ་ནའང་ཞེན་པ་དང་ཆགས་པ་མེད་པ་དང༌།"
2044000,2045670,1670,"རྗེས་ནས་འདི་ལྟ་བུ་བསྒྲུབ་དགོས།"
2045670,2047940,2270,"ངས་འདི་ལྟ་བུ་བྱེད་དགོས་འདུག་བསམ་མེད་པ་དང༌།"
2047940,2053200,5260,"ངན་པའི་རྐྱེན་ཁོང་ཁྲོ་དང་ཆགས་སྡང་སྐྱེ་ན། དེ་ལ་བརྟེན་ནས་བཟོད་པ་ཡག་པོ་བསྒོམ།"
2053200,2057540,4340,"ལྟོ་གོས་ལ་སོགས་པ་རྙེད་ནའང་ཚོགས་ཀྱི་འཁོར་ལོ་འགྱུར་བའི་འཚོ་བ་ལ་སོགས་པའི་སྒོ་ནས་"
2057540,2059180,1640,"ཞེན་མེད་ཀྱིས་ལམ་དུ་བྱེད་ཐུབ་ན།"
2059180,2063570,4390,"དེ་ནས་རང་ཤུགས་ཀྱིས་ཐར་པའི་ལམ་དུ་འགྲོ་རྒྱུ་རེད།"
2063570,2066170,2600,"དེ་ནས་དེའི་སྟེང་དུ་དམ་པའི་ཆོས་སྒྲུབ་པའི་གང་ཟག་དེ།"
2066170,2070610,4440,"སྤྱོད་ལམ་ཐ་མལ་ཤོར་བའི་སྒོམ་ཆེན་དེ། །ནམ་ཡང་རང་རྒྱུད་གྲོལ་བའི་དུས་མེད་དེ། །ཟེར་དུས་"
2070610,2075220,4610,"མཉམ་གཞག་རྗེས་ཐོབ་ཀྱི་སྤྱོད་པ་ཐམས་ཅད་ལ་དྲན་པ་ཤེས་བཞིན་གྱིས་རྩིས་ཟིན།"
2075220,2077870,2650,"ཉམས་དང་རྟོགས་པ་རྒྱུད་ལ་སྐྱེད་བྱེད་འགྲོ་དགོས་རེད།"
2077870,2079940,2070,"དེ་མིན་དྲན་པ་དང་ཤེས་བཞིན་གྱིས་རྩིས་མི་ཟིན་ན།"
2079940,2082030,2090,"ལྟར་སྣང་དུང་ཕྱུར་མང་པོ་བཟླས་པ་དང༌།"
2082030,2084530,2500,"མཚམས་ལོ་སྒྲུབ་ཁ་གྲངས་མང་པོ་རྫོགས་སོང༌།"
2084530,2087360,2830,"དཀའ་སྤྱད་སྙིང་རུས་བྱས་རྒྱུའི་ལྟོགས་ཡུས། སྡུག་ཡུས་མང་པོ་བཤད་ན།"
2087360,2092160,4800,"རང་རྒྱུད་ཀྱི་གཉེན་པོས་མ་དུལ་ནས་བཟུང་སྟེ་སླར་ཡང་འཁོར་བ་འཁྱམས་པའི་རྒྱུ་བྱེད་རྒྱུ་རེད།"
2092160,2095490,3330,"དེའི་ཕྱིར་ན་ཐ་མལ་མ་ཡེངས་གཉེན་པོ་བསྟེན་པ་གལ་ཆེ་བ་ཡིན།"
2095490,2097460,1970,"(12)  འཁོར་བའི་རང་རྒྱུད་ཉེན་པོའི་ཆོས་དྲུག་ནི། །"
2097460,2101700,4240,"ལུས་སེམས་སྡུག་བསྔལ་མ་བྲལ་བདེ་བ་མེད། །ཚེ་འདིའི་སྡུག་བསྔལ་བཙལ་བས་འབྲལ་དུས་མེད། །"
2101700,2105931,4231,"རང་ལུས་དབང་མ་ཐོབ་པས་བདེ་དོན་མེད། །"
2105931,2111790,5859,"དར་ལ་སྙུགས་རིང་བདེ་བའི་གོ་སྐབས་མེད། །"
2111790,2114400,2610,"ལས་མ་ཟད་པར་འཁོར་བའི་སྡུག་བསྔལ་ལོ།"
2114400,2118480,4080,"་་་"
2118480,2125540,7060,"ཁམས་གསུམ་འཁོར་བའི་རང་རྒྱུད་གནོད་པ་བསྐྱལ་འོང་རྒྱུ་ཉེན་ཁ་ཆེ་བའི་ཆོས་དྲུག་ཡོད།"
2125540,2130000,4460,"གང་རེད་ཟེར་ན། རང་གི་ལུས་དང་ན་ཚ་དང་སེམས་ལ་སྡུག་བསྔལ་ཡོད་པའི་གང་ཟག་དེ།"
2130000,2132580,2580,"བཟེ་རེ་ཅན་ལ་གནོད་པ་མང༌། །ཟེར་མཁན་དེ་རེད།"
2132580,2134950,2370,"ནམ་ཡང་བདེ་བའི་གོ་སྐབས་ཡོད་རྒྱུ་མ་རེད།"
2134950,2138880,3930,"དེ་ནས་ཚེ་འདིའི་སྡུག་བསྔལ་ཐམས་ཅད་ནད་པ་ཞིག་འཐོན་གྱི་འདུག །"
2138880,2140730,1850,"ནད་མེད་འགྲོ་རྒྱུ་བསམ་རྒྱུ།"
2140730,2145050,4320,"ལོངས་སྤྱོད་ཆེན་པོ་ཡོད་ན་དེ་སྐྱོང་བའི་སྡུག་བསྔལ་ཡོད་ས་མ་རེད་བསམ་དེའི་ཐབས་ལ་བརྩོན་བསྡད་ན།"
2145050,2148820,3770,"ནམ་ཡང་དེ་གྲུབ་པའི་དུས་དང༌། རྫོགས་པའི་དུས་ཡོད་རྒྱུ་མ་རེད་དུས་"
2148820,2150790,1970,"དེའི་ཕྱིར་ན་འབྲལ་བའི་དུས་མེད།"
2150790,2156530,5740,"རང་གི་ལུས་འདི་འབྱུང་བ་བཞི་ལས་གྲུབ་པ་རེད་དུས་གནས་ལུགས་སྒྱུ་མ་དང༌། རྨི་ལམ་ལྟ་བུ་དབང་མ་ཐོབ་ནས་བཟུང་"
2156530,2161420,4890,"དེ་ནས་རང་གི་ལུས་ཞེན་པ་ག་ཚོད་ཆེ་ན་ཞེན་པ་འདིའི་སྒོ་ནས་"
2161420,2165890,4470,"བདེ་བ་དང་ཐར་པ་སྐྱེ་བ་མེད་ཟེར།"
2165890,2171610,5720,"རང་ལ་ནོར་ལོངས་སྤྱོད། ཁ་རྗེ་དབང་ཐང༌། སྙན་པ་གྲགས་པ་སྙུགས་རིང་པོ་ཞིག་ཡོད་ན།"
2171610,2175180,3570,"ལོངས་སྤྱོད་ག་ཚོད་ཆེ་ན་ཡང་སྡུག་བསྔལ་ཡང་དེ་ཚོད་ཆེ་ཡི་རེད༌།"
2175180,2178150,2970,"ཁོལ་མོ་ག་ཚོད་མང་ན་ལས་རྒྱུ་དེ་ཚད་མང་གི་རེད།"
2178150,2182410,4260,"བྱ་བ་ག་ཚོད་མང་སོང་ན་རང་བདེ་བའི་གོ་སྐབས་ཡོད་རྒྱུ་མ་རེད་དུས་དེ་རེད།"
2182410,2186860,4450,"རང་གི་ཟག་བཅས་ཀྱི་ལས་མ་ཟད་བར་དུ་ཁམས་གསུམ་འཁོར་བའི་སྡུག་བསྔལ་འདི་དག་ཐམས་ཅད་"
2186860,2191080,4220,"གཏན་ནས་ཟད་མཐའ་ཡོད་རྒྱུ་མ་རེད་དུས་དེ་ཐམས་ཅད་སྤོང་དགོས་པ་ཡིན།"
2191080,2193120,2040,"(13)  ཅིས་ཀྱང་དགོས་མེད་བསམ་པའི་ཆོས་དྲུག་ནི། །"
2193120,2197480,4360,"ལམ་སྣ་མ་ཟིན་གང་བྱས་དགོས་པ་མེད། །དགེ་བ་མ་བསྒྲུབས་ཅིས་ཀྱང་དགོས་པ་མེད། །"
2197480,2201130,3650,"ཆོས་ལ་མ་སྤྱད་ཚེ་རིང་དགོས་པ་མེད། །ཆོས་མིན་གཞན་གྱིས་ཕན་བཏགས་དགོས་པ་མེད། །"
2201130,2205440,4310,"ཚོགས་གཉིས་མ་བསགས་ཡོ་བྱད་དགོས་པ་མེད། །བྱང་ཆུབ་མ་བསྒྲུབས་ཅིས་ཀྱང་དགོས་མེད་བསམ། །"
2205440,2210230,4790,"གསུངས་རྒྱུ་དེ་ཅིས་ཀྱང་དགོས་པ་མེད་བློས་གཏང་བཞག་རྒྱུ་དགོས་རྒྱུ་ཆོས་དྲུག་ཡོད།"
2210230,2212710,2480,"བློས་གཏང་བཞག་རྒྱུ་ཆོས་དྲུག་གང་ཡིན་ཟེར་ན།"
2212710,2215790,3080,"ཐར་པའི་ལམ་སྣ་ཡང་དག་པ་ཞིག་མ་བཟུང་ནས་བཟུང་སྟེ་"
2215790,2219970,4180,"བྱ་བ་ལས་ཀ་ཅི་བྱས་ནའང་དེ་སྙིང་པོ་གང་ཡང་ཡོད་རྒྱུ་མ་རེད།"
2219970,2225240,5270,"དེ་ང་ཚོ་ཚེ་རབས་ཐོག་མེད་ནས་ད་ལྟ་ཡན་ཆད་དུ་འཁོར་བའི་བྱ་བ་དགྲ་འདུལ། གཉེན་སྐྱོང༌།"
2225240,2230190,4950,"ཆགས་སྡང་བསགས་བསྡད་རྒྱུ་འདིས་གྲུབ་འབྲས་གཏན་ནས་འདོན་མིན་འདུག་བ་དེ་དགོས་པ་ཡོད་རྒྱུ་མ་རེད།"
2230190,2232980,2790,"དགེ་བ་ཡང་དག་པ་ཅན་ཞིག་བསྒྲུབ་མ་ཐུབ་ནས་བཟུང་སྟེ།"
2232980,2236340,3360,"སྡིག་པའི་སྒོ་ནས་ཚོང་བྱས་ཏེ་ཕྱུག་པོ་འབྱུང་ན་འདྲ།"
2236340,2238890,2550,"གོ་ས་མཐོན་པོ་འབྱུང་ན་འདྲ།"
2238890,2245090,6200,"འཁོར་མང་པོའི་བསམ་བློ་ཞིག་ཡོད་ན་ཉིན་ཞིག་དེ་དག་ཐམས་ཅད་དགོས་པ་གཏན་ནས་ཡོད་རྒྱུ་མ་རེད།"
2245090,2248080,2990,"དེ་ནས་དམ་པའི་ཆོས་ལ་སྤྱོད་པའི་གང་ཟག་ཅིག་ཡིན་ན་"
2248080,2252130,4050,"ཚེ་རིང་པོ་བསྡད་ན། ཉི་མ་རེ་རེ་བཞིན་དུ་ཆོས་སྒྲུབ་འགྲོ་རྒྱུ་རེད་མ་གཏོགས་"
2252130,2256520,4390,"ཆོས་མ་བྱས་པའི་སྡིག་པ་དམག་འཁྲུག་མང་པོ་བྱེད་མཁན་ཡིན་ན།"
2256520,2262510,5990,"རྗེ་བཙུན་མི་ལས་ཁྱི་ར་བ་མགོན་པོ་རྡོ་རྗེ་ལ།"
2262510,2265730,3220,"མི་ལུས་རིན་ཆེན་དཀོན་གསུངས་ཏེ། །ཁྱེད་འདྲ་མཐོང་ན་དཀོན་རྒྱུ་མེད། །"
2265730,2272160,6430,"ཚེ་རིང་པོ་ཐུབ་ན་སྡིག་པ་མང་པོ་བྱས་དགོས་པ་གཅིག་ཀྱང་ཡོད་རྒྱུ་མ་རེད།"
2272160,2274440,2280,"དམ་པའི་ཆོས་ཀྱིས་ཕན་ཞིག་བཏགས་འོང་ན་"
2274440,2277940,3500,"གནས་སྐབས་དང་མཐར་ཐུག་གཉིས་ལ་ཕན་ཆེན་པོ་ཐོགས་བསྡད་ཡོད་རེད་མ་གཏོགས།"
2277940,2281220,3280,"གཞན་ནོར་གྱིས་ཕན་བཏགས་ན། ལོངས་སྤྱོད་ཀྱིས་ཕན་བཏགས་ན།"
2281220,2283880,2660,"དབང་ཐང་གིས་ཕན་བཏགས་ན་དགོས་པ་ཡོད་རྒྱུ་མ་རེད།"
2283880,2286400,2520,"འཆི་བའི་ཉིན་ཁ་ལ་དེ་ཕན་པ་མེད།"
2286400,2289290,2890,"བསོད་ནམས་དང་ཡེ་ཤེས་ཀྱི་ཚོགས་གཉིས་མ་བསགས་ནས་བཟུང་སྟེ།"
2289290,2292770,3480,"རྒྱུ་ལོངས་སྤྱོད་ཡོད་ནའང་གསོག་འཇོག་བྱས་ཏེ་ཡུན་རིང་པོ་བཞག་ན་"
2292770,2294650,1880,"ཡི་དྭགས་ཀྱིས་གཏེར་སྲུང་འདྲ་རེད་རྒྱུ་རེད་དུས།"
2294650,2297220,2570,"དེ་ཕྱིར་ན་དགོས་པ་གཏན་ནས་ཡོད་རྒྱུ་མ་རེད།"
2297220,2300940,3720,"ཐར་པ་བྱང་ཆུབ་ཀྱི་ལམ་དེ་ཚུལ་བཞིན་དུ་བསྒྲུབས་བྱས་ན།"
2300940,2303490,2550,"ཐར་པ་བྱང་ཆུབ་ཀྱི་གོ་འཕང་དེ་ཉི་མ་གཅིག་ལ་བརྩོན་ན།"
2303490,2306320,2830,"ཆུ་ཚོད་གཅིག་ལ་བརྩོན་ནའང་དོན་དང་ལྡན་པ་རེད།"
2306320,2312560,6240,"དེ་མ་གཏོགས་པའི་འཇིག་རྟེན་བྱ་བ་ཅི་ལ་བསམ་ན་ཡང་ཅིས་ཀྱང་དགོས་པ་མེད་པར་བསམ་པའོ།"
2312560,2315040,2480,"(14)  །ཐར་ལམ་དེད་དཔོན་བླ་མའི་ཆོས་དྲུག་ནི། །མུན་པར་འཁྱམས་ལ་ཡེ་ཤེས་སྒྲོན་མེ་སྤོར། །"
2315040,2317690,2650,"གཡང་སར་འཁྱམས་རྣམས་ཡང་དག་ལམ་ལ་འཛུད། །"
2317690,2321130,3440,"ཆུ་བོས་ཁྱེར་བ་བདེ་ཆེན་གཟིངས་ཀྱིས་འཛིན། །བཙོན་ར་ཚུད་རྣམས་རྣམ་གྲོལ་ས་ལ་འདྲེན། །"
2321130,2325280,4150,"སྡུག་བསྔལ་འདམ་བྱིང་ཐར་པའི་སྐམ་སར་འདོན། །གཟུང་འཛིན་བཅིངས་རྣམས་ཡེ་ཤེས་རལ་གྲིས་གཅོད། །"
2325280,2327850,2570,"དེ་ཕྱིར་བླ་མ་སངས་རྒྱས་ཉིད་དུ་བསམ། །ཞེས་པ་འདི།"
2327850,2330690,2840,"ད་ཐར་པའི་ལམ་ཚུལ་བཞིན་དུ་ཐོབ་པར་བྱེད་ན།"
2330690,2333470,2780,"དེད་དཔོན་དགེ་བའི་བཤེས་གཉེན་མཚན་ཉིད་དང་ལྡན་པ་མ་བསྟེན་ན་"
2333470,2335590,2120,"སངས་རྒྱས་ཀྱི་གོ་འཕང་འཐོབ་པར་མི་ནུས།"
2335590,2339510,3920,"བླ་མ་མཚན་ཉིད་དང་ལྡན་པ་ཚུལ་བཞིན་དུ་བསྟེན་ན་ཡོན་ཏན་དྲུག་ཡིན་"
2339510,2345840,6330,"ཏེ། གང་རེད་ཟེར་ན། བདག་ཅག་ཐམས་ཅད་ཀྱིས་བླང་དོར་གྱི་གནས་མི་ཤེས་པ་མུན་པའི་ནང་དུ་འཁྱམས་པ་དང་འདྲ་བ་དེ་ལ།"
2345840,2351790,5950,"བླ་མས་བླང་དོར་གྱི་གནས་ཐམས་ཅད་ཚུལ་བཞིན་དུ་ཐོས་བསམ་སྒོམ་གསུམ་གྱི་ཡེ་ཤེས་ཀྱི་སྒྲོན་མེ་སྦར་བ་དང་ནི།"
2351790,2356290,4500,"ངན་སོང་རྣམས་འཁོར་བའི་གཡང་ས་ལ་དུས་རྟག་ཏུ་འཁྱམས་པར་གྱུར་པ་འདི་"
2356290,2358650,2360,"ངན་སོང་དང་འཁོར་བའི་གཡང་ས་ལས་སྐྱོབ་སྟེ།"
2358650,2362330,3680,"ཞི་བདེ་མྱ་ངན་ལས་འདས་པའི་གོ་འཕང་ཡང་དག་པ་ལ་འཛུད་པ་དང༌།"
2362330,2364500,2170,"སྐྱེ་རྒ་ན་འཆི་ཆུ་བོས་ཁྱེར།"
2364500,2370910,6410,"ཁམས་གསུམ་འཁོར་བ་མཐའ་མེད་དུ་འཁྱམས་པ་ལ་བླ་མ་དམ་པས་ཐར་པའི་ལམ་སྟོན་ཏེ་བདེ་བ་ཆེན་པོའི་གཟིངས་ལ་སྟེགས།"
2370910,2376190,5280,"ཐར་པའི་ལམ་དུ་འཛུད་པར་བྱེད་པ་དང༌།"
2376190,2379540,3350,"དཔེར་ན་རྒྱལ་པོ་ཆེན་པོ་ཞིག་གིས་མི་བཙོན་རར་ཚུད་ན་"
2379540,2382160,2620,"ཡན་ལག་ཐམས་ཅད་ལྕགས་སྒྲོག་དང་ཐག་སྒྲོག་གིས་བཅིངས།"
2382160,2384070,1910,"དེ་ནས་གྲོལ་བའི་གོ་སྐབས་འཐོབ་རྒྱུ་མ་རེད་དུས།"
2384070,2389250,5180,"བླ་མ་དགེ་བའི་བཤེས་གཉེན་ལ་བསྟེན་ན། ལས་དང་ཉོན་མོངས་པ་ལྕགས་སྒྲོག་དང༌། ཐག་སྒྲོག་ལས་བསྒྲལ།"
2389250,2392910,3660,"འཁོར་བའི་འཁྲུལ་སྣང་གྲོལ་ཏེ་རྣམ་གྲོལ་ས་ལ་འདྲེན་པ་ཡིན།"
2392910,2400770,7860,"ཁམས་གསུམ་འཁོར་བ་རིགས་དྲུག་གི་སྡུག་བསྔལ་གྱི་སྡུག་བསྔལ། འགྱུར་བའི་སྡུག་བསྔལ། ཁྱབ་པ་འདུ་བྱེད་སྡུག་བསྔལ་བསམ་གྱིས་མི་ཁྱབ་པའི་འདམ་དུ་བྱིང་བསྡད་པ་དེ་ལ།"
2400770,2403900,3130,"བླ་མ་དགེ་བའི་བཤེས་གཉེན་གྱི་ཞགས་པས་རྗེས་སུ་བཟུང་ན་"
2403900,2408510,4610,"ཁམས་གསུམ་འཁོར་བའི་སྡུག་བསྔལ་འདམ་བྱིང་བ་འདི་ལས་འདྲེན་ཏེ་"
2408510,2412220,3710,"ཐར་པ་དང་ཐམས་ཅད་མཁྱེན་པའི་སྐམ་ས་ལ་གདོན་འགྲོ།"
2412220,2416840,4620,"རང་ཅག་སེམས་ཅན་ཐམས་ཅད་གཟུང་བ་ཡུལ་དང༌། འཛིན་པ་སེམས་གཉིས་ཀྱིས་བཅིངས་ཏེ་"
2416840,2423450,6610,"འཁོར་བའི་འཁྲུལ་སྣང་དུ་འཁྱམས་ཏེ་རང་གིས་རང་ལ་གནོད་པ་བྱས་པ་དེ་ཉིད།"
2423450,2430300,6850,"བླ་མ་དགེ་བའི་བཤེས་གཉེན་གྱི་ཡེ་ཤེས་ཀྱི་རལ་གྲིས་ལས་ཉོན་གྱིས་བཅིངས་པ་དེ་དག་ཐམས་ཅད་གཅོད་དེ་"
2430300,2432510,2210,"ཐར་པ་ལམ་ལ་བདེ་བ་གཏོང་བ་ཡིན་པས།"
2432510,2437480,4970,"དེའི་ཕྱིར་ན་བླ་མ་དང་སངས་རྒྱས་ཡོན་ཏན་ངོས་ནས་ཁྱད་པར་མེད་ནའང༌།"
2437480,2441030,3550,"བཀའ་དྲིན་གྱི་སྒོ་ནས་བླ་མ་སངས་རྒྱས་ཉིད་དུ་བསམ་དགོས་པ་ཡིན་ཞེས་སོ།"
2441030,2442970,1940,"(15)  །འདུས་བྱས་མི་རྟག་འཇིག་པའི་ཆོས་དྲུག་ནི། །"
2442970,2447050,4080,"རྒྱུ་རྐྱེན་འདུས་ཕྱིར་འཇིག་པ་ཉིད་དང་ནི། །སྔར་སྐྱེས་མ་ལུས་ཤི་བས་འཇིག་ངེས་དང༌། །"
2447050,2450640,3590,"སྣོད་བཅུད་མི་རྟག་འགྱུར་བས་འཇིག་ངེས་དང༌། །ཚེ་ལ་ངེས་མེད་འཆི་བས་འཇིག་པ་དང༌། །"
2450640,2457700,7060,"ཉིན་མཚན་སྐད་ཅིག་འགྲོ་བས་འཇིག་པ་དང༌། །སྐྱེས་མཐའ་འཆི་བར་ངེས་ཕྱིར་འཇིག་པ་བསམ། །ཞེས་པ་སྟེ།"
2457700,2461320,3620,"དེ་ནས་དམ་པའི་ཆོས་སྒྲུབ་པར་བྱེད་པ་དེ་ལ།"
2461320,2466040,4720,"འདུས་བྱས་མི་རྟག་པ་བློས་བསྐུལ་མ་མ་བྱས་ན་རྣམ་གཡེང་གི་དབང་གི་འཁོར་བ་འཆིང་འགྲོ་རྒྱུ་རེད་དུས།"
2466040,2470350,4310,"དེའི་ཕྱིར་ན་འདུས་བྱས་མི་རྟག་པ་ངང་ཚུལ་བསམ་པ་ལ་ཆོས་དྲུག་ཡོད།"
2470350,2473730,3380,"གང་རེད་ཟེར་ན། འཁོར་བའི་འཁྲུལ་སྣང་འདི་ཐམས་ཅད་"
2473730,2477230,3500,"རྒྱུ་རྐྱེན་རྟེན་འབྲེལ་ལྷན་ཅིག་ཏུ་ཚོགས་པ་ལས་བྱུང་བ་ཡིན་པའི་ཕྱིར་ན།"
2477230,2480290,3060,"རྒྱུ་རྐྱེན་རྟེན་འབྲེལ་ཚོགས་པ་ཕར་འགྱེ་འགྲོ་དུས།"
2480290,2485390,5100,"དཔེར་ན་རྒྱུག་པ་མང་པོ་གཅིག་ལ་གཅིག་བརྟེན་ཏེ་གུར་ལྟ་བུ་བྱས་ཡོད་ན་"
2485390,2488440,3050,"རྒྱུག་པ་རེ་རེ་ཤོར་ན་གུར་དེ་འཇིག་འོང་རྒྱུ་རེད་དུས།"
2488440,2491020,2580,"དཔེ་དེ་ལྟ་བུ་རྒྱུ་རྐྱེན་གྱི་ཚོགས་པ་ལས་རེ་རེ་འབྲལ་ན་"
2491020,2495500,4480,"ཕ་ཞིག་འགྲོ་རྒྱུ་མ་གཏོགས་རྟག་པ་བརྟན་པ་བྱས་བསྡད་པ་གཅིག་ཀྱང་མེད་ཟེར།"
2495500,2500680,5180,"དེ་མ་ཚད་པ་ཞིག་ད་སྔ་ཡན་ཆད་དུ་འཁོར་བའི་གནས་རིས་ལ་མི་མང་པོ་སྐྱེས་ཡོད་རྒྱུ་རེད་དེ།"
2500680,2504320,3640,"སྐྱེས་པ་དེ་ཐམས་ཅད་སྐྱེ་བའི་ཐ་མ་འཆི་ཟེར་བ་དེ་རེད་དུས།"
2504320,2509180,4860,"ལྷའི་དབང་པོ་ཚངས་པ་དང༌། རྒྱ་བྱིན་དང༌། སངས་རྒྱས་མཚན་དཔེས་བརྒྱན་པའི་སྐུ་དང༌།"
2509180,2514630,5450,"དགྲ་བཅོམ་པ་ཟག་པ་ཟད་པ་དང༌། དྲང་སྲོང་ཆེན་པོ་མངོན་ཤེས་ལྔ་རྣམས་ལྡན་ཏེ་ནམ་མཁའ་ནས་འཕུར་བ་དང༌།"
2514630,2518750,4120,"འཛམ་གླིང་མཛེས་པའི་རྒྱན་དྲུག །མཆོག་གཉིས་ལ་སོགས་པ་མཁས་གྲུབ་ཐམས་ཅད་ཀྱང་"
2518750,2520430,1680,"འགྲོ་དོན་དང་འཕྲིན་ལས་རྫོགས་ཚར་དུས་"
2520430,2525160,4730,"སླར་སྐུ་མྱ་ངན་ལས་འདའ་ཚུལ་བསྟན་པ་མ་གཏོགས། མང་ཆེ་བ་བཞུགས་པ་གཅིག་ཀྱང་མེད་པས་ན།"
2525160,2531200,6040,"རང་ཅག་ཐམས་ཅད་ཀྱང་ཨ་མ་ལས་སྐྱེས་ནས་ད་མ་ཐུག་བར་དུ་འཆི་བ་ལ་ཐག་ཇེ་ཉེར།"
2531200,2535430,4230,"གསོན་པོ་ལ་ཚེ་ཇེ་ཐུང་དུ་འགྲོ་བས་འཇིག་པར་ངེས་པ་དང༌།"
2535430,2539820,4390,"ཕྱི་སྣོད་ཀྱི་འཇིག་རྟེན་ལ་བསམ་ན་རགས་པ་མེ་བདུན་ཆུ་གཅིག་གིས་འཇིག་པ་དང༌།"
2539820,2542990,3170,"དབྱར་དགུན་སྟོན་དཔྱིད་དུས་བཞིས་འཇིག་པ་དང༌།"
2542990,2546200,3210,"ཕྲ་བ་ཉིན་མཚན་དང་སྐད་ཅིག་ཐང་ཅིག་གིས་འཇིག་པ་ཡིན།"
2546200,2548060,1860,"ནང་བཅུད་ཀྱི་སེམས་ཅན་ལ་བསམ་ན།"
2548060,2552870,4810,"དམ་པའི་སྐྱེས་བུ། སྐྱེ་རྒུའི་བདག་པོ་ཚེ་སྲོག་ངེས་པ་མེད་པས་"
2552870,2558810,5940,"འགྱུར་འགྲོ་བ་མ་གཏོགས་རྟག་ཏུ་བསྡད་བསྡད་པ་གཅིག་ཀྱང་མེད་པས་ན་འཇིག་པར་ངེས་པ་དང༌།"
2558810,2564130,5320,"མིའི་ཚེ་འདི་ཉིད་ལའང༌། དུས་ཚོད་དེ་ཙམ་ན་འཆི། བྱ་བ་འདི་རྫོགས་ན་འཆི་"
2564130,2566030,1900,"ཟེར་རྒྱུ་ངེས་པ་ཡོད་རྒྱུ་མ་རེད་དུས།"
2566030,2569370,3340,"ནམ་འཆི་ཆ་མེད་པ་རེད་དུས་འཆི་བའི་འཇིག་པ་དང༌།"
2569370,2573860,4490,"དེ་ནས་ཉིན་མོ་དང་མཚན་མོ་སྐད་ཅིག་རེ་རེ་བཞིན་དུ་འཆི་བ་ལ་ཐག་ཇེ་ཉེ་འགྲོ་དུས་"
2573860,2576330,2470,"གསོད་སར་ཚུད་པའི་གཤེད་དམར་ལྟ་བུ་ཡིན་པས་ན་"
2576330,2580590,4260,"འགྲོ་བས་འཇིག་པ་དང༌། འཇིག་རྟེན་ཁམས་སུ་ཚུར་སྐྱེས་ཟིན་ནས་བཟུང་སྟེ།"
2580590,2583820,3230,"སྐྱེ་བའི་མཐའ་མ་ནི་འཆི་བ་དེ་ཉིད་ཆོས་ཉིད་ཀྱི་ཡོད་པས་ན་"
2583820,2589320,5500,"འཆི་བར་ངེས་པས་འཇིག་པ་བསམ་པ་དང་དེས་སྒོ་ནས་མི་རྟག་པའི་བསྐུལ་མ་འདེབས་དགོས་ཡིན།"
