0,7650,7650,"(16) །དེ་ནས་ཆོས་ལ་སྦྱར་བའི་ཕན་ཡོན་དྲུག །མོས་དང་རྣ་བར་ཐོས་དང་ཡི་རང་དང༌། །བསྟོད་དང་ཞུགས་དང་ཅུང་ཟད་སྤྱད་རྣམས་ཀྱང༌། །འཁོར་བ་མཐའ་ཅན་ཐར་པའི་ས་བོན་བསྐྲུན། །མོས་དང་རྣ་བར་ཐོས་ཏེ་ཉམས་སུ་ལེན་མ་ནུས་ནའང་ཆོས་ཀྱི་སྒྲ་ཙམ་ཐོས་ན་ཕན་ཡོན་རྒྱ་ཆེན་པོ་དང་ལྡན་པ་ཡིན་པས། 7.664772"
7650,11519,3869,"(16) །དེ་ནས་ཆོས་ལ་སྦྱར་བའི་ཕན་ཡོན་དྲུག །མོས་དང་རྣ་བར་ཐོས་དང་ཡི་རང་དང༌། །བསྟོད་དང་ཞུགས་དང་ཅུང་ཟད་སྤྱད་རྣམས་ཀྱང༌། །འཁོར་བ་མཐའ་ཅན་ཐར་པའི་ས་བོན་བསྐྲུན། །མོས་དང་རྣ་བར་ཐོས་ཏེ་ཉམས་སུ་ལེན་མ་ནུས་ནའང་ཆོས་ཀྱི་སྒྲ་ཙམ་ཐོས་ན་ཕན་ཡོན་རྒྱ་ཆེན་པོ་དང་ལྡན་པ་ཡིན་པས། 7.664772"
11519,15353,3834,"ཐར་པ་དང་ཐམས་ཅད་མཁྱེན་པའི་ལམ་ལ་མོས་པ་ཐོབ་པ་དང༌།"
15353,21086,5733,"ཆོས་ཀྱི་སྒྲ་ཙམ་མ་ཟད་ཆོས་ལ་སྐུལ་བྱེད་རྔའམ་འཁར་རྔ་དུང་ལ་སོགས་པའི་སྒྲ་ཐོས་ནའང་"
21086,24220,3134,"ངན་སོང་གི་སྐྱེ་སྒོ་གཅོད་པའི་ཕྱིར་དུ་རྣ་བར་ཐོས་པ་དང༌།"
24220,30440,6220,"ཆོས་ཀྱི་དོན་བསམ་པའི་ཚེ་ན་སངས་རྒྱས་དང་བྱང་ཆུབ་སེམས་དཔའ་ཐར་པ་དང་ཐམས་ཅད་མཁྱེན་པའི་ཡོན་ཏན་ཤེས་"
30440,34236,3796,"དེ་ལ་ཡི་རང་བ་དང་བའི་དད་པ་རྒྱུད་ལ་སྐྱེ་བར་འགྱུར་བ་དང༌།"
34236,40120,5884,"ཆོས་ཞུས་པའི་གང་ཟག་དེ་ཐམས་ཅད་ལའང་འཇིག་རྟེན་ལྷ་དང་བཅས་པ་ཐམས་ཅད་ཀྱིས་ཆོས་མང་པོ་ཐོས་པ་དང༌།"
40120,43170,3050,"ཆོས་ཞུ་བ་པོ་རེད་ཟེར་བསྟོད་པ་བྱེད་པ་དང༌།"
43170,45450,2280,"ཆོས་ཚུལ་བཞིན་དུ་ཤེས་ནས་བཟུང་སྟེ་"
45450,49828,4378,"ཐེག་པ་གསུམ་གྱི་ལམ་གང་རུང་ལ་ཞུགས་པ་མ་གཏོགས་ལམ་ལོག་གི་གཡང་ས་ལ་"
49828,52546,2718,"འཕྱན་རྒྱུ་མ་རེད་དུས་ཐར་པའི་ལམ་ལ་ཞུགས་པ་དང༌།"
52546,57829,5283,"དེ་ཆོས་ཅུང་ཟད་ཙམ་ཞིག་སྤྱད་ནའང་དཔེར་ན་གསེར་ནང་ནས་སྐར་མོ་གཅིག་ཡོད་པ་ཡིན་ན་"
57829,61770,3941,"རིན་པོ་ཆེ་མཆོག་རེད་ཟེར། རྒྱན་གཞན་ཐམས་ཅད་ཟིལ་གྱིས་གནོན་འགྲོ་དུས།"
61770,66420,4650,"དེའི་ཕྱིར་ན་ཆོས་ཅུང་ཟད་ཙམ་ཞིག་སྤྱད་ནའང་དེས་ཁམས་གསུམ་འཁོར་བ་མཐའ་ཅན་བྱས་དུས་"
66420,69110,2690,"མཐའ་མེད་དུ་མི་ལྟུང་བར་ཐར་པའི་ས་བོན་བསྐྲུན་པ་དང༌།"
69110,72110,3000,"དུད་འགྲོ་ལ་སོགས་པ་གང་ཡང་མི་ཤེས་མཁན་ཡིན་ན་"
72110,77600,5490,"ཆོས་ཀྱི་སྒྲ་རྣ་བར་ཐོས་པ་ཙམ་གྱིས་ངན་སོང་གི་སྐྱེ་སྒོ་གཅོད་པའི་ཚུལ་མདོ་སྡེ་ལས་གསུངས་པ་ལྟ་བུ་དང༌།"
77600,81580,3980,"(17)  ཚུལ་བཞིན་སྤྱད་པའི་ཕན་ཡོན་རྣམ་པ་དྲུག །ཀུན་གྱིས་བཀུར་དང་བསྟོད་དང་ལྷས་བསྲུང་དང༌། །"
81580,86400,4820,"ཚེ་འདིར་བདེ་མང་ཤི་འཕོས་མཐོ་རིས་འགྲོ། །མཐར་ཐུག་རྫོགས་པའི་བྱང་ཆུབ་འགྲུབ་པའོ། །"
86400,90240,3840,"ཆོས་ཐོས་པ་ཙམ་གྱིས་མི་ཚད་ཆོས་ཐོས་བསམ་སྒོམ་གསུམ་ཚུལ་བཞིན་དུ་བྱས་ན།"
90240,94980,4740,"དེ་ལ་ཕན་ཡོན་རྣམ་པ་དྲུག་ཡོད་དེ། གང་རེད་ཟེར་ན། ཆོས་སྤྱད་པའི་གང་ཟག་དེ་"
94980,97290,2310,"ས་ཕྱོགས་རྒྱུས་མེད་པ་ཞིག་ཏུ་ཕྱིན་ནའང༌།"
97290,99430,2140,"ཆོས་བྱས་པའི་གང་ཟག་རེད་བསམ་ནས་"
99430,104610,5180,"ཀུན་གྱིས་ཞེ་ས་དང་བསྙེན་བཀུར་གྱིས་བཀུར་བར་འགྱུར་བ་དང་ནི།"
104610,108050,3440,"དེ་ནས་ཆོས་བཞིན་དུ་སྤྱད་པའི་དབང་གིས་སྙན་གྲགས་ཀྱིས་བསྟོད་པ་དང༌།"
108050,110467,2417,"དཀར་ཕྱོགས་སྐྱོང་བའི་ལྷ་ཐམས་ཅད་ཀྱིས་ཀྱང་"
110467,115360,4893,"དམ་པའི་ཆོས་སྤྱོད་པ་རེད་བསམ་ནས་ནད་གདོན་བར་ཆད་ཐམས་ཅད་ལས་སྲུང་བ་དང༌།"
115360,118340,2980,"ཚེ་འདི་ལའང་དམ་པའི་ཆོས་བྱས་པ་ལ་བརྟེན་ནས་"
118340,122080,3740,"ཆོས་ཀྱི་ཡོན་ཏན་ཤེས་ཐར་པ་དང་ཐམས་ཅད་མཁྱེན་པའི་ལམ་ལ་ཞུགས་འགྲོ་དུས་"
122080,123590,1510,"བདེ་ནས་བདེ་བར་འགྲོ་བ་དང༌།"
123590,128020,4430,"ད་ལྟ་ཆོས་མང་པོ་ཐོས་ན་སྐྱེ་བ་ཕྱི་མའང་མང་དུ་ཐོས་པ་དང༌།"
128020,131080,3060,"ཐོས་པའི་དོན་ཁོང་དུ་ཆུད་པར་འགྱུར་བ་ཡིན་པས་ན།"
131080,134050,2970,"ཤི་འཕོས་ནས་མཐོ་རིས་མ་གཏོགས་ངན་སོང་དུ་མི་འགྲོ་བ་དང༌།"
134050,139770,5720,"ཆོས་ཚུལ་བཞིན་བྱེད་དེ་མཐར་ཐུག་རྫོགས་པའི་བྱང་ཆུབ་གོ་འཕང་འགྲུབ་པར་བྱེད་པའི་ཕན་ཡོན་དང་ལྡན་པ་ཡིན།"
139770,143790,4020,"(18)  ཆོས་དང་མི་ལྡན་ཉེས་པ་རྣམ་དྲུག་ནི། །མ་རིག་གིས་བསྒྲིབས་རྒན་མོ་ལོང་མ་འདྲ། །"
143790,147730,3940,"སྲིད་པར་སླུ་མཁས་སྨད་འཚོང་བུ་མོ་འདྲ། །དོན་མེད་གཡེང་བས་ཚོང་དུས་ལྟད་མོ་འདྲ། །"
147730,151690,3960,"སྣང་བ་འབྲིད་མཁས་བུ་ཆུང་འཚོ་བ་འདྲ། །རིག་པ་བཅོལ་ཆུང་བྱིས་པའི་རྩེད་མོ་འདྲ། །"
151690,155830,4140,"འཁྲུལ་སྣང་བཅད་དཀའ་ཉ་མོ་རྒྱས་ཟིན་འདྲ། །དོན་ཆུང་ལས་ལ་མི་ཚེ་ཟད་པར་བྱེད། །"
155830,158910,3080,"ཅེས་པ་དམ་པའི་ཆོས་ཚུལ་བཞིན་དུ་ཤེས་པ་དང་"
158910,161240,2330,"ཆོས་དང་མི་ལྡན་པ་ལ་ཉེས་པ་དྲུག་ཡོད་དེ།"
161240,164700,3460,"གང་རེད་ཟེར་ན། བླང་དོར་གྱི་གནད་མི་ཤེས་པའི་དབང་གིས་"
164700,167330,2630,"དཔེར་ན་རྒན་མོ་ལོང་བ་ཞིག་འགྲོ་ཡི་ཡོད་ན།"
167330,169950,2620,"ལམ་ཁ་བདེ་པོ་དང་མི་བདེ་བ་གང་ཡང་མི་ཤེས།"
169950,172710,2760,"གཡང་ས་ལ་སོགས་པ་ནས་བསྒྲིལ་འགྲོ་རྒྱུ་རེད་དུས།"
172710,175990,3280,"དཔེ་དེ་བཞིན་དུ་སྲོག་གཅོད་ལ་དགེ་བ་བརྩི་བ་ལ་སོགས་པ་དང༌།"
175990,179330,3340,"འཇིག་རྟེན་ཚེ་འདིའི་བྱ་བས་གཡེང་རྒན་མོ་ལོང་མ་འདྲ།"
179330,183825,4495,"ཁམས་གསུམ་འཁོར་བའི་ཟས་གོས་ནོར་ལོངས་སྤྱོད་ཐོབ་མངའ་ཐང་ལ་སོགས་པ་"
183825,186675,2850,"འཇིག་རྟེན་ཆོས་བརྒྱད་ཀྱི་བྱ་བ་འདི་ཐམས་ཅད་"
186675,189050,2375,"རང་གི་སེམས་འདི་སླུ་མཁས་པ། དཔེར་ན་"
189050,191980,2930,"སྨད་འཚོང་མ་བུ་མོ་གཟུགས་མཛེས་པ་དང་འདྲ་བ་ཡིན།"
191980,198145,6165,"དེ་ནས་མི་ཚེ་གཅིག་ལ་དོན་དང་ལྡན་པ་མ་ཡིན་པ་དོན་མེད་རྣམ་གཡེང་གི་ངང་ནས་ཡེངས།"
198145,200760,2615,"རང་གི་རྒྱུད་ལ་ཡོན་ཏན་ཅུང་ཟད་ཙམ་ཞིག་ཡོད་ན་"
200760,201914,1154,"རང་ཤུགས་ཀྱིས་ཟད་འགྲོ་རེད། དཔེར་ན་"
201914,204985,3071,"ཚོང་འདུས་ལྟད་མོ་ཡིན་ན་དེ་ལ་ཡེངས་སོང་ན་"
204985,206955,1970,"ལས་ཀ་ཐམས་ཅད་འཐུས་ཤོར་འགྲོ་རྒྱུ་རེད།"
206955,208895,1940,"དཔེ་དེ་དང་འདྲ་བ་ཡིན།"
208895,211365,2470,"དེ་ནས་ཕྱི་རོལ་ཚོགས་དྲུག་གི་སྣང་བ་འདི་ཐམས་ཅད་"
211365,214280,2915,"ནང་གི་སེམས་དྲན་ཤེས་བག་ཡོད་ཅིག་མ་བྱས་ན།"
214280,216605,2325,"ཚོགས་དྲུག་གི་སྣང་བ་འདི་སླུ་མཁས་པ་སྟེ།"
216605,221985,5380,"དཔེར་ན་བུ་ཆུང་འཚོ་བ་ཤེས་པའི་མི་རྒན་པོ་ཞིག་ཡོད་ན།"
221985,225055,3070,"བུ་ཆུང་དེ་མགོ་སྐོར་གཏོང་ཁ་ཐབས་ལམ་མཁས་པ་ཡོད་རྒྱུ་རེད།"
225055,226565,1510,"དཔེ་དེ་ལྟ་བུ་རེད།"
226565,230450,3885,"རིག་པ་དེ་དྲན་པ་དང་ཤེས་བཞིན་གྱིས་རྒྱུད་ཡང་དག་པ་ཞིག་མ་སྦྱང་ན།"
230450,233470,3020,"ཅོལ་ཆུང་བ་དེ་གང་འདྲས་བསླུ་བཞག་ན་སླུ་ཆོག་ཆོག །"
233470,237270,3800,"རྐྱེན་ཁ་ཡངས་པ་ཅན་བྱིས་པའི་རྩེད་མོ་འདྲ་བ་ཡིན་པས་"
237270,241475,4205,"འདི་ལྟ་བུ་རྣམ་གཡེང་ཤ་སྟག་ལ་གཡེངས་སོང་ན་འཁོར་བའི་འཁྲུལ་སྣང་འབའ་ཞིག་ལ་ཞེན།"
241475,243610,2135,"འཁྲུལ་སྣང་གི་ཐག་པ་འདི་གཅད་ན་"
243610,247060,3450,"ཤིན་ཏུ་དཀའ་མོ་ཡིན་ཏེ་དཔེར་ན་ཉ་ལ་ལྕགས་ཀྱུའི་རྩེ་ལ་"
247060,250430,3370,"ཟས་བཞག་སྟེ་ཆུ་ཀླུང་དུ་འཕང་འོང་ན་ཉ་མོ་རོ་ལ་སྲེད་དེ།"
250430,254790,4360,"ཟས་དེ་ཟ་བ་དང་རང་ཉིད་སྐམ་ས་བཏོན་ནས་སྲོག་དང་འབྲལ་འགྲོ་རྒྱུ་རེད་དུས་"
254790,256644,1854,"འཁྲུལ་སྣང་ཡེངས་བསྡད་ན་དེ་ཡིན་པས།"
256644,261040,4396,"དོན་ཆུང་ངུ་ཞིག་ལ་འགྲུབ་རྒྱུ་མེད་པའི་ལས་མི་ཚེ་སྟོང་ཟད་དུ་འགྲོ་སྟེ་"
261040,263550,2510,"དལ་འབྱོར་གྱི་མི་ལུས་འཕྲོ་བརླག་གཏོང་བ་ཡིན།"
263550,268435,4885,"(19)  ཆོས་ལས་ཉམས་པའི་ཉེས་པ་རྣམ་དྲུག་ནི། །རང་བས་དམན་པས་བརྙས་པར་འགྱུར་བ་དང༌། །"
268435,272625,4190,"ལྷ་མིའི་གནས་སུ་གཏམ་ངན་གྲགས་པ་དང༌། །མི་གཙང་སྣོད་བཞིན་དམ་པས་སྤང་བ་དང༌། །"
272625,276040,3415,"སྲུང་བ་ལྷས་འདོར་བར་ཆད་མང་བ་དང༌། །བསམ་པ་མི་འགྲུབ་བསོད་ནམས་དཔལ་ཉམས་དང༌། །"
276040,278665,2625,"ཕྱི་མར་ངན་སོང་སྡུག་བསྔལ་མྱོང་བའོ། །"
278665,284610,5945,"ཟེར་བ་འདི་དམ་པའི་ཆོས་ཚུལ་བཞིན་དུ་མ་སྤྱད་དེ།"
284610,288810,4200,"དམ་པའི་ཆོས་སྤྱད་ནའང་དེ་ལས་ཉམས་སོང་ན་ཉེས་པ་རྣམ་པ་དྲུག་ཡོད།"
288810,292215,3405,"གང་རེད་ཟེར་ན། རང་ཉིད་དམན་ས་ལ་མར་ལྷུང་སྟེ།"
292215,294595,2380,"དཔེར་ན་གོ་ས་ཕབ་པ་ལྟ་བུ་འདྲ།"
294595,296860,2265,"མི་ཐམས་ཅད་ཀྱིས་འདི་ཆོས་ལོག་རེད་ཟེར་ནས་"
296860,298225,1365,"བརྙས་པར་འགྱུར་བ་དང༌།"
298225,302450,4225,"ལྷ་དང་མིའི་གནས་ཐམས་ཅད་དུ་དེས་ཆོས་བྱས་པ་དེ་མཐར་མ་ཕྱིན།"
302450,306495,4045,"ཆོས་ཆོས་བཞིན་དུ་མ་བྱས་ཏེ། ཆོས་ཀྱིས་སླར་ངན་སོང་དུ་འགྲོ་བའི་རྒྱུ་རེད་ཟེར་"
306495,309460,2965,"གཏམ་ངན་པ་འཇིག་རྟེན་ཁམས་ལ་གྲགས་པ་དང༌།"
309460,312015,2555,"གསེར་ལ་སོགས་པ་སྣོད་ཡངས་པོ་ཞིག་ཡོད་ན་"
312015,315360,3345,"དེ་ལ་མི་གཙང་བ་བླུག་བཞག་ན་བཙོག་པ་བལྟ་རྒྱུ་མ་གཏོགས་"
315360,317320,1960,"རིན་ཐང་ཆེ་བ་ལ་བརྩི་རྒྱུ་མ་རེད་དུས།"
317320,320950,3630,"དཔེ་དེ་བཞིན་དུ་ཉེས་པའི་སྐྱོན་ཐམས་ཅད་ཀྱིས་རང་གི་རྒྱུད་ལ་ཁེངས།"
320950,324430,3480,"དམ་པ་དགེ་བའི་བཤེས་གཉེན་དང་དགེ་བའི་གྲོགས་པོས་སྤོང་བ་ཡིན་ཟེར།"
324430,327560,3130,"དཀར་ཕྱོགས་སྐྱོང་བའི་ལྷ་ཐམས་ཅད་ཀྱིས་ཀྱང༌།"
327560,330085,2525,"འདི་ནི་ཆོས་མིན་སྤྱོད་པ་སྡིག་པ་ལ་དགའ་བ་རེད་ཟེར་ནས་"
330085,333500,3415,"སྲུང་སྐྱོབ་མི་མཛད་དུས་སྲུང་བའི་ལྷས་དོར་བར་འགྱུར་བས།"
333500,338630,5130,"ཚེ་འདི་ལའང་ནད་གདོན་བགེགས་བར་ཆད་ཤིན་ཏུ་ནས་ཀྱང་མང་བ་དང༌།"
338630,341950,3320,"གནས་སྐབས་ཙམ་དུ་མི་མགོ་སྐོར་གཏོང་བ་ཆགས་སྡང་ལ་སོགས་པ་"
341950,346545,4595,"ཅུང་ཟད་གྲུབ་ནའང་ཕུགས་ལ་རང་གནོད་པ་མ་གཏོགས་མེད་པས་ན།"
346545,348940,2395,"རང་གི་བསམ་པ་ཚུལ་བཞིན་དུ་མི་འགྲུབ་པ་དང༌།"
348940,352665,3725,"བསོད་ནམས་ཅུང་ཟད་ཡོད་ནའང་བསོད་ནམས་ཀྱི་དཔལ་ཐམས་ཅད་ཀྱང་"
352665,355875,3210,"ཆུ་ཟད་པའི་རྫིང་བུ་བཞིན་དུ་ཉམས་འགྲོ་བ་དང༌།"
355875,361020,5145,"ཆོས་ཉམས་པ་མཐའ་དག་སྤྱད་དུས་སྐྱེ་བ་ཕྱི་མ་ངན་སོང་གི་སྡུག་བསྔལ་མྱོང་བར་འགྱུར་བ་ཡིན།"
361020,364765,3745,"(20)  ཕྱི་དུས་རེ་བའི་ཉེས་པ་རྣམ་དྲུག་ནི། །དལ་འབྱོར་ཐོབ་དུས་ཆོས་ལམ་མ་བསྒྲུབས་ན། །"
364765,368365,3600,"ཡེང་མའི་ལམ་ལ་མི་ཚེ་ཟད་པ་དང༌། །འཆི་བ་ངེས་མེད་ཐོག་རྫིས་འོང་བ་དང༌། །"
368365,372170,3805,"ཤི་ནས་འཁོར་བ་ངན་སོང་ལྟུང་བ་དང༌། །སྡུག་བསྔལ་དྲག་པོས་ལུས་སེམས་གདུངས་པ་དང༌། །"
372170,376190,4020,"འགྱོད་པ་དྲན་ཡང་ཤིན་ཏུ་མནར་བ་དང༌། །ཐར་པའི་དུས་མེད་ཡུན་རིང་གནས་པའོ། །"
376190,380365,4175,"གསུངས་པ་དེ། ད་ལྟ་བྱ་བ་དྲན་པའི་དུས་སུ་ལག་ཏུ་མ་བླང་ན།"
380365,385240,4875,"མ་འོངས་པ་བྱེད་རྒྱུ་རེད་བསམ་སྟེ་རྒྱུ་མ་རིང་པོ་བྱས་ན་ཉེས་པ་རྣམ་པ་དྲུག་ཡོད།"
385240,388830,3590,"དལ་འབྱོར་གྱི་མི་ལུས་ཐོབ་པའི་དུས་འདི་རུ་ལག་པ་བརྐྱང་བསྐུམ་ཙམ་དུའང་"
388830,393055,4225,"ཉིན་མཚན་རེ་རེ་བཞིན་ན་དོན་ཡོད་པའི་དུས་ཤིག་མ་བྱས་ནས་བཟུང་སྟེ།"
393055,399055,6000,"ཆོས་ཚུལ་བཞིན་དུ་མ་བསྒྲུབས་ན་ཡང་ངེ་ཡེང་ངེ་འདི་བྱས་འདི་བྱེད་ཅིག་མེད་པའི་ངང་ནས་"
399055,400970,1915,"མི་ཚེ་ཐམས་ཅད་ཟད་པ་དང༌།"
400970,403455,2485,"འཆི་བ་གློ་བུར་དུ་ཐོག་ལ་འབབ་འོང་བའི་ཚེ་ན་"
403455,406960,3505,"ཆོས་མ་བྱས་བསམ་འགྱོད་པ་བྱེད་ཚེ་འཆི་བའི་ནད་ཀྱིས་ཐེབས་ཚར་ན་"
406960,410575,3615,"ཆོས་སྒྲུབ་པའི་དབང་མེད་པས་ན་འཆི་བ་ཐོག་རྫིས་སུ་འོང་བ་དང༌།"
410575,414285,3710,"དེ་ནས་འཆི་བ་འདི་ཉིད་ཐོག་ཏུ་འབབ་ན་ཆོས་མ་བྱས་པ་ལ་བརྟེན་ཏེ།"
414285,416975,2690,"ད་སྔ་ཆགས་སྡང་རྨོངས་གསུམ་གྱིས་འཁོར་བའི་ལས་ངན་བསགས་པས་ན་"
416975,420085,3110,"ངན་སོང་གསུམ་དུ་ལྟུང་བར་འགྱུར་བ་དང༌།"
420085,422820,2735,"ངན་སོང་གསུམ་དུ་ལྷུང་ན་དམྱལ་བ་ལ་ཚ་གྲང༌།"
422820,425855,3035,"ཡི་དྭགས་ལ་བཀྲེས་སྐོམ། དུད་འགྲོ་བཀོལ་སྤྱོད་ཀྱི་སྡུག་བསྔལ་དྲག་པོས་"
425855,427770,1915,"ལུས་དང་སེམས་གཉིས་ཀ་གདུང་སྟེ།"
427770,431300,3530,"དེ་དུས་ཆོས་བྱས་མ་སོང་བསམ་རྒྱུ་འགྱོད་པ་མང་པོ་འབྱུང་གི་རེད་དེ་"
431300,436060,4760,"དེ་ཕྱིས་ཚར་རེད་དུས། དེ་ཕྱིར་ན་འགྱོད་པ་དྲན་ཡང་ཤིན་ཏུ་མནར་བས་ན་"
436060,438255,2195,"ཁམས་གསུམ་འཁོར་བ་ལས་ཐར་བའི་དུས་མེད་"
438255,440665,2410,"འཁོར་བ་མཐའ་མེད་དུ་ཡུན་རིང་པོ་གནས་པའོ།"
440665,445390,4725,"(21)  །འཁོར་བའི་གནས་ལ་འཇིགས་པའི་ཆོས་དྲུག་ནི། །མི་རྣམས་སྡུག་བསྔལ་བསམ་ན་ཡིད་རེ་སྐྱོ། །"
445390,449050,3660,"ལྷ་མིན་སྡུག་བསྔལ་བསམ་ན་སྐྱི་རེ་གཡའ། །ལྷ་ཡི་སྡུག་བསྔལ་བསམ་ན་གཡང་རེ་ཟ། །"
449050,453130,4080,"བྱོལ་སོང་སྡུག་བསྔལ་བསམ་ན་ངུ་རེ་བྲོ། །ཡི་དྭགས་སྡུག་བསྔལ་བསམ་ན་སྐྱི་རེ་བུང༌། །"
453130,455340,2210,"དམྱལ་བའི་སྡུག་བསྔལ་བསམ་ན་སྙིང་རེ་འདར། །"
455340,457920,2580,"དེ་བས་འགྲོ་དྲུག་གནས་ནས་འབྲོས་རེ་རན། །"
457920,461165,3245,"གསུངས་དུས་ཁམས་གསུམ་འཁོར་བའི་གནས་འདི་ལ་བསམ་བློ་གཏང་ན་"
461165,463350,2185,"བདེ་བའི་གོ་སྐབས་ཙམ་ཞིག་མེད་དེ།"
463350,467365,4015,"དཔེར་ན་མི་རྣམས་ལ་སྐྱེ་རྒ་ན་འཆི། དགྲ་སྡང་བ་དང་འཕྲད་པའི་སྡུག་བསྔལ།"
467365,470415,3050,"གཉེན་བྱམས་པ་དང་འབྲལ་བའི་སྡུག་བསྔལ།"
470415,472755,2340,"མི་འདོད་པའི་ཐོག་ཏུ་འབབ་པའི་སྡུག་བསྔལ།"
472755,475555,2800,"འདོད་པ་ཐོག་ཏུ་མི་འཁེལ་བའི་སྡུག་བསྔལ་གྱི་སྒོ་ནས་"
475555,479815,4260,"དུས་རྟག་ཏུ་ཡིད་ཕྱ་དུང་ངེ་བསྡད་རྒྱུ་མ་གཏོགས་པ་བདེ་བའི་གོ་སྐབས་མེད།"
479815,482970,3155,"ལྷ་མ་ཡིན་འཐབ་རྩོད་ཀྱི་སྡུག་བསྔལ་ལ་བསམ་ནས་བཟུང་སྟེ།"
482970,486755,3785,"ལྷ་རྣམས་ནི་བསོད་ནམས་ཀྱི་དབང་གིས་ལྷ་མ་ཡིན་དང་འཐབ་པའི་ཚེ་ན།"
486755,490145,3390,"ལྷ་མ་ཡིན་དེ་ནས་མདུན་གྱི་ནམ་མཁའ་ལ་འཕགས་པ་དང་"
490145,493925,3780,"ལྷ་རྣམས་ལ་གོ་ཆ་མཚོན་ཆ་ཆེན་པོ་ཡོད་པ་དེས་བསད་འོང་དུས།"
493925,496385,2460,"ལྷ་དང་ལྷ་མ་ཡིན་འཐབ་པའི་ཚུལ་"
496385,500185,3800,"ལྷ་མ་ཡིན་ཁྱོ་ག་རྣམས་ཀྱིས་ལྷ་མ་ཡིན་སྐྱེ་དམན་ལ་བཤད་འོང་དུས།"
500185,502970,2785,"ལྷ་མ་ཡིན་སྐྱེ་དམན་ཐམས་ཅད་སེམས་འདར་སྟེ་"
502970,507155,4185,"ཁོག་པའི་ནང་དུ་པུ་གུ་ཡོད་ནའང་སྒོ་ལ་འདོན་འོང་རྒྱུ་དེ་ལྟ་བུ་སྡུག་བསྔལ་ཡོད་པས་ན་"
507155,509715,2560,"སྐྱི་རེ་གཡའ་སྟེ་ཤིན་ཏུ་སྐྲག་དགོས་པ་དང༌།"
509715,513294,3579,"ལྷ་ཡིན་ནའང་དཔག་བསམ་གྱི་ཤིང་ལས་དགོས་འདོད་བྱུང་བ་དང༌།"
513294,516169,2875,"བདུད་རྩིའི་ཟས་ཟ་བ་ཡོད་རེད། དེ་མི་ཚེ་རྣམ་གཡེང་གིས་ཟད་དུས་"
516169,518520,2351,"འདོད་ཡོན་འབའ་ཞིག་རེད་དུས།"
518520,523005,4485,"དམ་པའི་ཆོས་ཀྱི་གོ་སྐབས་མེད་པའི་སྒོ་ནས་འཆི་འཕོ་ལྟུང་གི་སྡུག་བསྔལ་ཡོད་པས།"
523005,528015,5010,"དེ་ལྟ་བུ་ཡིན་ན་གཡང་ས་ནས་ལྷུང་བ་ཁད་ཀྱི་གཡང་གི་གཟར་དེ་སྐྲག་དགོས་པ་ཡིན།"
528015,532175,4160,"དུད་འགྲོ་བྱིང་ལ་གནས་པ་ཐམས་ཅད་ལ་བསམ་ན། ཆེ་བས་ཆུང་བ་ཟ།"
532175,536970,4795,"ཆུང་བས་ཆེ་བ་ཟ་བ་ལ་སོགས་པ་དང༌། གཅན་གཟན་རི་དྭགས་གསད་འོང་རྒྱུ་ལྟ་བུ་དང༌།"
536970,543400,6430,"བདག་པོས་བཟུང་བཞག་རྒྱུ་དུད་འགྲོ་ཐམས་ཅད་བདག་པོས་ཁལ་བཀལ་བ།"
543400,546175,2775,"རྣ་འབིགས་པ། ཞོ་འཇོ་བ། བྱ་གཅོད་པ་ལ་སོགས་"
546175,549285,3110,"སྡུག་བསྔལ་བསམ་སྟེ་དེ་ལ་བསམ་བློ་གཏང་ན་ངུ་རེ་བྲོ།"
549285,554270,4985,"ཡི་དྭགས་ཕྱིའི་སྒྲིབ་པ་ཅན། ནང་གི་སྒྲིབ་པ་ཅན། སྒོས་ཁུར་གྱི་སྒྲིབ་པ་ཅན་གྱི་སྡུག་བསྔལ་བསམ་ན།"
554270,557200,2930,"ལོ་གྲངས་བཅུ་གཉིས་ཆུ་ཟེར་བའི་མིང་ཙམ་ཡང་མི་ཐོས་པ་"
557200,560085,2885,"བཀྲེས་སྐོམ་ལྟོགས་ཀྱིས་དུས་རྟག་ཏུ་མནར་བ་ཡིན་པས་"
560085,562820,2735,"དེ་ལ་བསམ་ན་སྐྱི་རེ་བུང་སྟེ་སྐྱོ་བའི་གནས་ལས་མེད།"
562820,567330,4510,"དམྱལ་བ་ཚ་དམྱལ་བརྒྱད། གྲང་དམྱལ་བརྒྱད། ཉི་ཚེ་ཉེ་འཁོར་གྱི་སྡུག་བསྔལ་ལ་བསམ་ན་"
567330,570405,3075,"སྙིང་རྩ་འདར་འོང་རྒྱུ་མ་གཏོགས་གཏན་ནས་མེད་པས་ན།"
570405,572985,2580,"དམྱལ་བའི་སྡུག་བསྔལ་ལ་ཡུན་རིང་པོ་བསམ་ན་"
572985,577900,4915,"སྔོན་སངས་རྒྱས་དང་ཤཱ་རིའི་བུ་སྐབས་ལ་དགྲ་བཅོམ་པ་རྣམས་ཀྱིས་དམྱལ་བ་མངོན་སུམ་དུ་བསྟན་འོང་དུས་"
577900,580620,2720,"མིས་ཟས་ཟོས་པ་ཐམས་ཅད་ཡིད་ཁར་མི་འོང་བ་དང༌།"
580620,585600,4980,"ཟས་ཁོང་དུ་སོང་ནའང་སླར་སྐྱུག་ཡོང་བ་དེ་ལྟ་བུ་སྐྱོ་ཤས་སྐྱེས་རབས་གསུངས་རྒྱུ་ཡོད་རེད།"
585600,588735,3135,"རྒྱུ་མཚན་དེ་བས་ན་འགྲོ་བ་རིགས་དྲུག་གི་གནས་རིས་འདི་ཐམས་ཅད་"
588735,591410,2675,"བཙོན་ར་ལྟ་བུ་ཡིན་པས། འདི་ནང་ནས་འབྲོས་ཏེ་"
591410,595825,4415,"ཐར་པའི་ཐབས་ཅི་སྟེའང་དགོས་བསམ་རྒྱུ་འབྲོས་རེ་རན་པ་ཡིན།"
595825,600620,4795,"རན་པ་བས་ཀྱང་ཕྱིས་པར་གྱུར་བ་ཙམ། །གསུངས་རན་པས་མ་ཚད་ཅུང་ཟད་ཕྱིས་སོང་ཟེར་"
600620,603220,2600,"ད་མགྱོགས་པོ་ཆོས་ལ་བརྩོན་དགོས་ས་རེད་གསུངས། འཁོར་བ་སྡུག་བསྔལ།"
603220,608115,4895,"(22)  དེ་ལས་ཐར་བར་བྱེད་པའི་ཆོས་དྲུག་ནི། །རྟག་ལྟ་ཡུལ་ཕྱུང་ཕྱི་དུས་ལེ་ལོ་བོར། །"
608115,612570,4455,"སང་ཕོད་བཅས་ཞོག་ཅི་ཡོད་ཆོས་ལ་ཐོང༌། །ཐ་མལ་སྤྱོད་བོར་བསྟན་པའི་སྲོལ་དུ་ཞུགས། །"
612570,616335,3765,"སྟོབས་བཞིའི་གཉེན་པོས་ལས་ངན་སྡིག་པ་སྦྱོངས། །ཆོས་སྤྱོད་རྣམ་བཅུས་ཚོགས་གཉིས་ཅི་ནུས་སོགས། །"
616335,620150,3815,"སྦྱོར་དངོས་རྗེ་གསུམ་ཆོས་ཀྱི་ལམ་དུ་ཆུག །དེ་ཡིས་འཁོར་བའི་གནས་ལས་མྱུར་དུ་ཐར། །"
620150,623145,2995,"འགྲོ་བ་རིགས་དྲུག་གི་གནས་རིས་ལས་འབྲོས་རན་དུས་"
623145,626625,3480,"འབྲོས་བྱེད་དེ་ཅི་དགོས་རེད་ཟེར་ན། དེ་ནས་ང་ཚོ་དཔེར་ན་"
626625,631995,5370,"ཤི་ནད་འཕོག་དུས་ནད་ན་ཡོད་ན་ཡང༌། ད་རུང་ཚེ་འདིའི་བྱ་བ་དང་ཁྱིམ་ཚང་གི་འཚོ་ཚིས་བཤད་བསྡད་རྒྱུ་མ་གཏོགས་"
631995,635965,3970,"འཆི་བའི་སྡུག་བསྔལ་སེམས་ལ་དྲན་གྱི་མ་རེད། དེ་རྟག་འཛིན་གྱི་ངོ་བོ་རེད།"
635965,640500,4535,"རྟག་འཛིན་དེ་རྩད་ནས་ཕྱུང་སྟེ་མ་འོངས་པ་ན་བསྒྲུབ་དགོས་བསམ་རྒྱུ།"
640500,649545,9045,"བྱ་བ་ངན་པའི་བློ། རོལ་མོ། རྩེད་འཇོ་དགའ་རྒྱུའི་ལེ་ལོ་ཐམས་ཅད་ཕ་བོར་ཏེ་ཞོག །"
649545,653910,4365,"ངས་ད་ལོ་བྱེད་རྒྱུ་མ་རེད་དེ་སང་ཕོད་བྱེད་ཀྱི་རེད་བསམ་རྒྱུ་དེ་ལྟ་བུ་མི་དགོས་པ།"
653910,659415,5505,"ད་ལྟ་ལམ་སང་ལམ་སང༌། ཉི་མ་རེ་རེ་བཞིན་དུ་རང་གི་ལུས་ངག་ཡིད་གསུམ་གྱི་བྱ་བ་ཅི་ཡོད་པ་ཐམས་ཅད་"
659415,661825,2410,"ཆོས་ཀྱི་ཕྱོགས་ལ་རྩེ་གཅིག་ཏུ་གཞོལ།"
661825,666545,4720,"ཆོས་ལ་བརྩོན་ནས་བཟུང་སྟེ་འཇིག་རྟེན་ཐ་མལ་གྱི་དགྲ་འདུལ། གཉེན་སྐྱོང་འཇིག་རྟེན་ཆོས་བརྒྱད།"
666545,670345,3800,"ཚོང་ཁ། སོ་ནམ།  དཀོར་ཁ་གྲོང་ཆོག་གི་སྤྱོད་པ་ཐམས་ཅད་བོར་ཏེ་"
670345,673075,2730,"སོ་བྱང་སྔགས་གསུམ་གྱི་བསྟན་པའི་ལམ་སྲོལ་ལ་འཛུད།"
673075,675325,2250,"ཐོས་བསམ་སྒོམ་གསུམ་རེ་བརྩོན་པར་བྱེད་དགོས།"
675325,678490,3165,"རྟེན་གྱི་སྟོབས་དང་གཅིག །སུན་འབྱིན་པའི་སྟོབས་དང་གཉིས།"
678490,680430,1940,"གཉེན་པོ་ཀུན་ཏུ་སྤྱོད་པའི་སྟོབས་དང་གསུམ།"
680430,684895,4465,"སླར་སྡོམ་པའི་སྟོབས་དང་བཞི་སྒོ་ནས་ཉི་མ་རེ་རེ་བཞིན་ཉིན་མཚན་དུས་དྲུག་ཏུ་"
684895,690375,5480,"ཕུང་པོ་གསུམ་པ་མདོའི་བཤགས་པ་དགོས་པ་དང༌། སྔགས་ཀྱི་བཤགས་པ་ཉིན་མཚན་དུས་དྲུག་ཏུ་དགོས་གསུངས་པ་ལྟར་"
690375,693830,3455,"རང་རྒྱུད་ཀྱི་སྡིག་པ་ཐམས་ཅད་ཅི་ནུས་སུ་སྤོང་དགོས་པ་ཡིན།"
693830,699425,5595,"ཡི་གེ་འབྲི་བ་དང༌། ཡི་གེ་ལྟ་བ་དང་ལ་སོགས་པའི་ཆོས་སྤྱོད་རྣམ་པ་བཅུ་ཡོད།"
699425,704525,5100,"ཆོས་སྤྱོད་རྣམ་པ་བཅུ་འདི་དུས་རྟག་ཏུ་མ་ཡེངས་པ་སྤྱོད་ན་བསོད་ནམས་ཚད་མེད་པ་ཡིན་གསུངས་ཀྱི་རེད་དུས།"
704525,709630,5105,"དེ་ལྟ་བུ་དམིགས་བཅས་བསོད་ནམས་དང༌། དམིགས་མེད་ཡེ་ཤེས་ཀྱི་ཚོགས་གཉིས་ཅི་ནུས་སུ་གསོག །"
709630,714695,5065,"དེ་ཐམས་ཅད་ལའང་དགེ་རྩ་ཐབས་ཀྱིས་ཟིན་པར་བྱེད་པ་སྦྱོར་བ་སེམས་བསྐྱེད་དམ་པ།"
714695,717890,3195,"དགེ་རྩ་རྐྱེན་གྱིས་མི་ཤིགས་པར་བྱེད་པ་དངོས་གཞི་དམིགས་མེད་དམ་པ།"
717890,723570,5680,"དགེ་རྩ་གོང་འཕེལ་དུ་བྱེད་པ་རྗེས་བསྔོ་བ་དམ་པ་གསུམ་གྱིས་རྩིས་ཟིན་སོང་ན།"
723570,726335,2765,"ལུས་ངག་ཡིད་གསུམ་གྱིས་བྱ་བ་གང་བྱས་པ་ཐམས་ཅད་"
726335,729690,3355,"ཆོས་ཀྱི་ལམ་ལ་རང་ཤུགས་ཀྱིས་ཚུད་འགྲོ་བ་ཡིན་པས།"
729690,739030,9340,"དེ་ཆོས་དྲུག་པོ་ཚུལ་བཞིན་དུ་སྤྱད་ན།"
739030,742195,3165,"ཁམས་གསུམ་འཁོར་བའི་གནས་ལས་མྱུར་དུ་ཐར་བ་ཡིན་པའི་ཕྱིར།"
742195,745220,3025,"འཁོར་བ་ལས་ཐར་པའི་ཐབས་དེ་ལ་བརྩོན་པར་གྱིས་ཤིག་གསུངས།"
745220,749685,4465,"(23)  ཆོས་ཀྱི་བར་གཅོད་ནོར་བ་རྣམ་དྲུག་ནི། །ཆེ་བཙན་དྲེགས་པས་གཡེངས་བའི་ཆེན་པོ་ནོར། །"
749685,753900,4215,"མི་ཆོས་བྱ་བ་བསྒྲུབ་པའི་བཙུན་པ་ནོར། །ཐ་སྙད་མི་ཚེ་འདའ་བའི་སྟོན་པ་ནོར། །"
753900,758310,4410,"དུག་ལྔས་རང་རྒྱུད་བསྲེག་པའི་སྔགས་པ་ནོར། །བླུན་རྨོངས་ལོག་འཚོ་བསྒྲུབ་པའི་སྒོམ་ཆེན་ནོར། །"
758310,762010,3700,"བློ་ལྟོས་འཁྲུལ་སྣང་འཆའ་བའི་སྐྱེ་བོ་ནོར། །ནོར་བ་སྤངས་ནས་ཆོས་ལ་བརྩོན་པ་གཅེས། །"
762010,766135,4125,"གསུངས་དུས་དམ་པའི་ཆོས་དེ་ལའང༌། ཆོས་ཆོས་བཞིན་དུ་མ་སྤྱད་ནས་བཟུང་སྟེ་"
766135,768350,2215,"ཆོས་ལ་བརྟེན་ཏེ་སྡིག་པ་མང་པོ་གསོག་རྒྱུ་རེད་དུས།"
768350,772630,4280,"དེ་ཆོས་ཀྱི་བར་ཆད་ནོར་འཁྲུལ་ཡོད། གང་རེད་ཟེར་ན་ནི།"
772630,775850,3220,"ཐོབ་གོ་ས་མཐོན་པོ་དང༌། མི་བཙན་པོའི་དབང་དགོས་བསམ་ན་ནི་"
775850,779350,3500,"ང་རྒྱལ་གྱི་དྲེགས་པ་ཆེན་པོ་སྐྱེས་ནས་བཟུང༌།"
779350,783310,3960,"དེ་མི་འགྲུབ་བསྡད་པའི་བར་དུ་དེ་ནོར་འགྲོ་རེད་མ་གཏོགས་དམ་པའི་ཆོས་སྒྲུབ་པ་མེད་པས།"
783310,789055,5745,"དེ་ནོར་ས་གཅིག་ཡིན། འཇིག་རྟེན་ཚེ་འདིའི་བྱ་བ་གཏམ་སྙན་གྲགས་ཆེན་པོ་ཡོད་པ་དང༌།"
789055,793295,4240,"མི་དབང་པོ་གྲུང་པོ་རེད་ཟེར་བ་དང༌། བཟའ་ཚང་ཆེན་པོའི་སོ་ཚིས་ལ་སོགས་པ་"
793295,796945,3650,"མི་སྲིད་ཇུས་མཁས་པའི་བྱ་བ་སྒྲུབ་བསྡད་ནས་བཟུང༌།"
796945,800490,3545,"སོ་བྱང་སྔགས་གསུམ་སྡོམ་པའི་ཆོས་དང་རྒྱབ་འགལ་རེད་འགྲོ་རེད་དུས་"
800490,802755,2265,"བཙུན་པ་ཐམས་ཅད་ནོར་འཁྲུལ་འབྱུང་བ་ཡིན་ཟེར།"
802755,806085,3330,"རིག་པའི་གནས་ལྔ་པོ་ཐམས་ཅད་ལ་བརྩོན་པར་བྱས་ན།"
806085,811130,5045,"དེ་བརྩོན་པ་དེ་བསམ་པ་དང་སྒོམ་པ་གཉིས་ཀྱིས་གཏན་ལ་མ་ཕབ་ནས་བཟུང་"
811130,814765,3635,"ཚིག་རྐྱང་པ་ཡིས་ཚིག་མཐའ་འདེད་སོང་ན་མི་ཚེ་སྟོང་ཟད་དུ་འདའ་བར་འགྱུར་བའི་"
814765,817600,2835,"ཆོས་སྟོན་པ་པོ་ལ་ནོར་འཁྲུལ་འབྱུང་བ་ཡིན།"
817600,821160,3560,"རང་གི་རྒྱུད་ལ་ཉོན་མོངས་པ་དུག་ལྔ་གང་ཆེ་བ་ཡོད་པ་དེ་ལ་"
821160,824030,2870,"གཉེན་པོ་བསྟེན་ཏེ་དུག་ལྔ་འབུར་འཇོམས་སུ་མ་བཏུལ་ན།"
824030,828835,4805,"ཉོན་མོངས་དུག་ལྔ་འདི་མེ་དང་འདྲ་བས་ཐར་པའི་སྲོག་རྩ་ཐམས་ཅད་བསྲེག་འགྲོ་བ་ཡིན་པས་ན།"
828835,832535,3700,"གསང་སྔགས་རྡོ་རྗེ་ཐེག་པའི་ལམ་ལ་ཞུགས་ཏེ་བུད་མེད་བསྟེན།"
832535,835605,3070,"ཆང་འཐུང༌། མཐུ་མང་པོ་སྤྱད་པའི་སྔགས་པ་ཐམས་ཅད་"
835605,839890,4285,"རང་རྒྱུད་ཉོན་མོངས་དུག་ལྔ་རང་མཚན་དུ་སྤྱད་སོང་ན་ནོར་འཁྲུལ་འོང་བ་ཡིན།"
839890,842300,2410,"འཇིག་རྟེན་བླུན་པོ་ཐམས་ཅད་མགོ་སྐོར་བའི་ཆེད་དུ། ང་རི་ཁྲོད་པ་ཡིན།"
842300,847265,4965,"ང་ཉམས་རྟོགས་པ་མཐོན་པོ་ཡིན། ང་བླ་མ་ཡིན། ང་གྲུབ་ཐོབ་ཡིན།"
847265,847598,333,"དཀོར་ལོག་འཚོ་མང་པོ་བསྒྲུབས་ནས་བཟུང་སྟེ་"
847598,853260,5662,"རི་ལ་བསྡད་པའི་སྒོམ་ཆེན་དེ་ལའང་ནོར་འཁྲུལ་བྱ་བ་ཡིན།"
853260,856950,3690,"འཇིག་རྟེན་ཚེ་འདིའི་བྱ་བ་འཁྲུལ་སྣང་འདི་ལ་བདེན་པར་བཟུང་སྟེ་"
856950,862065,5115,"དེའི་རྗེས་བཅད་བསྡད་ནས་བཟུང་སྟེ། བློ་ལྟོས་འཁྲུལ་སྣང་འཆའ་བའི་སྐྱེ་བོ་ནོར་བ་ཡིན་པས།"
862065,867385,5320,"ནོར་བ་དེ་དག་ཐམས་ཅད་སྤངས་ནས་མ་ནོར་བ་དམ་པའི་ཆོས་ལ་བརྩོན་པར་བྱེད་དགོས་པ་ཡིན།"
867385,871440,4055,"(24)  མ་ནོར་ཕན་པར་བྱེད་པའི་ཆོས་དྲུག་ནི། །བརྩེ་བའི་གདམས་ངག་བླ་མའི་གསུང་ལ་ཉོན། །"
871440,875150,3710,"ཡིད་ཆེས་གཏད་ས་རྒྱལ་བའི་བཀའ་ལུང་ལྟོས། །ཉིན་མཚན་ཐུན་མཚམས་དགེ་སྡིག་བསྔོ་བགྲང་གྱིས། །"
875150,879300,4150,"ཕྱི་མ་གར་འགྲོ་རྒྱུ་འབྲས་རྟེན་འབྲེལ་སོམས། །ལུས་དང་ལོངས་སྤྱོད་གཅེས་འཛིན་ཆགས་ཞེན་སྤོངས། །"
879300,882995,3695,"རྒྱུད་ལུང་མན་ངག་སེམས་ཀྱི་སྟེང་དུ་ཕོབ། །དེ་ལྟར་བྱས་ན་མྱུར་དུ་སངས་རྒྱས་འགྲུབ། །"
882995,886870,3875,"ཟེར་བ་ཐར་པ་དང་ཐམས་ཅད་མཁྱེན་པའི་ལམ་བསྒྲུབ་དགོས་ན་"
886870,890025,3155,"བླ་མའི་བཀའ་བཞིན་དུ་བསྒྲུབ་ན་ནོར་འཁྲུལ་གཏན་ནས་ཡོད་རྒྱུ་མ་རེད་མ་གཏོགས།"
890025,892810,2785,"དེ་མིན་པ་རང་གི་ཕ་མ་དང་སྤུན་མཆེད་ཡིན་ན་ཡང་"
892810,895365,2555,"ཆོས་དང་རྒྱབ་འགལ་མ་གཏོགས་བཤད་ཤེས་རྒྱུ་མ་རེད་དུས།"
895365,900425,5060,"བརྩེ་བའི་གདམས་ངག་བླ་མས་ཅི་གསུངས་བཀའ་བཞིན་དུ་བསྒྲུབ་ན་ཐར་པའི་ལམ་དུ་འགྲོ་བ་ཡིན།"
900425,903205,2780,"བློ་གཏད་ཀྱི་འདུན་མ་ཡིད་ཆེས་ས་དེ་སུ་རེད་ཟེར་ན།"
903205,906020,2815,"སངས་རྒྱས་བཅོམ་ལྡན་འདས་ཀྱི་བཀའ་ལུང་ན་ཡོད་པ་ལྟར་དུ་བྱས་ན་"
906020,911420,5400,"བཀའ་ལ་ནོར་འཁྲུལ་གཏན་ནས་མེད་པ་ཐམས་ཅད་མཁྱེན་པ་བསླུ་མེད་ཡིན་པས་དེ་ལ་ལྟོས་དགོས།"
911420,916645,5225,"དེ་ནས་ཉིན་དང་མཚན་ཐུན་མཚམས་ཐམས་ཅད་དུ་རང་གི་ལུས་ངག་ཡིད་གསུམ་གྱིས་དགེ་བ་བྱེད་ཀྱིས་ཨེ་འདུག །"
916645,921150,4505,"སྡིག་པ་བྱེད་ཀྱིས་ལྟ་སྟེ་བསྔོ་བགྲང་བྱེད་དེ་རང་གིས་རང་ལ་རྒྱུགས་ལེན།"
921150,923880,2730,"དགེ་བ་བྱས་ཡོད་ཀྱི་ཡིན་ན་དགེ་བ་དེ་གོང་འཕེལ་དུ་གཏོང༌།"
923880,928860,4980,"སྡིག་པ་བྱས་ཡོད་ཀྱི་ཡིན་ན་བཤགས་པས་བྱས་རང་རྒྱུད་རྣམ་པར་དག་འགྲོ་ཡིན།"
928860,930450,1590,"སྐྱེ་བ་ཕྱི་མ་ག་ན་འགྲོ་ད་ལྟ་ལས་སྟངས་འདི་ལ་བལྟས་ན།"
930450,937195,6745,"ད་ལྟ་དགེ་བ་ཡང་དག་པ་སྤྱད་ན་སྐྱེ་བ་ཕྱི་མ་དགེ་བ་ཆེན་པོ་བྱས་ན་དག་པའི་ཞིང་ཁམས།"
937195,944255,7060,"ཆུང་ཆུང་བྱས་ན་མཐོ་རིས་འགྲོ། སྡིག་པ་ཞིག་བྱས་ན། སྡིག་པ་ཆེན་པོ་བྱས་ན་ངན་སོང༌།"
944255,947690,3435,"ཆུང་ཆུང་ཞིག་སྤྱད་ན་ལྷ་མ་ཡིན་ལ་སོགས་འགྲོ་ཡི་རེད།"
947690,951480,3790,"དེ་རྒྱུ་འབྲས་རྟེན་འབྲེལ་བསླུ་བ་མེད་པ་དེ་དུས་རྟག་ཏུ་བསམ།"
951480,957450,5970,"རང་གི་ལུས་དང་ལོངས་སྤྱོད་དེ་ཐམས་ཅད་ལ་གཅེས་འཛིན་གྱི་འཁྲི་བ་ཆགས་ཞེན་ཐམས་ཅད་སྤང་སྟེ་"
957450,960705,3255,"ཟས་ལྟོ་འགྲང་དང་གོས་ལྷགས་སྐྱོབ་ཙམ་གྱིས་འཚོ་བར་ཤེས་ཏེ་"
960705,968310,7605,"དམ་པའི་ཆོས་ཚུལ་བཞིན་དུ་སྤྱད་པ་མ་གཏོགས་པའི་ལུས་ལ་བྱི་དོར་བྱེད་པ་དང༌། ལོངས་སྤྱོད་གསོག་འཇོག་བྱེད་པ།"
968310,974205,5895,"རྒྱན་ཆ་མང་པོ་བཏགས་པའི་ཆགས་ཞེན་སྤོངས། རྒྱུད་ལུང་མན་ངག་ཐོས་བསམ་སྒོམ་གསུམ་གང་བྱེད་ནའང་"
974205,978310,4105,"རང་གི་སེམས་ཀྱི་སྟེང་དུ་ཚུར་ཕོབ། སེམས་དང་ཆོས་གཉིས་འདྲེས་པ་ཞིག་འབྱུང་ན་"
978310,982110,3800,"རྒྱུད་ལུང་མན་ངག་མང་པོ་ཐོས་པ་གོ་ཆོད་ཀྱི་རེད་དུས་སེམས་ཀྱི་སྟེང་དུ་ཕོབ།"
982110,985290,3180,"དེ་ལྟར་བྱས་ན་མྱུར་དུ་སངས་རྒྱས་འགྲུབ་པའི་རྒྱུ་ཡིན།"
985290,989500,4210,"(25)  ཚུལ་བཞིན་ལེགས་པར་བལྟ་བའི་ཆོས་དྲུག་ནི། །འཇིག་རྟེན་བྱ་བས་ཕན་པ་འདུག་གམ་ལྟོས། །"
989500,993150,3650,"བསགས་པའི་ནོར་རྫས་བཞག་ནས་སོང་བ་ལྟོས། །ཕན་བཏགས་ལན་དུ་གནོད་པ་སྐྱེལ་ལ་ལྟོས། །"
993150,997455,4305,"མང་པོའི་ནང་ནས་གཅིག་པོར་སོང་བ་ལྟོས། །སོ་ནམ་གསོག་བུན་རང་ཤི་རང་དབང་ལྟོས། །"
997455,1003745,6290,"ཆེ་བཙན་སྙན་གྲགས་བོར་ནས་སོང་བ་ལྟོས། །དེ་ལྟར་བལྟས་ནས་རང་ལ་ནང་དུ་སྦྱོར། །"
1003745,1007755,4010,"ཞེས་པ་ཚུལ་བཞིན་དུ་རང་གི་སེམས་ལ་"
1007755,1011847,4092,"དྲན་པ་དང་ཤེས་བཞིན་གྱིས་རང་གི་སེམས་རྒྱུད་འདི་དག་ལེགས་པར་བལྟས་ནས་"
1011847,1014200,2353,"བསམ་བློ་གཏང་བའི་ཆོས་དྲུག་ཡོད། གང་རེད་ཟེར་ན།"
1014200,1018562,4362,"འཇིག་རྟེན་ཚེ་འདིའི་བྱ་བ་བསྟོད་པ་སྙན་གྲགས། ནོར་དང་ལོངས་སྤྱོད།"
1018562,1024175,5613,"ཐོབ་དང་གོ་ས་ཕན་པ་ཨེ་འདུག །མཐོ་བའི་མཐའ་མ་ལྷུང༌། འདུས་པའི་མཐའ་མ་འབྲལ།"
1024175,1028509,4334,"བསགས་པའི་མཐའ་མ་ཟད། སྐྱེས་པའི་མཐའ་མ་འཆི་གསུངས་པ་ཐམས་ཅད་ལ་ལྟོས་གསུངས།"
1028509,1032742,4233,"བསགས་པའི་ནོར་རྫས་རྒྱལ་པོ་རྣམ་ཐོས་སྲས་ཀྱི་བང་མཛོད་ལྟ་བུ་ཅན་ཞིག་ཡོད་ནའང༌།"
1032742,1037790,5048,"ཤི་བའི་ནངས་པར་ནི་བསགས་པའི་ནོར་རྫས་མ་ཚད་རང་གི་ལུས་འདིའང་ཤུལ་ལ་བཞག་ནས་འབོར་འགྲོ་དུས།"
1037790,1040281,2491,"དེ་ནས་ཤི་ཁ་ལ་ཕན་པ་དམ་པའི་ཆོས་ཡིན་པས་ན་"
1040281,1043300,3019,"ཆོས་ཀྱི་བང་མཛོད་འདི་བསག་དགོས་པས་འདི་ལ་ལྟོས།"
1043300,1045367,2067,"ད་ལྟ་དུས་ངན་སྙིགས་མ་ལྔ་བདོ་བའི་སྐབས་འདིར། ཕ་མའི་བུ་བརྒྱུད་ཡིན་ན་འདྲ།"
1047957,1051214,3257,"སྤུན་མཆེད་ཡིན་ན་འདྲ། བླ་མ་དང་སློབ་མ་ཡིན་ན་འདྲ།"
1051214,1054028,2814,"ཕར་ཕན་བཏགས་ན་ཚུར་བཀའ་དྲིན་མི་གསོས་པ་ལན་དུ་"
1054028,1059619,5591,"གནོད་པ་བསྐྱལ་ཏེ་སྤྲེའུ་ལ་ཟས་སྟེར་བ་ལྟ་བུ་ཡིན་པས་དེ་ལ་ལྟོས་གསུངས།"
1059619,1064252,4633,"དེ་ནས་མི་མང་པོ་ལྷན་དུ་གཅིག་ཏུ་འཚོགས་ནས་བསྡད་ཡོད་ནའང་"
1064252,1067638,3386,"དམག་མི་འབུམ་ཕྲག་མང་པོའི་དཔོན་པོ་དམག་དཔོན་ཡིན་ནའང་ཤི་འགྲོ་དུས་"
1067638,1069305,1667,"རང་གཅིག་པུ་མ་གཏོགས་ཡོད་མ་རེད།"
1069305,1072609,3304,"གྲྭ་བ་དགེ་འདུན་སྟོང་ཕྲག་མང་པོའི་བདག་པོ་བླ་མ་ཡིན་ན་"
1072609,1075067,2458,"འདས་འགྲོ་དུས་རང་གཅིག་པུ་མ་གཏོགས་ཡོད་མ་རེད་དུས།"
1075067,1079881,4814,"དེའི་ཕྱིར་ན་རང་ཉིད་གཅིག་པུ་འདི་ལ་ཕན་ཐབས་ཀྱི་ཐབས་གང་གཟབ་བལྟ་དགོས་པ་ཡིན།"
1079881,1084833,4952,"འཇིག་རྟེན་བྱ་བ་ཞིང་ཁ་སོ་ནམ་བྱས། ནོར་ལོངས་སྤྱོད་གསོག །"
1084833,1089586,4753,"དེ་བྱས་བསྡད་ན་སྡིག་པ་མང་པོ་ཞིག་གསོག་གསོག་དེའི་མཐར་རང་གིས་སྤྱོད་དབང་མེད་པ་"
1089586,1092867,3281,"རང་ཉིད་ཤི་འགྲོ་དུས་དེའི་ནང་ནས་འབྲུ་རྡོག་པོ་གཅིག །"
1092867,1095790,2923,"གསེར་ཉག་མ་གཅིག་འཁུར་རྒྱུ་མེད་པ་དེ་ལ་ལྟོས།"
1095790,1102671,6881,"ཐོབ་གོ་ས་ཆེ་བཙན་འགྲན་ཟླ་དང་བྲལ་བ་དང༌། སྙན་པ་གྲགས་པ་འཇིག་རྟེན་ཐམས་ཅད་གང་འགྲོ་བ་ཡིན་ན་"
1102671,1105771,3100,"འཆི་བའི་ནངས་པ་ལ་དེ་ཐམས་ཅད་ཤུལ་དུ་བཞག་སྟེ་"
1105771,1109381,3610,"དེ་གཏམ་སྙན་ཙམ་མ་གཏོགས་གང་ཡང་མེད་པ་དེ་ལ་ལྟོས།"
1109381,1112686,3305,"དེ་ཐམས་ཅད་འཇིག་རྟེན་བྱ་བ་མི་རྟག་པའི་རང་བཞིན་དུ་བལྟས་ནས་"
1112686,1118990,6304,"ནང་དུ་རང་ལ་ཡང་དག་པ་སྦྱོར་བ་བྱས་ན། དེ་ནས་ཚེ་འདི་ལ་དྲན་པ་དང་ཤེས་བཞིན་གྱི་སྒོ་ནས་ངེས་འབྱུང་དང༌།"
1118990,1122743,3753,"སྐྱོ་ཤེས་སྐྱེས། འཇིག་རྟེན་ཆོས་བརྒྱད་མེད་པ་འབྱུང་ཡོད་ཀྱི་ཡིན་དུས།"
1122743,1125667,2924,"ཆོས་བརྒྱད་བྲལ་རྣམས་འཕགས་པ་དངོས། །ཆོས་བརྒྱད་བསལ་རྣམས་འཕགས་པའི་རིགས། །"
1125667,1132300,6633,"ཟེར་མཁན་དེ་རེད། འཇིག་རྟེན་ཆོས་བརྒྱད་པོ་ག་ཚོད་ཆུང་སོང་ན་ཆོས་ཡང་དག་ལ་འགྲོ་བའི་རྟགས་རེད་དུས་དེ་ལྟར་བྱེད།"
1132300,1135990,3690,"(26)  ཡང་དག་དོན་ཆེན་འགྱོད་མེད་རྣམ་དྲུག་ནི། །ཆོས་ཕྱིར་དཀའ་སྤྱད་ཤི་ཡང་འགྱོད་པ་མེད། །"
1135990,1140105,4115,"དམན་པའི་ས་བཟུང་ཁ་ཉེན་འགྱོད་པ་མེད། །ཕ་ཡུལ་རྒྱབ་སྐྱུར་མདོ་ཆུང་འགྱོད་པ་མེད། །"
1140105,1146419,6314,"ཆོས་ཕྱིར་ནོར་བཏང་ལྟོགས་ཀྱང་འགྱོད་པ་མེད། །སྡིག་སྤངས་ངན་སོང་ཡང་འགྱོད་པ་མེད། །"
1146419,1149181,2762,"རང་གིས་བྱ་བ་ལས་ཀ་བྱས་བཞག་ན།"
1149181,1152681,3500,"ཆོས་དང་མཐུན་པའི་ཡང་དག་པའི་དོན་རེད་སོང་ན་འགྱོད་པ་མེད་པ་རེད།"
1152681,1155752,3071,"དམ་པའི་ཆོས་ཀྱི་ཕྱིར་ཟས་དང་གོས་མ་རྙེད་དེ་"
1155752,1158228,2476,"མུ་གེས་འཆི་སོང་ནའང་གཏན་ནས་འགྱོད་པ་མེད་དུས།"
1158228,1161114,2886,"ཆོས་ཕྱིར་དཀའ་བ་སྤྱད་པ་བྱང་ཆུབ་སེམས་དཔའ་ཆོས་འཕགས་དང༌།"
1161114,1167371,6257,"རྗེ་བཙུན་མི་ལ་ལྟ་བུ་ཡིན། དེ་ནས་རང་ཉིད་ང་རྒྱལ་ཁེངས་པ་མེད་པ་རྟག་ཏུ་དམན་པའི་ས་བཟུང་སྟེ་"
1167371,1171038,3667,"ཧྲུལ་པོའི་གོས་གྱོན་བསྡད་ན། འཇིག་རྟེན་གྱིས་ཁྱེད་ཁ་དྲག་མིན་འདུག །"
1171038,1173828,2790,"གང་ཡང་སྐྱོན་རེད་ཟེར་མང་པོ་བཤད་ནའང་འགྱོད་པ་མེད་དེ་"
1173828,1176667,2839,"རང་གི་ང་རྒྱལ་དང་རློམ་སེམས་མེད་པ་ཡིན།"
1176667,1181462,4795,"ཕ་ཡུལ་ཟེར་བ་འདི་ཆགས་སྡང་རྨོངས་གསུམ་གྱིས་དུས་རྟག་ཏུ་གདུང་བསྡད་ཀྱི་རེད་དུས།"
1181462,1183681,2219,"ཆགས་སྡང་རྨོངས་གསུམ་སྐྱེས་པ་དེ་ལ་བརྟེན་ནས་"
1183681,1187595,3914,"ཕ་ཡུལ་རྒྱབ་ཏུ་བསྐྱུར་ནས་མི་ཡུལ་ཟས་འཚོ་བ་ལ་བརྟེན་ནས་"
1187595,1190876,3281,"སྡོད་བསྡད་ན་མདོ་ཆུང་མི་མདོ་མེད་རེད་ཟེར་ནའང་ འགྱོད་པ་མེད།"
1190876,1195209,4333,"དམ་པའི་ཆོས་ཀྱི་ཕྱིར་དུ་རང་གི་ནོར་དང་ལོངས་སྤྱོད་ཐམས་ཅད་བཏང་ནས་"
1195209,1198700,3491,"རང་གྲོད་ཁོག་ལྟོགས་པ་འབྱུང་ནའང༌། ཆོས་ཀྱི་ཕྱིར་དུ་ནོར་བཏང་བ་དེ་"
1198700,1202881,4181,"སྐྱེ་བ་མང་པོ་ལ་ཚོགས་རྫོགས། ཐར་པའི་ལམ་ལ་སྤྱོད་འོང་དུས་འགྱོད་པ་མེད།"
1202881,1209128,6247,"སྡིག་པ་གང་བྱས་པ་ཐམས་ཅད་གཉེན་པོ་སྟོབས་བཞིའི་སྒོ་ནས་སྤོང་གཏན་ནས་མ་བྱས་ན་"
1209128,1213752,4624,"ངན་སོང་འགྲོ་སྲིད་ཀྱི་མ་རེད། གལ་ཏེ་ངན་སོང་སོང་ནའང་གཏན་ནས་འགྱོད་པ་མེད།"
1213752,1217486,3734,"(27)  སྣོད་ངན་ཆོས་དང་རིང་བ་རྣམ་དྲུག་ནི། །ཕག་བཞིན་ཅི་རྙེད་ཟ་བས་བསྒྲུབ་མི་ནུས། །"
1217486,1221648,4162,"རང་མཐོང་རྨ་བྱ་འདྲ་བས་འགྲོགས་མི་ཤེས། །ཆིག་ཚུགས་ཕ་བོང་འདྲ་བས་སྐབས་མི་ཕྱེད། །"
1221648,1225462,3814,"ཀུན་འཛུགས་གཟེ་མ་འདྲ་བས་དམ་མི་ཐུབ། །སྦྲུལ་བཞིན་གདུག་རྩུབ་ཆེ་བས་རྒྱུད་མི་ཐུལ། །"
1225462,1230586,5124,"སྤྲེལ་བཞིན་སྤྱམ་ལ་འབྱོར་བས་བསྒྲུབ་མི་ཚུགས། །གླང་བཞིན་ཤེས་རབ་བླུན་པས་ཆོས་མི་གོ། །"
1230586,1233019,2433,"དེ་ཕྱིར་འདི་དག་སྤངས་ནས་བསྒྲུབ་པ་གཅེས། །ཞེས་པ་སྟེ།"
1233019,1237300,4281,"དམ་པའི་ཆོས་ཀྱི་སྣོད་དུ་མ་འགྱུར་པ་ཆོས་ལས་ཐག་རིང་བ་སྐྱོན་དྲུག་ཡོད།"
1237300,1242709,5409,"གང་རེད་ཟེར་ན། ཕག་པ་ལ་གང་རྙེད་ན་མི་གཙང་བ་ཡིན་ན་གཙང་བ་ཡིན་ན་ཐམས་ཅད་ཟ་བཞག་རེད།"
1242709,1246462,3753,"དཔེ་དེ་བཞིན་དུ་དཀོར་དང་ལོག་འཚོ་ཅི་རྙེད་པ་ཐམས་ཅད་ཟ་བཞག་ན་"
1246462,1249686,3224,"ཐར་པ་དམ་པའི་ཆོས་གཏན་ནས་བསྒྲུབ་མི་ནུས་པ་ཡིན།"
1249686,1252848,3162,"དེ་ནས་རང་གིས་རང་གཟུགས་མཛེས་པ་ཡོད། ལང་འཚོ་རྒྱས་པ་ཡོད།"
1252848,1257128,4280,"ཐོབ་མཐོན་པོ་ཡིན་བསམ། རྨ་བྱ་ཁོ་རང་གཟུགས་མཛེས་པ་ཡིན་བསམ་ང་རྒྱལ་ཡོད་རེད།"
1257128,1261700,4572,"དེ་ལྟ་བུ་ང་རྒྱལ་བྱས་ན་སུ་ཞིག་མཉམ་དུ་འགྲོག་ན་མཐུན་པོ་མི་འོང༌།"
1261700,1271205,9505,"རང་གི་སྤྱོད་པ་ངན་པ་འདི་བཟང་པོ་ཡིན་བསམ་"
1271205,1274138,2933,"སེམས་གོ་སྐབས་གཏན་ནས་མི་ཕྱེད་པ་བླ་མ་ལ་དག་སྣང་མེད་"
1274138,1276124,1986,"མཆེད་གྲོགས་ཀྱི་སྣང་བ་འདྲ་མ་དག་ན་"
1276124,1278729,2605,"བྲག་ཕ་བོང་འདྲ་བ་ཞིག་ཡིན་ན་དེ་གཏོར་དགོས་ན་"
1278729,1281848,3119,"སུས་ཀྱང་དཀའ་ཚེགས་ཆེན་པོ་མ་བྱས་ན་གཏོར་ཐུབ་རྒྱུ་མ་རེད་དུས་"
1281848,1287038,5190,"ཐར་པའི་གོ་སྐབས་མི་དབྱེ་ཡིན། གཞན་ལ་སྐྱོན་གང་ཐུབ་གང་ཐུབ་བྱས།"
1287038,1290524,3486,"གནོད་པ་གང་ཐུབ་གང་ཐུབ་བྱས་གཟེ་མ་ར་མགོ་འདྲ་བྱས་བསྡད་ན།"
1290524,1293914,3390,"དམ་ཚིག་དང་སྡོམ་པ་ཚུལ་བཞིན་དུ་བསྲུང་མི་ཐུབ།"
1293914,1298200,4286,"དེ་ནས་ཧ་ཅང་རྒྱུད་ཞེ་སྡང་སྐྱེས་ཏེ་སྦྲུལ་ལྟ་བུ་གདུག་རྩུབ་ཆེ་བ་ཡིན་ན།"
1298200,1304029,5829,"ཞེ་སྡང་ལྟ་བུ་སྡིག་པ་མེད། །ཟེར་རེད་དུས་རྒྱུད་དུལ་བའི་དུས་རྟག་ཏུ་འོང་བ་མ་ཡིན།"
1304029,1308167,4138,"སྤྲེའུ་ཡིན་ན་སྐད་ཅིག་གཅིག་ལ་སྡོད་རྒྱུ་མེད་པ་ལས་ཀ་མང་པོ་བྱེད་དགོས་རེད་དུས་"
1308167,1311619,3452,"དེ་ལྟ་བུ་མི་དྲན་པ་མེད་པ། མི་བྱེད་པ་མེད་མི་བྱས་བསྡད་ན་"
1311619,1314652,3033,"དམ་པའི་ཆོས་ཀྱི་སྒྲུབ་ཚུགས་ཤིན་ཏུ་འགྱུར་ཤེས་ལེ་མིན།"
1314652,1319524,4872,"བླང་དོར་གྱི་གནས་ག་ཚོད་བཀོད་ནའང་རང་ལ་ཤེས་རབ་ཀྱི་སྣང་བ་མེད་པས་"
1319524,1324757,5233,"བླང་དོར་གྱི་གནད་མ་ཤེས་ནས་བཟུང་སྟེ་བླུན་པོ་ལ་དམ་པའི་ཆོས་གོ་ཐབས་ཡོད་རྒྱུ་མ་རེད་དུས།"
1324757,1328424,3667,"མི་ཤེས་པ་ནི་སྡུག་བསྔལ་ལོ། །ཟེར་མཁན་ལྟ་བུ་རེད་དུས་ཆོས་མི་གོ །"
1328424,1330886,2462,"དེ་ཕྱིར་འདི་དག་སྤང་ནས་བསྒྲུབ་པ་གཅེས།"
1330886,1335600,4714,"(28)  །སྣོད་ངན་དབང་དུ་མི་གཏོང་ཆོས་དྲུག་ནི། །ཚེ་འདིར་བློ་འཇུག་བྱུར་ངན་སྒོར་དབྱུང་ཞིང༌། །"
1335600,1340333,4733,"དགེ་ལ་སྤྲོ་བ་དཔལ་ཡིན་ཕུགས་སུ་ཆུག །ང་རྒྱལ་རང་མཐོང་འདྲེ་ངན་བསྐྲད་བྱ་ཞིང༌། །"
1340333,1345184,4851,"དམན་པའི་ས་འཛིན་དངོས་གྲུབ་སྔ་ལྟས་བསྟེན། །གཉེན་པོ་མཆོག་འཛིན་བདུད་དཔུང་བོར་བྱ་ཞིང༌། །"
1345184,1350684,5500,"རྣམ་རྟོག་གྲོགས་འཆར་ལྟས་ངན་གཡང་དུ་ཁུག །དེ་རྣམས་ལྡན་ན་ཆོས་རབ་བཟང་པོའི་སྣོད། །"
1350684,1355089,4405,"སྣོད་དང་སྐལ་བ་ངན་པའི་སྐྱོན་གྱི་དབང་དུ་མི་གཏོང་བའི་ཆོས་དྲུག་ཡོད།"
1355089,1358742,3653,"གང་རེད་ཟེར་ན། འཇིག་རྟེན་ཚེ་འདིའི་བྱ་བ་ལ་བློ་འཇུག་ན་"
1358742,1362142,3400,"ཚེ་འདིའི་བྱ་བ་བློ་འཇུག་པ་འདི་དམ་པའི་ཆོས་ལ་ཕུང་ཡོང་རྒྱུ། །"
1362142,1365005,2863,"དཔེར་ན་ཁྱིམ་ཞིག་གི་ནང་དུ་ལྟས་ངན་འོང་བ་ལྟ་བུ་ཡིན་བསམ་སྟེ།"
1365005,1371247,6242,"ཚེ་འདིའི་བྱ་བ་ལ་ཞེན་པའི་བློ་འབྱུང་ན་དེ་མ་ཐག་ཏུ་ཕར་མེད་པ་བྱེད་དེ་དེའི་དབང་དུ་མི་འགྲོ།"
1371247,1374826,3579,"དམ་པའི་ཆོས་དགེ་བ་ལ་ག་ཚོད་བརྩོན་ནའང་"
1374826,1381147,6321,"ཐུགས་བསུན་རྒྱུ་དང་སྐྱོ་ངལ་མེད་པའི་སྒོ་ནས། དམ་པའི་ཆོས་ཇི་ལྟར་ནུས་པ་ཞིག་ཡོད་རྒུས་"
1381147,1385273,4126,"དགེ་བའི་ཆོས་ལ་ཅི་ནུས་པ་ཞིག་བྱས་ན། དགེ་བ་བྲེ་གསོག་ཕུལ་གསོག །ཟེར་མཁན་དེ་རེད་དུས།"
1385273,1389400,4127,"དེ་ཕུགས་སུ་བཞག་ན་དགེ་བའི་ནོར་འདི་དགྲ་ཡིས་བརླག་རྒྱུ་མེད།"
1389400,1393026,3626,"སྐྱེ་བ་ཚེ་རབས་ཐམས་ཅད་དུ་རང་དང་མཉམ་དུ་ཡོད་པ་ཡིན།"
1393026,1395668,2642,"དེ་ནས་རང་གི་སེམས་ལ་ཡོན་ཏན་ཡོད་བསམ་ནས་ང་རྒྱལ་དང༌།"
1395668,1400473,4805,"ང་གོ་ས་མཐོན་པོ་ཡིན་བསམ་རང་མཐོང་ཡོད་ན་འདྲེ་ངན་ཁོག་ཏུ་ཞུགས་པ་དང་འདྲ་བས་ན།"
1400473,1403210,2737,"དཔེར་ན་ཁྱིམ་ཞིག་གི་ནང་དུ་འདྲེ་ངན་ཞུགས་ཡོད་ན་"
1403210,1405300,2090,"དེ་ཕ་དབྱུང་ཐུབ་ཐབས་བྱེད་རྒྱུ་རེད་དུས།"
1405300,1410378,5078,"དཔེ་དེ་བཞིན་དུ་ང་རྒྱལ་དང་རང་མཐོང་དེ་དུས་རྟག་ཏུ་རྒྱུད་ལ་མེད་པ་ཕར་གཡུག་དགོས།"
1410378,1414152,3774,"དེ་ནས་དམན་པའི་ས་འཛིན་ཏེ་ང་རྒྱལ་མེད་པ་བྱས་ན་"
1414152,1417105,2953,"རང་ལ་མཆོག་དང་ཐུན་མོང་གི་དངོས་གྲུབ་ཐོབ་པའི་སྔ་ལྟས་ཡིན་པས་"
1417105,1420584,3479,"དེ་ལྟར་དུ་ཚུལ་བཞིན་དུ་བསྟེན་པར་བྱེད་པ་ཡིན།"
1420584,1424184,3600,"དེ་ནས་རང་གི་རྒྱུད་ལ་ཉམས་དང་རྟོགས་པ་མངོན་ཤེས་དང་གྲུབ་རྟགས་སྐྱེ་འོང་ན་"
1424184,1426626,2442,"དེ་ལ་ང་རྒྱལ་དང་མཆོག་འཛིན་ཞུགས་སོང་ན།"
1426626,1431389,4763,"ལྷའི་བུ་བདུད་ཀྱིས་བསླུ་འགྲོ་རྒྱུ་རེད་དུས། དེ་བདུད་ཐམས་ཅད་བོར་བར་བྱ་དགོས་པ་ཡིན།"
1431389,1435605,4216,"བཟང་ངན་གྱི་དགེ་བའི་རྣམ་རྟོག་འདི་ཐམས་ཅད་རང་ཤར་རང་གྲོལ་དུ་མ་བཏང་ནས་"
1435605,1439873,4268,"རྣམ་རྟོག་སྐྱག་ལང་དུ་གཏང་ན། རྣམ་རྟོག་གིས་ད་སྔའང་འཁྲུལ་པ་ལ་འཁྱམས་ཡོང་རེད་དུས།"
1439873,1443689,3816,"བཟང་ངན་གྱི་རྣམ་རྟོག་ཐམས་ཅད་གྲོགས་སུ་འཆར་བའི་སྒོ་ནས་"
1443689,1448565,4876,"རྣམ་རྟོག་གྲོལ་ལུགས་རྣམ་པ་གསུམ་དུ་ཤེས་ན་ལྟས་ངན་གཡང་དུ་ཁུག་ཟེར་བ་ཡིན།"
1448565,1451605,3040,"ན་ཚ་གདོན་བགེགས་འབྱུང་ནའང་ཐར་པའི་ལམ་ལ་གསོས་འདེབས་འགྱུར།"
1451605,1454239,2634,"ཉམས་དང་རྟོགས་པ་གོང་འཕེལ་དུ་འགྲོ་བ་ཡིན།"
1454239,1457997,3758,"དེ་ལྟར་ལྡན་ན་ཆོས་རབ་ཏུ་གྱུར་པ་བཟང་པོའི་སྣོད་དུ་འགྱུར་བ་ཡིན།"
1457997,1462880,4883,"(29) མཐར་ཕྱིན་ཆོས་ཀྱི་བློ་སྣ་རྣམ་དྲུག་ནི། །འཆི་བདག་འཇིགས་བསྐྱེད་གཤེད་མས་བདས་འདྲ་དང༌། །"
1462880,1467963,5083,"འཁོར་བར་སྐྱོ་བསྐྱེད་ཁྱོ་ངན་ཆུང་མ་འདྲ། །འཁྲུལ་སྣང་ཞེན་ལོག་སྐྱུགས་ནད་ཟས་མཐོང་འདྲ། །"
1467963,1474705,6742,"མི་ཆོས་ཡིད་བྱུང་མཛའ་བོས་བསླུས་པ་འདྲ། །སོ་ནམ་སྒྱིད་ལུག་སད་ཁུངས་ཞིང་ངན་འདྲ། །"
1474705,1481530,6825,"ཉེ་འབྲེལ་གདུང་ཆད་དགྲར་ལང་བུ་ཚ་འདྲ། །དེ་དང་ལྡན་པས་དམ་ཆོས་ཚད་དུ་ཕྱིན། །"
1481530,1489122,7592,"ཞེས་པ་སྟེ། ཆོས་མཐར་ཕྱིན་པར་བྱེད་པ་ལ། དང་པོ་ཆོས་བསྒྲུབ་པའི་བསམ་བློ་ཡོད་ནའང་"
1489122,1490905,1783,"ཆོས་ཚུལ་བཞིན་དུ་སྒྲུབ་པ་འདི་མཐར་ཕྱིན་པ་གལ་ཆེ་ཡི་རེད་དུས།"
1490905,1494880,3975,"མཐར་ཕྱིན་པའི་ཐབས་ལ་གང་དགོས་ཟེར་ན།"
1494880,1497563,2683,"འཆི་བདག་གཤིན་རྗེ་དེ་ལ་དུས་རྟག་ཏུ་འཇིགས་སྐྲག་བྱས་ནས།"
1497563,1500430,2867,"དཔེར་ན་གདུག་སྦྲུལ་ཁ་ལ་སྦལ་བ་ཞིག་ཚུད་བསྡད་ཡོད་ན་"
1500430,1503422,2992,"ང་ནམ་གསད་ཡོང་བསམ་རྒྱུ་མ་གཏོགས་བག་ཕེབས་ཀྱི་མ་རེད་དུས།"
1503422,1506788,3366,"དེ་ལྟ་བུ་འཆི་བདག་གཤིན་རྗེས་ང་ནམ་བདའ་འོང་བསམ་"
1506788,1508988,2200,"དགྲ་ཡིས་བདས་འོང་རྒྱུ་ལྟ་བུའི་བསམ་པ་ཡོད་ན་"
1508988,1512788,3800,"འཆི་བ་མི་རྟག་པའི་བསྐུལ་མ་དེས་དམ་པའི་ཆོས་བྱེད་དགོས་པ་ཡིན།"
1512788,1516963,4175,"ཁམས་གསུམ་འཁོར་བ་ལ་དུས་རྟག་ཏུ་སྡུག་བསྔལ་གྱི་རང་བཞིན་ལ་སྐྱོ་བ་སྐྱེས་དུས།"
1516963,1519655,2692,"ཁྱོ་ག་གདུག་པོ་ཞིག་ལ་ཆུང་མ་མཉམ་དུ་བསྡད་ན་"
1519655,1523680,4025,"ཁྱོ་ག་གདུག་པོ་དེས་ཆུང་མ་དུས་རྟག་ཏུ་སེམས་དཀྲུག་བསྡད་དུས་"
1523680,1527780,4100,"སེམས་སྐྱིད་པོ་ཡོད་རྒྱུ་མ་རེད་དུས། དཔེ་དེ་ལྟ་བུ་ཁམས་གསུམ་འཁོར་བའི་བྱ་བཞག་གང་ཐོས་ནས་"
1527780,1531972,4192,"སེམས་སྐྱོ་གདུང་ངེ་བ་ཡོད་ན་དེ་ནས་ཐར་པའི་ལམ་ལ་འགྲོ་བ་ཡིན།"
1531972,1534430,2458,"འཇིག་རྟེན་ཚེ་འདིའི་བྱ་བ་དགྲ་འདུལ་"
1534430,1539647,5217,"གཉེན་སྐྱོང་ལ་སོགས་ཆོས་བརྒྱད་ཀྱི་འཁྲུལ་སྣང་ཐམས་ཅད་དེ་"
1539647,1543613,3966,"གང་ཡང་བསྒྲུབ་མི་ནུས་པ་ཞེན་པ་ལོག་པའི་གང་ཟག་མཁྲིས་པས་ན་བསྡད་རྒྱུ་ཞིག་ལ་"
1543613,1547930,4317,"སྣུམ་གྱི་ཟས་སྤྲད་ན་གཏན་ནས་ཟ་འདོད་ཡོད་རྒྱུ་མ་རེད་དུས།"
1547930,1550430,2500,"དཔེ་དེ་ལྟ་བུ་ཅན་ཞིག་བྱེད་དགོས།"
1550430,1554188,3758,"འཇིག་རྟེན་གྱི་སྲིད་ཇུས་མཁས་པ་རེད་ཟེར་མཁན། སྙན་གྲགས་ཆེན་པོ་རེད་ཟེར།"
1554188,1559213,5025,"བློ་ཁོག་ཆེན་པོ་རེད་ཟེར་དེ་ཐམས་ཅད་སྙིང་པོ་གང་ཡང་མེད་བསམ་སྟེ་ཡིད་ཕྱུང་སྟེ།"
1559213,1562122,2909,"དཔེར་ན་རང་གི་གྲོགས་པོ་ཞིག་ཡོད། རང་མགོ་སྐོར་གཏོང་འོང་ན་"
1562122,1565672,3550,"གྲོགས་པོ་དེ་དྲན་འོང་ན་ཡིད་སྐྱོ་གདུང་ངེ་བློ་འཁེལ་གྱི་མ་རེད་དུས།"
1565672,1569763,4091,"དཔེ་དེ་ལྟ་བུ་མི་ཆོས་སུ་བློ་གཏན་ནས་མ་གཏད།"
1569763,1575097,5334,"སོ་ནམ་དང་འཇིག་རྟེན་གྱི་བྱ་བ་ལ་དང་པོ་ནོར་བསགས་པ། བར་དུ་སྲུང་བ།"
1575097,1578347,3250,"ཐ་མ་བརླག་པ་ལ་སོགས་པ་མོས་ཀྱི་མ་རེད།"
1578347,1580905,2558,"འཐོན་གྱི་མ་རེད་བསམ་ནས་རང་གིས་རང་སྒྱིད་ལུག་སྟེ་"
1580905,1583838,2933,"དཔའ་ཞུམ་པ་ཅན་ཞིག་དགོས། དཔེར་ན་གང་རེད་ཟེར་ན།"
1583838,1588188,4350,"ལ་མཐོན་པོ་ལ་ཞིང་ཁ་ཞིག་ཡོད་ན། དེ་ལ་སད་ཀྱིས་ལོ་རྟག་པར་བཅོམ་འགྲོ་དུས།"
1588188,1592013,3825,"དེ་ཞིང་ཁ་དེ་ལ་ས་བོན་བཏབ་པ་དང་མ་བཏབ་ཁྱད་པར་མེད་བསམ་མཁན་ཞིག་རེད་རྒྱུ་རེད།"
1592013,1596172,4159,"སོ་ནམ་དང་འཇིག་རྟེན་གྱི་བྱ་བ་ལ་དེ་ལྟ་བུ་གྱིས།"
1596172,1602078,5906,"དེ་ནས་ཉེ་འབྲེལ་ཐམས་ཅད་ལ་གདུང་སེམས་ཀྱི་སྣང་བ་ཡུན་རིང་པོའི་སྒོ་ནས་ཉེ་འབྲེལ་ལ་སེམས་མ་ཆགས།"
1602078,1605143,3065,"སེམས་ཆགས་ན་དུས་རྟག་ཏུ་འཁོར་བ་འཆིང་བ་ཡིན་པས་ན།"
1605143,1608438,3295,"དཔེར་ན་ཕ་མ་ཞིག་ཡོད་ན་དེའི་བུ་ཚ་དེ་ཡག་པོ་ཞིག་མ་ཚར་ནས་"
1608438,1612697,4259,"ཕ་མ་ལ་དྲིན་ལན་མ་བསབས་ན་ཕ་མ་བུ་ཚ་མཐོང་འོང་དུས་སེམས་སྐྱོ་ཡི་རེད་དུས།"
1612697,1615309,2612,"ཉེ་དུ་ཐམས་ཅད་ལ་དཔེ་དེ་ལྟ་བུ་བྱས་"
1615309,1619906,4597,"དེ་ཆོས་དྲུག་དང་ལྡན་ན་ཡང་དག་པ་དམ་པའི་ཆོས་ཚད་དུ་ཕྱིན་པ་ཡིན།"
1619906,1623517,3611,"(30) དེ་དང་མི་ལྡན་འགྲོ་བ་རྣམ་དྲུག་ནི། །ཐོས་པ་བྱས་ཀྱང་ཚིག་གི་རྩོད་པ་མཁན། །"
1623517,1627460,3943,"བཤད་པ་བྱས་ཀྱང་ཕྲག་དོག་ཁ་སྦྱང་མཁན། །སྒོམ་པ་བྱས་ཀྱང་རྣམ་རྟོག་ཡིད་སྨོན་མཁན། །"
1627460,1631280,3820,"བསམ་པ་བྱས་ཀྱང་ཟས་ནོར་ཁེ་སྤོགས་མཁན། །གཅིག་པུར་བསྡད་ཀྱང་ཉོན་མོངས་རྣམ་རྟོག་མཁན། །"
1631280,1636704,5424,"སྲུང་སྡོམ་བྱས་ཀྱང་ཉོན་མོངས་ཁ་གསག་མཁན། །འགྲོ་བ་དྲུག་ལྡན་བརྟགས་ཏེ་རིང་དུ་སྤང༌། །"
1636704,1641805,5101,"ཞེས་པ་སྟེ། གོང་དུ་བཤད་པའི་ཆོས་རྒྱུད་ལ་སྐྱེད་བྱེད་ཀྱི་ཡོན་ཏན་དྲུག་དང་མི་ལྡན་ན་"
1641805,1645021,3216,"སྐྱོན་རྣམ་པ་དྲུག་ཡོད། ཐོས་པ་མང་པོ་ཅན་ཞིག་བྱས་ན།"
1645021,1647834,2813,"ཐོས་པའི་དོན་དེ་བསམ་པ་དང་སྒོམ་པས་གཏན་ལ་མ་ཕབ་ན་"
1647834,1653769,5935,"ཚིག་གི་རྩོད་པ་མཁན་གྱི་འཇིག་རྟེན་ཁ་མཆུ་རྒྱག་དུས་རྒྱ་གར་ནས་༼ཝ་ཀིལ་ Lawyer ཁྲིམས་རྩོད་པ༽བཅུག་པ་ལྟ་བུ་ཅན་ཞིག་ཡིན།"
1653769,1658863,5094,"བཤད་པ་མང་པོ་བྱས་བསྡད་ནའང་སེམས་ཅན་ཐམས་ཅད་ཀྱི་རྒྱུད་གྲོལ་བྱེད་དང༌།"
1658870,1661618,2748,"རང་གི་ཆོས་ལྟ་སྒོམ་སྤྱོད་པ་ལ་ངེས་ཤེས་མ་སྐྱེས་ན།"
1661618,1664618,3000,"གཅིག་གིས་གཅིག་ལ་ཕྲག་དོག་གི་སྒོ་ནས་ཟིལ་གྱིས་གནོན་འགྲོ།"
1664618,1670769,6151,"ཁ་མཆུ་མཁས་པ་ལྟ་བུ་ཅན་ཞིག་རེད། སྒོམ་པ་བྱས་ནས་ཉམས་དང་རྟོགས་པ་ཚུལ་བཞིན་དུ་རྒྱུད་ལ་མ་སྐྱེས་ན།"
1670769,1674575,3806,"རྣམ་རྟོག་འབའ་ཞིག་གི་རྗེས་སུ་འདེད་དུས་མ་འོངས་པ་ཅི་ཞིག་རེད་རྒྱུ་རེད་བསམ་"
1674575,1679510,4935,"སྨོན་ལམ་འདེབས་བསྡད་ལེ་མ་གཏོགས། ད་ལྟ་ཚེ་འདིར་ཉམས་ལེན་གྱི་གདིང་ཐོབ་པ་ཞིག་མེད་པས་"
1679510,1684194,4684,"སྨོན་པའི་གནས་སུ་འགྲོ་བ་ཡིན། ངེས་དོན་གྱི་ཆོས་ཐམས་ཅད་ལས་བསམ་པའི་སྒོ་ནས་"
1684194,1689942,5748,"གཏན་ལ་ཕབ་པར་བྱས་ནའང༌། རང་གི་ཡོན་ཏན་ཡོད་པ་འདི་ཡང་ན་འཇིག་རྟེན་གྱི་ཟས་ནོར་ཆེན་པོ་བསྒྲུབ་རྒྱུ།"
1689942,1693388,3446,"ཡང་ན་མཁས་པ་རེད་ཟེར་གྲགས་པ་ཆེན་པོ་འཕོག་རྒྱུ།"
1693388,1698042,4654,"ཡང་ན་སློབ་མ་མང་པོ་ཡོད་ཟེར་རྒྱུའི་ཁེ་སྤོགས་ཀྱི་སྒོ་ནས་"
1698042,1700920,2878,"རྒྱུ་ཡག་པོ་བསྒྲུབ་འགྲོ་ལེ་མ་གཏོགས་ཕན་པ་མེད།"
1700920,1705654,4734,"རི་ཁྲོད་དབེན་པ་ལ་རང་ཉིད་གཅིག་པུ་བསྡད་ནའང་ཉོན་མོངས་ཐམས་ཅད་ཁོང་དུ་ཁྱེར་ནས་"
1705654,1709510,3856,"བཟུང་སྟེ་སྔོན་སོང་བག་ཆགས་ཀྱི་རྗེས་དཔྱོད། མ་འོངས་རྣམ་རྟོག་གིས་མདུན་བསུ།"
1709510,1714122,4612,"ད་ལྟ་རིག་པ་ཅི་ཡན་དུ་ཤར་ཏེ་འཁྲུལ་པ་འབའ་ཞིག་གིས་སེམས་ཀྱི་རྒྱལ་ཁབ་སྐྱོང་ཚར་ན།"
1714122,1719287,5165,"ལུས་རི་ཁྲོད་ལ་བསྡད་ན་ཡང་རི་དྭགས་དང་གཅན་གཟན་ལྟ་བུ་ཡིན་པས་ཕན་པ་མེད།"
1719287,1722488,3201,"སོ་བྱང་སྔགས་གསུམ་གྱི་སྡོམ་པ་ཚུལ་བཞིན་དུ་སྲུང་བར་བྱས་ནའང་"
1722488,1727985,5497,"ཉོན་མོངས་ཀྱི་གཉེན་པོར་མ་སོང་ནས། ཕྱི་འཇིག་རྟེན་མགོ་སྐོར་གཏོང་བྱེད་ཀྱི་བཙུན་ཚུགས་ལྟ་བུ་རེད་ན།"
1727985,1731337,3352,"དེ་དཔེར་ན་ཁ་གསག་སྟེ་ངོ་འཇོ་མང་པོ་བཤད་བསྡད་ན་"
1731337,1733863,2526,"རང་ཡིན་སྣང་ཤར་ལེ་མ་གཏོགས་ཕན་ཐོགས་ཡོད་མ་རེད་དུས།"
1733863,1738956,5093,"དཔེ་དེ་ལྟ་བུ་ཡིན་པས་འགྲོ་བ་དྲུག་དེ་དག་རང་གི་རྒྱུད་ལ་བྱུང་མ་བྱུང་བརྟག །"
1738956,1742273,3317,"བརྟགས་ནས་སྐྱོན་ཕྱུང་སྟེ་ཐག་རིང་དུ་སྤང་བ་དགོས།"
1742273,1746158,3885,"(31) ནང་དུ་རང་ལ་བལྟ་བའི་ཆོས་དྲུག་ནི། །འཁོར་བའི་གནས་དང་འབྲེལ་བ་ཆོད་དམ་བལྟ། །"
1746158,1751726,5568,"དགྲ་གཉེན་གཉིས་ལ་ཆགས་སྡང་འདུག་གམ་བལྟ། །འགྲོ་དུས་བཟང་པོའི་ནོམ་པ་འདུག་གམ་བལྟ། །"
1751726,1755366,3640,"སྒོམ་དུས་གྲུབ་རྟགས་ཚད་དུ་སྐྱོལ་ལམ་བལྟ། །གཞན་དོན་ཤུལ་དུ་དད་པ་ལོག་གམ་བལྟ། །"
1755366,1762488,7122,"འཆི་དུས་དག་པའི་སྣང་བ་འཆར་རམ་བལྟ། །དེ་ལྟར་བལྟས་ན་འདུན་མ་ལེགས་པའི་རྩེ།  །"
1762488,1765970,3482,"དེ་ནང་དུ་རང་གི་རྒྱུད་ལ་དྲན་པ་དང་ཤེས་བཞིན་གྱིས་བལྟ་དགོས་དུས།"
1765970,1769524,3554,"ཁམས་གསུམ་འཁོར་བའི་གནས་དང་འབྲེལ་བ་ག་ཚོད་ཆོད་འདུག །"
1769524,1773755,4231,"ཞེན་ཆགས་གང་ཚོད་སྤོང་ཐུབ་འདུག །ངེས་འབྱུང་ག་ཚོད་སྐྱེས་འདུག་དེ་བལྟ།"
1773755,1778762,5007,"དགྲ་ལ་སྡང་སེམས་དང་གཉེན་ལ་ཆགས་པ་གཉིས་པོ་དེ་ལོ་རེ་བཞིན་དུ་ཆུང་གི་འདུག་གམ།"
1778762,1781798,3036,"ཆོས་ཞུ་བཞིན་དུ་དེ་ཕར་སྤོང་ཐུབ་ཀྱི་ཨེ་འདུག་བལྟ།"
1781798,1786791,4993,"གང་ཕན་ཚུན་འགྲོ་དུས་ཡིན་ན་དམ་པའི་ཆོས་དང་མཐུན་པའི་བཟང་པོའི་ཡོན་ཏན་"
1786798,1790273,3475,"རང་གི་རྒྱུད་ལ་ག་ཚོད་སྐྱེས་འདུག་བལྟ་དགོས་པ་ཡིན།"
1790273,1793726,3453,"རྩེ་གཅིག་ཏུ་དབེན་པའི་གནས་སུ་སྒོམ་པའི་ཚེ་ན།"
1793726,1797078,3352,"རང་གི་རྒྱུད་ལ་ཉམས་དང་རྟོགས་པའི་གྲུབ་རྟགས་ག་ཚོད་སྐྱེས་ཐུབ་འདུག །"
1797078,1801445,4367,"ལྟ་བའི་གདེང་ག་ཚོད། སྒོམ་པའི་ཚད་ག་ཚོད་འདུག་དེ་བལྟ་དགོས།"
1801445,1807654,6209,"གཞན་དོན་མང་པོ་ཞིག་བྱས་ན། གཞན་དོན་བྱས་པ་དེ་སེམས་ཅན་ཐམས་ཅད་ཀྱི་རྒྱུད་ལ་དད་པ་ཡར་ཆེ་རུ་འདུག་གམ།"
1807654,1812697,5043,"མ་ཆུང་རུ་འདུག །རང་གིས་འཇིག་རྟེན་ཆོས་བརྒྱད་ཀྱི་བྱ་བ་བསྒྲུབས་འདུག་གམ་མི་འདུག་བལྟ་དགོས།"
1812697,1816424,3727,"ད་ལྟ་ལྟ་བུ་ང་ཤི་འོང་ན་དག་པའི་སྣང་བ་ཤར་ས་ཨེ་རེད།"
1816424,1820855,4431,"བར་དོ་ཆོད་ས་ཨེ་རེད། དེ་ལྟ་བུ་ཡང་ཡང་བལྟ་དགོས།"
1820855,1823035,2180,"དེ་ལྟར་བལྟས་ན་འདུན་མ་ལེགས་པའི་རྩེ། །"
1823035,1827733,4698,"ཟེར་དེ་ལྟ་བུ་ཞིག་བལྟ་ཐུབ་ན་བདེ་ནས་བདེ་བ་བྱང་ཆུབ་ཀྱི་ལམ་དུ་འགྲོ་བ་ཡིན་པས་"
1827740,1840848,13108,"འདུན་མ་ལེགས་པའི་རྩེ། (32) །ཆོས་དང་རིང་གྱུར་ཉེས་པ་རྣམ་དྲུག་ནི། །དོན་ཆེན་མི་སྒྲུབ་འཆི་བ་མ་དྲན་ལས། །ཆེ་བཙན་བསྒྲུབ་པ་བསླུ་བར་མ་ཤེས་ལས། །གཉེན་བཤེས་བརྩེ་གདུང་འབྲལ་བར་མ་ཤེས་ལས། །འདོད་ཡོན་སྲེད་པ་ཉེས་མང་མ་ཤེས་ལས། །ནོར་རྫས་གསོག་འཇོག་འཇོག་པར་མ་ཤེས་ལས། །སྒོམ་སྒྲུབ་ལེ་ལོ་མི་རྟག་མ་ཤེས་ལས། །བྱུང་བའི་ཉེས་པ་འདི་ཀུན་སྤང་བར་མཛོད། དོན་ཆེན་མི་སྒྲུབ་གསུངས་དུས་"
1840848,1846820,5972,"བྱང་ཆུབ་སེམས་དཔའ་ལམ་གྱི་གོ་འཕང་མི་སྒྲུབ་འཇིག་རྟེན་ཚེ་འདིའི་བྱ་བ་ཁོ་ན་ལ་གཡེང་འགྲོ་རྒྱུ་དེ།"
1846820,1851669,4849,"རྒྱུ་སྐྱོན་གང་གིས་བྱུང་བ་ཡིན་ཟེར་ན། འཆི་བ་ཞེས་བྱ་བ་དེ་ནམ་འཆི་ཆ་མེད།"
1851669,1857086,5417,"འཆི་རྐྱེན་ངེས་མེད་ཐོག་ལ་འབབ་རྒྱུ་ཡོད་པ་དེ་མ་ཤེས་པ་ཡིན་གསུངས།"
1857086,1861223,4137,"ཐོབ་གོ་ས་མཐོན་པོ། བཙན་པོ་དབང་ཡོད།"
1861223,1866151,4928,"ནོར་ལོངས་སྤྱོད་ཆེན་པོ། སྙན་གྲགས་ཆེན་པོ་སྒྲུབ་སྡོད་རྒྱུ་དེ་གང་རེད་ཟེར་ན།"
1866151,1870582,4431,"འཇིག་རྟེན་ཆོས་བརྒྱད་ཀྱི་བྱ་བ་ཐམས་ཅད་སྒྱུ་མ་དང་རྨི་ལམ་ལྟ་བུས་རང་མགོ་སྐོར་ཏེ་"
1870582,1873626,3044,"བསླུ་བ་མི་ཤེས་པ་དེ་སྐྱོན་ལས་བྱུང་བ་ཡིན།"
1873626,1876395,2769,"ཕ་མ་དང་གཉེན་བཤེས་ལ་བརྩེ་གདུང་ཆེན་པོ་བྱས་ཏེ་"
1876395,1881230,4835,"དེའི་དོན་དག་ལྟོ་གོས་ལ་སོགས་པ་འཚོལ་བའི་མི་ཚེ་ཞིག་བསྐྱལ་ཏེ།"
1881230,1885539,4309,"དེ་ཁོ་ནའི་ངང་དུ་དམ་པའི་ཆོས་ཐག་རིང་པོ་རེད་འགྲོ་རྒྱུ་དེ་གང་རེད་ཟེར་ན།"
1885539,1889172,3633,"བཟའ་ཚང་མི་རྟག་ཚོང་འདུས་མགྲོན་པོ་འདྲ། །ངན་ཤགས་འཐབ་མོ་མ་བྱེད་དིང་རི་བ། །"
1889172,1892964,3792,"ཟེར་ཚོང་འདུས་ཀྱི་མགྲོན་པོ་བཞིན་དུ་བཟའ་ཚང་ཐམས་ཅད་"
1892964,1898525,5561,"འཆི་བདག་གཤིན་རྗེས་སོ་སོ་ཁ་འབྲལ་འགྲོ་བ་མི་ཤེས་པའི་ལས་ཡིན།"
1898525,1903777,5252,"གཟུགས་མཛེས་པ། སྒྲ་སྙན་པ། དྲི་ཞིམ་པ་ལ་སོགས་པ་འདོད་པའི་ཡོན་ཏན་ལས་ངོམས་པ་མེད་པ་"
1903777,1907676,3899,"ཚྭ་ཆུ་བཞིན་དུ་ཡང་ནས་ཡང་དུ་སྲེད་འོང་རྒྱུ་འདི།"
1907676,1910496,2820,"འདོད་པའི་ཡོན་ཏན་ལྔ་པོ་འདི་དག་ལ་ལོངས་སྤྱད་དེ་"
1910496,1915367,4871,"འཁྲུལ་པ་ཉེས་པ་མང་པོ་དེ་སྔ་བྱས་བཞག་པ་དེ་ངོ་མ་ཤེས་པའི་ལན་པ་ཡིན།"
1915367,1918367,3000,"ནོར་དང་ལོངས་སྤྱོད་ཐམས་ཅད་ཕུགས་ནོར་ཚུལ་དུ་བཞག་སྟེ་"
1918367,1921582,3215,"ལག་པ་དམ་པོས་གསོག་འཇོག་བྱས་འགྲོ་བ་དེ། གང་རེད་ཟེར་ན།"
1921582,1926244,4662,"འཆི་བ་ཐོག་ཏུ་འབབ་པའི་ཚེ་ན་ནོར་དང་ལོངས་སྤྱོད་ལ་སོགས་པ་ལྟ་ཅི་སྟེ།"
1926244,1930510,4266,"རང་གི་ལུས་ཀྱང་ཤུལ་དུ་བོར་ཏེ་བཞག་དགོས་ན།"
1930510,1933892,3382,"ཤུལ་དུ་འཇོག་འགྲོ་བ་མ་ཤེས་དུས་ཁུར་རྒྱུ་ཡོད་པ་འདྲ་བྱས་ནས་"
1933892,1938870,4978,"གསོག་འཇོག་འཇོག་པའི་ལས། སྒོམ་སྒྲུབ་སྒྲུབ་པ་ཐམས་ཅད་ལ་གྲུབ་རྟགས་མ་ཐོན།"
1938870,1943410,4540,"ད་ལོ་མིན་སང་གནངས་ཡིན། སང་གནངས་མིན་གནངས་གནངས་ཡིན་ཕྱི་བཤོལ་བྱས་བསྡད་དུས།"
1943410,1946568,3158,"འདུས་བྱས་ཀྱི་ཆོས་ཐམས་ཅད་མི་རྟག་པས་མགོ་ལ་ཐོག་འབབ་པ་བཞིན་"
1946568,1948978,2410,"ཉིན་ཞིག་རང་གི་སྟེང་ལ་འོང་དུས་"
1948978,1952179,3201,"སྒོམ་སྒྲུབ་ཐམས་ཅད་ལེ་ལོས་དབང་དུ་ཤོར་བའི་ཉེས་པ་ཡོད་པ་"
1952179,1957072,4893,"དེ་མ་ཤེས་པ་ཡིན་པས་ན་དེ་བྱུང་བའི་ཉེས་པ་འདི་ཀུན་སྤང་བར་མཛོད།"
1957072,1962086,5014,"(33)  རང་རྒྱུད་ཆོས་དང་འདྲེས་པའི་ཆོས་དྲུག་ནི། །ཞེན་པ་རང་ལོག་རོ་གོས་གཡང་སྐྱུར་འདྲ། །"
1962086,1965690,3604,"སྙིང་རྗེས་རྒྱུད་བརླན་བུ་གཅིག་མ་དང་འདྲ། །ཡོན་ཏན་ཤུགས་སྐྱེས་དབྱར་ཀའི་ས་གཞི་འདྲ། །"
1965690,1969798,4108,"བརྩོན་པ་རྒྱུན་རིང་རལ་གྲིའི་འཁོར་ལོ་འདྲ། །འཁྲུལ་སྣང་རང་གྲོལ་སྦྲུལ་གྱི་མདུད་པ་འདྲ། །"
1969798,1973777,3979,"གནས་ལུགས་ངང་ཕྱིན་དེད་དཔོན་ཡུལ་སླེབས་འདྲ། །དེ་འདྲའི་ཚད་ལྡན་སྐྱེས་མཆོག་གོང་མ་ལགས། །"
1973777,1977604,3827,"རང་རྒྱུད་ཆོས་དང་འདྲེས་པར་བྱེད་པའི་མན་ངག་རྣམ་པ་དྲུག་ཡོད།"
1977604,1982108,4504,"གང་རེད་ཟེར་ན། འཁོར་བ་དང་ངན་སོང་སྡུག་བསྔལ་མཁྲིས་ནད་ཅན་ལ་"
1982108,1987633,5525,"བཙོ་ཟན་བྱིན་པ་ལྟ་བུ་ཞེན་པ་རང་ཤུགས་ཀྱིས་ལོག་སྟེ་གཏན་ནས་སྒྲུབ་མི་ལོན་པ།"
1987633,1992474,4841,"དཔེར་ན་དུར་ཁྲོད་ཀྱི་ནང་དུ་རོའི་གོས་ཡོད་ན་དེ་གྱོན་འདོད་ཡོད་མི་གཅིག་ཀྱང་ཡོད་རྒྱུ་མ་རེད།"
1992474,1997179,4705,"དཔེ་དེ་ལྟ་བུ་བྱས་ནས་ཞེན་པ་ལོག་སོང་ན་ཆོས་སྒྲུབ་པའི་གཞི་ཚུགས་འགྲོ་ལེ་ཡིན།"
1997179,2001978,4799,"དུས་དང་རྣམ་པ་ཀུན་ཏུ་སེམས་ཅན་ཐམས་ཅད་ལ་སྙིང་རྗེ་ཆེན་པོ་"
2001978,2004287,2309,"རྒྱུན་མི་ཆད་པ་རྒྱུད་ལ་ཡོད་པར་གྱུར་པ།"
2004287,2009381,5094,"དཔེར་ན་མ་གཅིག་ལ་བུ་གཅིག་ཡོད་ན་བུ་དེ་དང་མ་གཉིས་འབྲལ་སོང་ན་"
2009381,2012041,2660,"མ་དེས་བུ་དེ་གཏན་ནས་སེམས་ལ་བོར་རྒྱུ་མ་རེད།"
2012041,2016747,4706,"དཔེ་དེ་ལྟ་བུ་སེམས་ཅན་ཐམས་ཅད་སེམས་ལས་མ་བོར་བ་སྙིང་རྗེའི་རྒྱུད་ཡང་དག་པ་"
2016747,2019739,2992,"སྙིང་རྗེ་ཞིག་རྒྱུད་ལ་སྐྱེ་སྐྱེ་ཁ་དགོས་གསུངས།"
2019739,2022445,2706,"སྤངས་དང་རྟོགས་པའི་ཡོན་ཏན་མ་ལུས་པ་ཐམས་ཅད་"
2022445,2028335,5890,"ཆོས་པ་རབ་ཞག་སྐྱེད་ཀྱི་སྒོ་ནས་རང་གི་རྒྱུད་ལ་བརྩོན་འགྲུས་ཕུན་སུམ་ཚོགས་པ་ཞིག་གིས་ཡང་ནས་ཡང་དུ་སྐྱེ་དགོས།"
2028335,2030898,2563,"དེ་སྐྱེས་ཐུབ་ནས་བཟུང་སྟེ། དཔེར་ན་དབྱར་ཁ་ལ་"
2030898,2034814,3916,"ས་གཞི་རློན་དྲོད་ཤར་འོང་ནས་བཟུང་སྟེ་"
2034814,2038604,3790,"ཤིང་དང་བྲག་གི་གསེབ་ནས་ཀྱང་རྩི་ཤིང་ནགས་ཚལ་ཐམས་ཅད་ཚུར་འབུར་འོང་རྒྱུ་རེད་དུས།"
2038604,2042730,4126,"དཔེ་དེ་ལྟ་བུ་སྒོ་ལུས་ངག་ཡིད་གསུམ་ཡོན་ཏན་ཆེ་ཤེས་ཆུང་ཤེས་བྱེད་པ་"
2042730,2045075,2345,"དབྱར་ཀའི་ས་གཞི་ལྟ་བུ་དགོས།"
2045075,2048284,3209,"དུས་རྒྱུན་ཆད་མེད་པ་ཞིག་གིས་དམ་པའི་ཆོས་ལ་བརྩོན་པ་མ་གཏོགས།"
2048284,2050882,2598,"ཉིན་གཅིག་བརྩོན་འགྲུས་ཡོད། ཉིན་གཅིག་མེད།"
2050882,2053772,2890,"དེ་ལྟ་བུ་མ་གྱུར་པ་བརྩོན་པ་རྒྱུན་རིང་པོ་བྱེད་དགོས།"
2053772,2058033,4261,"རལ་གྲིའི་འཁོར་ལོ་བསྐོར་བཞག་དུས་བར་གཏན་ནས་མེད་པའི་འཁོར་ལོ་བསྐོར་དུས།"
2058033,2061755,3722,"ཤིང་ཐམས་ཅད་ཐོགས་མེད་དུ་བཅད་ནུས་པ་དེ་འདྲ་བ་ཡིན།"
2061755,2064393,2638,"དེ་ལྟ་བུ་བརྩོན་འགྲུས་ཡག་པོ་ཞིག་བྱེད་ཐུབ་ནས་བཟུང་"
2064393,2067058,2665,"འཇིག་རྟེན་འཁོར་བའི་གཟུང་འཛིན་གྱི་འཁྲུལ་སྣང་ཐམས་ཅད་"
2067058,2070469,3411,"གཉེན་པོ་གཞན་བསྟེན་མི་དགོས་པ་རང་ཤུགས་ཀྱིས་གྲོལ་འགྲོ།"
2070469,2072840,2371,"དཔེར་ན་སྦྲུལ་གྱི་གཟུགས་པོ་དེ་མདུད་པ་བརྒྱག་བཞག་ན་"
2072840,2077789,4949,"ཡན་ལག་མཉེན་པོ་ཡིན་པ་དེས་གཞན་གྱིས་བཀྲོལ་མི་དགོས་པ་རང་གིས་བཤིག་ཐུབ་རྒྱུ་རེད་དུས།"
2077789,2081134,3345,"དཔེ་དེ་ལྟ་བུ་འཁྲུལ་སྣང་ཐམས་ཅད་རང་གྲོལ་དུ་འགྲོ་བ་ཡིན།"
2081134,2086041,4907,"འཁྲུལ་སྣང་རང་གྲོལ་དུ་སོང་ནས་གནས་ལུགས་ཀྱི་ལྟ་བའི་ངང་དུ་ཕྱིན་སོང་ན།"
2086041,2089562,3521,"ཉམས་དང་རྟོགས་པ་བདེ་བའི་གཏན་ས་ཟིན་འགྲོ་རེད།"
2089562,2093092,3530,"དཔེར་ན་ནོར་བུ་ལེན་པའི་དེད་དཔོན་དེ་ཉིད་ནོར་བུ་ལོན་ཏེ་"
2093092,2097319,4227,"རང་གི་ཡུལ་དུ་སླེབས་ནས་བློ་བདེ་པོ་སྐྱིད་པོ་བྱས་བསྡད་ཡོད་པ་དེ་འདྲ་བ་ཡིན།"
2097319,2099966,2647,"དེ་འདྲ་བ་བརྟེན་ཆོས་པ་ཚད་དང་ལྡན་པ་དང༌།"
2099966,2103109,3143,"དེའི་ཡོན་ཏན་ཡོད་པ་འདི་ནི་སྐྱེས་བུ་དམ་པ་གོང་མ་རྣམས་ཀྱི་"
2103109,2105571,2462,"རྣམ་ཐར་ཡིན་པས་དེ་ལྟར་བརྩོན་པར་མཛོད་ཅིག"
2105571,2109672,4101,"(34) །ཆོས་དང་མི་མཐུན་འཁྲུལ་པའི་ཆོས་དྲུག་ནི། །འཁོར་བར་ཞེན་པའི་བློ་ནི་འབྲལ་རེ་དཀའ། །"
2109672,2113983,4311,"ས་ཟིན་མེད་པའི་རིག་པ་བསླུ་རེ་སླ། །ཚོགས་དྲུག་ཡུལ་གྱི་འཁྲུལ་བ་འབྲིད་རེ་མཁས། །"
2113991,2119873,5882,"དོན་མེད་འཁོར་བའི་བྱ་བ་འཕྲོ་རེ་གཤིན། །ཉིན་མཚན་གཉིས་ཀྱིས་ཚེ་འཛད་འགྲོ་རེ་མགྱོགས། །"
2119873,2123764,3891,"དོན་ཆུང་མི་ཚེ་སྐྱེལ་བ་གྲངས་རེ་མང༌། །འདི་དག་བསམ་ནས་དམ་པའི་ཆོས་མཛོད་ཀྱེ། །"
2123764,2127579,3815,"ཟེར་བ་དམ་པའི་ཆོས་དང་མི་མཐུན་པ་ཆོས་དང་རྒྱབ་འགལ་བར་བྱེད་པ་"
2127579,2129436,1857,"འཇིག་རྟེན་འཁྲུལ་པའི་ཆོས་དྲུག་ཡོད།"
2129436,2135579,6143,"གང་རེད་ཟེར་ན། ཁམས་གསུམ་འཁོར་བ་ལ་དུས་རྟག་ཏུ་ལྟོ་གོས་ཟས་བཟང་ངན་གྱི་རྐྱེན་ཐམས་ཅད་ལ་"
2135579,2138974,3395,"ཞེན་ཆགས་ཡོད་པའི་བློ། ད་ལྟ་རོ་གོས་གཡང་ལ་སྐྱུར་བ་འདྲ་ཞིག་བྱེད་དགོས་ན་"
2138974,2143806,4832,"ཤིན་ཏུ་དཀའ་མོ་ཅན་ཞིག་ངེས་འབྱུང་རྣམ་པར་དག་པ་ཞིག་རྒྱུད་ལ་མ་སྐྱེས་བར་དུ་མེད།"
2143806,2148033,4227,"ཆོས་པའི་གཟུགས་བརྙན་ཐམས་ཅད་ཀྱང་འཁོར་བ་འབའ་ཞིག་སྒྲུབ་པའི་རང་བཞིན་དུ་ཡིན།"
2148033,2151394,3361,"འཇིག་རྟེན་གྱི་བྱ་བ་ཐམས་ཅད་སྒྲུབ་བསྡད་ན།"
2151394,2153604,2210,"བྱ་བྱེད་བྱིས་པའི་རྩེ་མོ་འདྲ། །ཟེར་མཁན་དེ་རེད་དུས།"
2153604,2156529,2925,"གཅིག་ཟིན་ནའང་གཅིག་སླེབས། གཅིག་ཟིན་ནའང་གཅིག་སླེབས་དུས་"
2156529,2158562,2033,"དེས་རིག་པ་དེ་ཉིད་བསླུ་འགྲོ་རེད།"
2158562,2164285,5723,"བསླུ་སླ་མོ་ཞིག་ཡིན་སོང་དུས། བསླུ་མི་བསླུ་བ་མིན།"
2164285,2166772,2487,"མིག་གི་གཟུགས་ལ་སོགས་པའི་ཚོགས་དྲུག་གི་སྣང་བ་"
2166772,2170235,3463,"ཡུལ་གྱི་སྣང་བ་འདི་དག་ཐམས་ཅད་ལ་གཉེན་པོ་བསྟེན་ནའང༌།"
2170235,2175293,5058,"དྲན་པ་ཤེས་བཞིན་གྱིས་བཟུང་མི་ཐུབ་པ་ཁོ་རང་གི་ཡུལ་གྱི་སྟེང་དུ་"
2175293,2179537,4244,"ཆགས་སྡང་མང་པོ་ཡིས་སྣང་བ་འབྲིད་དེ་མགོ་གཡོག་མཁས་པ་ཅན་ཞིག་ཡིན།"
2179537,2183932,4395,"དོན་མེད་ཁམས་གསུམ་འཁོར་བའི་བྱ་བ་འདི་ཐམས་ཅད་"
2183932,2188487,4555,"གྲུབ་རྒྱུ་མེད་ནའང་བག་ཆགས་ངན་གོམས་ཀྱིས་བསླུ་བྲིད་ངན་ལང་སོང་སྟེ།"
2188487,2190596,2109,"ཕར་བཞག་དགོས་བསམ་ནའང་བཞག་མི་ཐུབ་པ་"
2190596,2195596,5000,"ཡང་ནས་ཡང་དུ་སྒྲུབ་སྟེ་འཕྲོ་སྔ་མ་བཅད་མི་ཐུབ་པ་དེ་འདྲ་ཡིན།"
2195596,2199688,4092,"ཉིན་དང་མཚན་མོ་གཉིས་ཀྱི་སྒོ་ནས་ཕྱེ་ན་ཉི་མ་དང་མཚན་གཉིས།"
2199688,2202319,2631,"དཔེར་ན་ལོ་གཅིག་ལ་ཞག་མ་གསུམ་བརྒྱ་དང་དྲུག་ཅུ་ཡོད་དུས་"
2202319,2205823,3504,"ཚེ་དེ་ཚད་ཅིག་ཟད་འགྲོ་ཡི་ཡོད།"
2205823,2208075,2252,"ཟད་འགྲོ་བའི་རྒྱུ་མཚན་དེ་མི་ཤེས།"
2208075,2210806,2731,"འཆི་བ་ལ་ཐག་ཇེ་ཉེ་རེག་པ་ཤེས་ཀྱི་མེད།"
2210806,2215260,4454,"དེ་ལྟ་བུ་ངང་ནས་དོན་ཆུང་རྣམ་གཡེང་གི་སྒོ་ནས་མི་ཚེ་སྐྱེལ་བ་མ་གཏོགས།"
2215260,2217915,2655,"དོན་དང་ལྡན་པའི་ཆོས་ལོ་དང་ཟླ་བ་བསྟུན་མཁས་པ་"
2217915,2221781,3866,"གྲངས་རེ་ཉུང་ཉུང་ཞིག་ཡིན་པས་ན།"
2221781,2224999,3218,"འདི་དག་བསམ་ནས་དམ་པའི་ཆོས་ལ་རྩེ་གཅིག་ཏུ་བརྩོན།"
2224999,2227562,2563,"སྐྱོན་དེ་དག་གི་དབང་དུ་མ་ཤོར་བར་མཛོད་ཅིག"
2227562,2234604,7042,"(35)  །ཡང་དག་དོན་ལ་བསྐུལ་བའི་ཆོས་དྲུག་ནི། །སླུ་ངེས་ཆགས་སྡང་གཉིས་པོས་ནམ་སླུའམ། །"
2234604,2238646,4042,"འབྲལ་ངེས་ལུས་སེམས་འདི་གཉིས་ནམ་འབྲལ་ལམ། །ཁྱེར་ངེས་འབྱུང་བཞིའི་གཡར་པོ་ནམ་ཁྱེར་རམ། །"
2238646,2243411,4765,"ནུབ་ངེས་ཚེ་འདིའི་སྣང་བ་ནམ་ནུབ་བམ། །འཇོག་ངེས་སྒྱུ་མའི་ནོར་རྫས་ནམ་འཇོག་གམ། །"
2243411,2249151,5740,"ཡོང་ངེས་འཆི་བདག་ཐོག་རྫིས་ནམ་ཡོང་ངམ། །སྙམ་དུ་སྙིང་ནས་ཉིན་མཚན་བསམ་པར་བྱ། །"
2249159,2253613,4454,"ཞེས་པ་སྟེ། འཇིག་རྟེན་ཚེ་འདིའི་བྱ་བ་གཉེན་ལ་ཆགས།"
2253613,2258688,5075,"དགྲ་ལ་སྡང་བ་གཉིས་པོ་དེས་དེ་སྔ་འཁོར་བ་ཐོག་མེད་ནས་ད་ལྟ་ཡན་ཆད་དུ་བསླུས་རེད།"
2258688,2260251,1563,"ད་རུང་ཡང་བསླུ་འོང་ནས་བཟུང་སྟེ།"
2260251,2265890,5639,"དེས་བསླུ་འོང་བསམ་སྟེ། དཔེར་ན་དཔོན་པོ་ཆེན་པོ་ཞིག་གིས་དགྲ་ལ་ཟོན་བྱེད་པ་ལྟ་བུ་ཞིག་དགོས།"
2265890,2269504,3614,"རང་གི་ལུས་དང་སེམས་གཉིས་པོ་དེ་ད་ལྟ་ལྷན་ཅིག་ཏུ་ཚོགས་ཡོད་རེད།"
2269504,2271932,2428,"དཔེར་ན་ཤིང་སྡོང་གི་རྩེ་ལ་བྱེའུ་ཞིག་ཡོད་ན་"
2271932,2275470,3538,"བྱེའུ་དང་ཤིང་གཉིས་ནམ་འབྲལ་འགྲོ། འབྲལ་ལ་ཁད་ཡོད་རྒྱུ་རེད་དུས།"
2275470,2278134,2664,"དཔེ་དེ་བཞིན་དུ་ལུས་དང་སེམས་གཉིས་པོ་འདི་"
2278134,2279739,1605,"སོ་སོར་འབྱེ་ལ་ཁད་ཡོད་དུས༌།"
2279739,2282050,2311,"དུས་རྟག་པར་ལུས་དང་སེམས་གཉིས་འབྲལ་གྱི་རེད།"
2282050,2288344,6294,"དེ་མི་བྲལ་གོང་དམ་པའི་ཆོས་སྒྲུབ་དགོས་བསམ་པ་ཅན་ཞིག་བྱེད་དགོས།"
2288344,2292403,4059,"དེ་ནས་ལུས་གདོས་བཅས་དེ་ཉིད་སྲ་བ་སའི་ཁམས་ཤ་དང་རུས་པ།"
2292403,2295571,3168,"གཤེར་བ་ཆུའི་ཁམས་ཁྲག་དང་ཆུ་སེར་རེད།"
2295571,2299772,4201,"དྲོད་མེའི་ཁམས། ཁ་དང་སྣའི་བུ་ག་ནས་རྒྱུ་བའི་དབུགས་རླུང་གི་ཁམས།"
2299781,2303621,3840,"བུ་ག་ནང་གི་ཁམས་ཐམས་ཅད་འདི་འབྱུང་བའི་ལུས་པོ་འདི།"
2303621,2305033,1412,"རང་ལ་རང་དབང་ཡོད་རྒྱུ་མ་རེད།"
2305033,2306680,1647,"གཞན་ནས་གཡར་འོང་བ་ཡིན་དུས།"
2306680,2309319,2639,"གཡར་བའི་ནོར་ཞིག་ཡོད་ན་དེ་བདག་པོས་ནམ་ཁུར་འགྲོ་འོང༌།"
2309319,2311772,2453,"དེའི་ཚེ་རང་གིས་བེད་ཅི་ཚད་བྱེད་དགོས་རྒྱུ་རེད་དུས།"
2311772,2318268,6496,"དཔེ་དེ་བཞིན་དུ་འབྱུང་བ་བཞི་པོའི་གཡར་པོ་དེ་"
2318268,2320831,2563,"ཕར་ནམ་འཕྲོག་འགྲོ་འོང་ཤེས་པ་མེད་པའི་ཕྱིར་ན།"
2320831,2326957,6126,"དུས་དང་རྣམ་པ་ཀུན་ཏུ་རང་ལོངས་སྤྱོད་འདི་གཡར་པོའི་རྫས་དང་འདྲ་བ་ཤེས་ཏེ།"
2326957,2332268,5311,"དུས་རྟག་ཏུ་བདག་པོ་མི་བཟུང་བ་བེད་ཆོད་དགོས་པ་ཡིན།"
2332268,2334378,2110,"འཇིག་རྟེན་ཨ་མ་ལས་སྐྱེས་ནས་བཟུང་སྟེ།"
2334378,2336109,1731,"ཚེ་ནི་ཉི་མ་བཞིན་དུ་ཕར་ཕར་འགྲོ། །"
2336109,2337983,1874,"འཆི་བདག་གྲིབ་སོ་བཞིན་དུ་ཚུར་ཚུར་འོང༌། །"
2337983,2340470,2487,"ཟེར་མཁན་འདི་རེད། ནམ་ཞིག་འཆི་བ་འདི་འོང་ནས་"
2340470,2344218,3748,"འཇིག་རྟེན་ཚེ་འདི་ད་ལྟ་ང་ཚོ་སྐྱིད་དགའ་ལོངས་སྤྱོད་ཀྱི་སྣང་བ་འདི་དོར་ནས་"
2344218,2347831,3613,"ནུབ་འགྲོ་རྒྱུ་རེད་དུས། དེ་ནུབ་པ་ལ་དུས་ཚོད་འདི་སྟེང་དུ་ནུབ།"
2347831,2351688,3857,"ལས་ཀ་འདི་ཚར་དུས་ནུབ་བསམ་རྒྱུ་གཏན་ནས་ངེས་པ་ཡོད་རྒྱུ་མ་རེད་དུས།"
2351688,2354008,2320,"དེ་ནམ་ཞིག་ནུབ་འགྲོ་འོང༌། དེ་ནུབ་སོང་ན་"
2354008,2356957,2949,"ཕན་པ་ཏིལ་འབྲུ་ཙམ་ཞིག་མིན་འདུག་བསམ་དགོས་པ་ཡིན།"
2356957,2360067,3110,"དེ་ལྟ་བུ་འཆི་བདག་གིས་སྣང་བ་འདི་ནུབ་འོང་བའི་ཚེ་ན།"
2360067,2365092,5025,"རང་ནོར་ལོངས་སྤྱོད། འབྱོར་བ་སྟོབས་འབྱོར། བདེ་སྐྱིད། ཁང་ཆེན།"
2365092,2368260,3168,"གཉེན་ཚན་ལ་སོགས་པ་སྒྱུ་མའི་ནོར་རྫས་ཐམས་ཅད་"
2368260,2372134,3874,"ད་སྔ་སྒྱུ་མ་འདི་སྒྱུ་མ་ཡིན་པ་མ་ཤེས་པར་བསགས་བསྡད་རེད།"
2372134,2375075,2941,"འཆི་བ་ཐོག་ཏུ་འབབ་པའི་ཚེ་ན་དེ་ཐམས་ཅད་ཤུལ་དུ་སྐྱུར་ཏེ་"
2375079,2377879,2800,"འགྲོ་དགོས་པས་ནོར་དང་ལོངས་སྤྱོད་ཡོད་ནའང་"
2377879,2380554,2675,"དེ་ལ་ཆགས་ཞེན་མེད་པ། ང་འཆི་བདག་གིས་འདི་བཞག་སྟེ་"
2380554,2383487,2933,"ནམ་འགྲོ་དགོས་འོང་བསམ་སྟེ་བག་ཡོད་པར་བྱེད་དགོས།"