0,8831,8831,"(108)   ཐེག་ཆེན་བསྟན་པའི་ཡོན་ཏན་རྣམ་དྲུག་ནི། །བཤེས་གཉེན་བསྟེན་ལ་གཡེལ་བ་མེད་པ་དང༌། །སེམས་ཅན་དོན་བྱེད་སྐྱོ་དུབ་མེད་པ་དང༌། །གནས་ལུགས་རྟོགས་ཀྱང་ང་རྒྱལ་མེད་པ་དང༌། །དོན་དུ་མི་འགྱུར་རྙེད་པ་སྤོང་བ་དང༌། །ཟབ་མོའི་དོན་ལ་སྐྲག་པ་མེད་པ་དང༌། །དགེ་ཚོགས་སྒྲུབ་ལ་ཆོག་ཤེས་མེད་པའོ། །ཐེག་པ་ཆེན་པོའི་ལམ་དུ་ཞུགས་ཏེ་དེའི་སྡེ་སྣོད་ལ་བསྟེན་པའི་ཡོན་ཏན་རྣམ་པ་དྲུག་ཡོད་དེ། གང་ཡིན་ཟེར་ན།"
8831,12605,3774,"དགེ་བའི་བཤེས་གཉེན་བསྟེན་པ་ལ་སྒོ་ལུས་ངག་ཡིད་གསུམ་གྱི་ངལ་དུབ་དང༌། "
12605,15771,3166,"སྲོག་ཀྱང་བློས་གཏོང་སྟེ་དེ་ལ་མཉེས་པ་གསུམ་གྱི་སྒོ་ནས་"
15771,20642,4871,"ལུས་དང་གྲིབ་མ་བཞིན་དུ་བསྟེན་པ་ལ་ཆོག་ཤེས་མེད་པས་ནམ་ཡང་གཡེལ་བ་མེད་པ་དང༌།"
20642,25705,5063,"སེམས་ཅན་གྱི་དོན་བྱེད་པ་དེ་ལ་ལོག་སྒྲུབ་དང༌། དཀའ་ངལ་ལ་སོགས་པ་གང་འབྱུང་ནའང་"
25705,29170,3465,"སྐྱོ་དུབ་མེད་པས་སེམས་ཅན་ཐམས་ཅད་ཀྱི་དོན་ཁོ་ན་བྱེད་པ།"
29170,32463,3293,"ཆོས་ཉིད་སྟོང་པ་ཉིད་ཀྱི་གནས་ལུགས་མངོན་སུམ་དུ་རྟོགས་ནའང་"
32463,37768,5305,"ང་ལྟ་བ་མཐོན་པོ་ཡིན། གྲུབ་པ་ཐོབ་ཡིན་བསམ་པའི་མཆོག་འཛིན་དང་ང་རྒྱལ་མེད་པ།"
37768,48168,10400,"མཆོད་སྦྱིན་ལ་སོགས་པའི་དོན་དུ་མི་འགྱུར་བའི་རང་རྣམ་གཡེང་དང་འདུ་འཛི་འཕེལ་བའི་"
48168,53463,5295,"རྙེད་པ་བཀུར་སྟི་ལ་སོགས་པ་ཐམས་ཅད་བློས་གཏོང་སྟེ་སྤོང་བར་བྱེད་པ་དང༌།"
53463,57915,4452,"ཟབ་མོ་སྟོང་པ་ཉིད་ཀྱི་དོན་དང༌། གསང་སྔགས་ཀྱི་ལྟ་སྒོམ་སྤྱོད་པའི་དོན་ཇི་ཙམ་ཞིག་བལྟས་ན་"
57915,64775,6860,"དེ་ལ་བློ་ཁོག་ཡིད་ཆེས་ཀྱི་མོས་པ་ཚུར་སྐྱེ་བ་མ་གཏོགས་སེམས་སྐྲག་པ་མེད་པ་དང༌།"
64775,67522,2747,"དགེ་བའི་ཚོགས་དམིགས་བཅས་དང༌། དམིགས་མེད་ཇི་ཙམ་བསྒྲུབ་ན་"
67522,72294,4772,"ཆོག་ཤེས་མེད་པ་དུས་རྟག་ཏུ་ཡང་ནས་ཡང་དུ་སྤྱོད་པར་སྤྱད་ན་དེ་དག་ནི་"
72294,75321,3027,"ཐེག་པ་ཆེན་པོ་ལམ་གྱི་ཡོན་ཏན་བསྟན་པའི་ཆོས་དྲུག་ཡིན།"
75321,79153,3832,"(109) ཉོན་མོངས་དགྲ་ཆེན་གཞོམ་པའི་ཆོས་དྲུག་ནི། །ཉིན་འགའི་དགེ་སྦྱོར་ཉོན་མོངས་མི་ཕྱེད་པས། །"
79153,83752,4599,"སྒྲུབ་པ་རྒྱུན་བསྲིང་ངང་ཐུང་མེད་པ་གཅེས། །ཐོག་མེད་ཉོན་མོངས་ཤིན་ཏུ་གདུལ་དཀའ་བས། །"
83752,89773,6021,"གཉེན་པོ་རབ་ཟབ་ཐབས་བཅས་བསྟེན་པ་གཅེས། །"
89773,91798,2025,"བདག་འཛིན་གཞིག་དཀའ་གཟུང་འཛིན་རླབས་ཆེ་བས། །"
91798,96899,5101,"ཚོགས་གཉིས་དཔུང་བསྐྱེད་དགེ་ལ་འབད་པ་གཅེས། །འཁོར་བའི་གཅོང་ནད་ཡུན་རིང་སྦྱང་དཀའ་བས། །"
96899,100494,3595,"འཚོ་བྱེད་བླ་མ་རྟག་ཏུ་བསྟེན་པ་གཅེས། །དུག་ལྔའི་མེ་དཔུང་རབ་ཏུ་གཞིལ་དཀའ་བས། །"
100494,107615,7121,"བྱང་ཆུབ་སེམས་བསྐྱེད་རྒྱ་མཚོ་བསྟེན་པ་གཅེས། །ལས་ངན་བསགས་པའི་བགྲོད་ལམ་ཐུར་བདེ་བས། །"
107615,109994,2379,"ཐར་བའི་སྐས་ལ་ཡར་ལ་འཛེག་པ་གཅེས། །"
109994,118731,8737,"ཞེས་གསུངས་པ་སྟེ། དེ་ནས་ཉོན་མོངས་པའི་དགྲ་བོ་ཆེན་པོ་དེ་གཞོམ་ན་གཉེན་པོ་ཆོས་དྲུག་ཡིན་ཏེ།"
118731,123782,5051,"གང་ཡིན་ཟེར་ན། ཉི་མ་ཁ་ཤས་ཤིག་དགེ་སྦྱོར་ལ་བརྩོན་པར་བྱས།"
123782,130496,6714,"དེ་ནས་བློས་བཏང་བཞག་ན་ཉོན་མོངས་པ་ཕར་མགོ་གནོན་པ་དང་སྒྲིབ་པ་སྤོང་བའི་གོ་སྐབས་མི་ཕྱེད་པས་ན།"
130496,134115,3619,"ཚེ་དང་སྒྲུབ་པ་མཉམ་པའི་སྒོ་ནས་ཇི་སྲིད་འཚོའི་བར་དུ།"
134115,136836,2721,"གྲུབ་རྟགས་མྱུར་དུ་མི་རེ་བར། །སྒོམ་ཡུན་ཤི་དང་སྙོམས་པ་གྱིས། །"
136836,142954,6118,"གསུངས་རྒྱུ་དེ་ལྟ་བུ་ཡུན་རིང་དུ་བསྲིང་བའི་སྒོ་ནས་ཆོས་སྒྲུབ་པ་ལ་ལོ་དང་ཟླ་བ་ཁ་ཤས་ཙམ་ནས་"
142954,147342,4388,"ཡང་རྣམ་གཡེང་བྱས། ལོ་དང་ཟླ་བ་ཁ་ཤས་ལྷོད་ཡངས་སུ་ངང་ཐུང་སོང་དུས་"
147342,151015,3673,"ངང་ཐུང་མེད་པ་གཅེས་པ་དང༌། ཚེ་རབས་ཐོག་མེད་ནས་ད་ལྟ་ཡན་ཆད་དུ་"
151015,156205,5190,"རང་གི་ཉོན་མོངས་བརྒྱད་ཁྲི་བཞི་སྟོང་སྐྱེས་པ་དེ་དག་ཐམས་ཅད་གཉེན་པོའི་སྒོ་ནས།"
156205,159268,3063,"ལན་གཅིག་གཉིས་གདུལ་བས་ཐུལ་དཀའ་བ་ཡིན་པས་ཕྱིར་ན།"
159268,166236,6968,"གཉེན་པོ་རབ་ཏུ་ཟབ་པ་འདི་སྤང་བྱ་ནམ་འབྱུང་ན་ཡང་ནས་ཡང་དུ་"
166236,169297,3061,"དཀའ་ཚེགས་དང་ངལ་དུབ་མེད་པ་བསྟེན་པར་གཅེས་པ་ཡིན།"
169297,176207,6910,"རང་གཅེས་འཛིན་གྱི་བདག་འཛིན་གྱི་གོང་བུ་འདི་སྟོང་ཉིད་མངོན་སུམ་དུ་རྟོགས་དཀའ་བ་ཞིག་"
176207,179731,3524,"ཡོད་ན་མ་གཏོགས་ཕར་གཞིག་དཀའ་བ་དང༌། གཟུང་འཛིན་གྱི་སྒྲིབ་པ་"
179731,182296,2565,"རླབས་ཆེན་པོ་མཐའ་ཡས་རྒྱ་མཚོ་ལྟ་བུ་ཡིན་པས་ན།"
182296,187751,5455,"བསོད་ནམས་དང་ཡེ་ཤེས་ཚོགས་གཉིས་སྤྱོད་དེ་དགེ་བ་ལ་དུས་རྟག་ཏུ་"
187751,192031,4280,"བརྩོན་པ་གལ་ཆེ་བ་ཡིན། འཁོར་བ་ཐོག་མེད་ནས་ད་ལྟ་ཡན་ཆད་དུ་"
192031,194391,2360,"ལས་དང་ཉོན་མོངས་པའི་ནད་ཀྱིས་ཟིན་སོང་དུས།"
194391,197757,3366,"དཔེར་ན་ནད་འཇམ་པོ་ཞིག་གིས་ཡུན་རིང་དུ་ཟིན་སོང་ན་"
197757,203457,5700,"མཐའ་མ་བཅོས་དཀའ་རྒྱུ་རེད་དུས། དཔེ་དེ་ནད་འདི་ལས་འཚོ་བར་བྱེད་པའི་སྨན་པ་ལྟ་བུ་"
203457,207721,4264,"མཆོག་ཏུ་གྱུར་པ་གང་རེད་ཟེར་ན། བླ་མ་དགེ་བའི་བཤེས་གཉེན་གྱིས་ཆོས་བཞིན་བཅོས་པ་ཡིན་པས་"
207721,212922,5201,"དེ་ཉིད་བསྟེན་པར་གྱིས། རང་རྒྱུད་དུ་ཉོན་མོངས་པ་དུག་ལྔའི་མེ་དཔུང་འདི་དག་མེད་པ་"
212922,216852,3930,"གཏན་ནས་བྱས་ཏེ་མེ་དཔུང་འཇོམས་དགོས་ན་རབ་ཏུ་དཀའ་བ་ཡིན།"
216852,221568,4716,"དུག་ལྔའི་གཉེན་པོ་བྱང་ཆུབ་སེམས་བསྐྱེད་པ་རྒྱ་མཚོ་ལྟ་བུ་བསྟེན་ཏེ།"
221568,225816,4248,"ཉོན་མོངས་དེ་དག་ཐམས་ཅད་གཞན་ཕན་གྱི་གྲོགས་སུ་འགྲོ་བ་ཞིག་དགོས་པ་ཡིན།"
225816,232117,6301,"ཚེ་རབས་ཐོག་མེད་ནས་ད་ལྟ་ཡན་ཆད་དུ་མཚམས་མེད་པ་ལྔ། མི་དགེ་བ་བཅུ།"
232117,237610,5493,"སོ་བྱང་སྔགས་གསུམ་གྱི་སྡོམ་པ་དང་འགལ་བའི་ལས་ངན་པ་བསགས་པ་དེ་དག་ཐམས་ཅད་"
237610,242699,5089,"ཐུར་དུ་འགྲོ་བའི་གང་ཟག་མ་གཏོགས། གྱེན་དུ་འགྲོ་བའི་གང་ཟག་གཅིག་ཀྱང་མེད་པས་ན་"
242699,253275,10576,"མཐོ་རིས་དང་ཐར་པའི་སྐས་ལ་ཡང་ནས་ཡང་དུ་ཡར་ལ་འཛེག་པ་གཅེས།"
253275,257392,4117,"(110)   སྡེ་སྣོད་བསླབ་གསུམ་ཁྱད་པར་ཆོས་དྲུག་ནི། །ཉན་ཐོས་སྡེ་སྣོད་སྟོན་ལས་སྒྲའི་རྗེས་འབྲང༌། །"
257392,261348,3956,"རང་རྒྱལ་རང་རྟོགས་རྟེན་འབྲེལ་ནང་ནས་འཆར། །བྱང་སེམས་རང་གཞན་ཡེ་ཤེས་མཐའ་ཡས་ལྡན། །"
261348,265178,3830,"ཉན་ཐོས་བསླབ་པ་ཕྱོགས་གཅིག་རང་རྒྱུད་ཙམ། །རང་རྒྱལ་བར་མ་རང་དོན་ལྷུར་ལེན་ཞིང༌། །"
265178,267654,2476,"བྱང་སེམས་སྙིང་རྗེ་ངེས་པར་འབྱུང་བ་ཡིན། །"
267654,271321,3667,"གསུངས་དུས། སྡེ་སྣོད་བསླབ་པ་གསུམ་དུ་ཚུལ་བཞིན་དུ་བསླབ་པར་བྱས་ན།"
271321,275642,4321,"སྡེ་སྣོད་གསུམ་ཀ་འདི་ཐེག་པ་ཆེ་འབྲིང་ཆུང་གསུམ་ཀ་ལ་ཡོད་རྒྱུ་རེད་དུས།"
275642,282368,6726,"དེ་ཐམས་ཅད་ཀྱང་འགལ་བ་མེད་པ་རང་གི་རྒྱུད་ལ་ཚུལ་བཞིན་དུ་བསྟེན་པ་དེ་ལས་"
282368,285163,2795,"ཐེག་པ་རེ་རེ་ལ་ཁྱད་ཆོས་ཡོད་པ་འདི་ཤེས་ཏེ།"
285163,290245,5082,"ཉན་ཐོས་ཀྱི་སྡེ་སྣོད་དེ་ཐམས་ཅད། ཉན་ཐོས་ཞེས་པའི་སྒྲ་དོན་བྱས་ན།"
290245,293373,3128,"སྟོན་པ་རྫོགས་པའི་སངས་རྒྱས་དང་རང་གི་དགེ་བའི་བཤེས་གཉེན་ལས་"
293373,297889,4516,"ཆོས་ཉན་ཅིང་ཐོས་པ་གཞན་ལ་སྟོན་པའི་ཕྱིར་ན་ཉན་ཐོས་སམ་ཐོས་སྒྲོག །"
297889,301090,3201,"དཔེ་དེ་ལྟ་བུ་ཡིན་པའི་ཕྱིར་ན་ཉན་ཐོས་ཀྱི་སྡེ་སྣོད་ཐམས་ཅད་"
301090,305491,4401,"སྟོན་པའི་བཀའ་བཞིན་དུ་ཡིན་པས་སྒྲའི་རྗེས་སུ་འབྲང་དགོས་པ་ཡིན།"
305491,310210,4719,"རང་སངས་རྒྱས་ཀྱི་སྡེ་སྣོད་ཐམས་ཅད་རང་དོན་ཁོ་ན་རྟོགས་ཏེ།"
310210,312294,2084,"བདག་མེད་པ་ཕྱེད་དང་གཉིས་རྟོགས་ཏེ་"
312294,315101,2807,"ཕྱི་དང་ནང་གི་རྟེན་འབྲེལ་རྒྱུ་འབྲས་བསླུ་བ་མེད་པ་ལ་ལྟ།"
315101,319126,4025,"ཉོན་མོངས་པའི་སྒྲིབ་པ་སྤངས་ནས་དགྲ་བཅོམ་པའི་གོ་འཕང་ཐོབ་པ་ཡིན།"
319126,325842,6716,"བྱང་ཆུབ་སེམས་དཔས་ནི་རང་གཞན་སེམས་ཅན་ཐམས་ཅད་ཀྱི་རྒྱུད་ལ་"
325842,330089,4247,"སྟོང་ཉིད་སྙིང་རྗེ་སྙིང་པོ་ཅན་ཡེ་ཤེས་དེ་རྒྱུད་ལ་བསྐྱེད་པའི་ཐབས་"
330089,334719,4630,"འབའ་ཞིག་ལ་བསྟེན་པར་འགྱུར་བ་ཡིན། ཉན་ཐོས་ཀྱི་བསླབ་པ་གཙོ་བོ་དེ་ནི་"
334719,337817,3098,"རང་གི་རྒྱུད་འདུལ་བྱེད་ཀྱི་དང༌། རང་དོན་གཅིག་པུ་ཡིན་པས་"
337817,340521,2704,"ཕྱོགས་གཅིག་པ་ཙམ་ཞིག་མ་གཏོགས་མཐའ་མེད་པ་མེད།"
340521,347963,7442,"རང་སངས་རྒྱས་ཀྱི་ཡིན་ན་ཉན་ཐོས་ཀྱི་ལྟ་སྒོམ་ལས་"
347963,351333,3370,"ཏོག་ཙམ་རྒྱ་ཆེ་བ་ཡིན་ཏེ་རང་དོན་ཁོ་ན་མ་གཏོགས་"
351333,355376,4043,"བྱང་ཆུབ་སེམས་དཔའི་གཞན་དོན་ལྟ་བུ་མེད། བྱང་ཆུབ་སེམས་དཔའི་སྡེ་སྣོད་ལས་ནི།"
355376,360105,4729,"གཞན་ཕན་བསམ་པ་བཟང་པོ་སྙིང་རྗེ་ཁོ་ནའི་སྒོ་ནས་སྒོ་ལུས་ངག་ཡིད་གསུམ་གྱིས་"
360105,364991,4886,"ཇི་ལྟར་སྤྱོད་ན་ཡང་གཞན་ཕན་ཁོ་ན་རུ་བྱུང་བ་ཡིན་པས་ན།"
364991,368395,3404,"དེ་ཐམས་ཅད་ལེགས་པའི་ཆ་ཐམས་ཅད་རང་གི་རྒྱུད་ལ་བསྟེན།"
368395,370412,2017,"སྐྱོན་གྱི་ཆ་ཐམས་ཅད་སྤང་དགོས་པ་ཡིན།"
370412,379789,9377,"(111)   འཇིག་རྟེན་སྐྱོན་དུ་ལྟ་བའི་ཆོས་དྲུག་ནི། །སྙན་གྲགས་འབྲུག་སྒྲ་འདྲ་བས་དགའ་བ་སྤང༌། །"
379789,384281,4492,"ལོངས་སྤྱོད་སྤྲིན་དང་འདྲ་བས་ཞེན་པ་སྤང༌། །ཉེ་འཁོར་རྒན་འཁོགས་བུ་འདྲ་རེ་བ་སྤང༌། །"
384281,389816,5535,"ཡུལ་ཁྱིམ་མགྲོན་ཁང་འདྲ་བས་རི་ཁྲོད་འགྲིམ། །བདེ་སྐྱིད་རྨི་ལམ་འདྲ་བས་བདེན་མ་འཛིན། །"
389816,395889,6073,"ཐམས་ཅད་བོར་ནས་འགྲོ་བས་ཆགས་ཞེན་སྐྱུངས། །དེ་ལྟར་བྱས་ན་ཇེ་བདེར་འགྱུར་བ་ཡིན། །"
395889,402742,6853,"འཇིག་རྟེན་འཁོར་བའི་བྱ་བ་འཇིག་རྟེན་ཆོས་བརྒྱད་ཀྱི་བྱ་བ་ཐམས་ཅད་"
402742,408194,5452,"སྐྱོན་དུ་བལྟ་སྟེ་སྤོང་དགོས་པ་ཡིན། སྐྱོན་ཇི་ལྟར་ཡིན་ཟེར་ན།"
408194,411344,3150,"འཇིག་རྟེན་ན་སྙན་པ་དང་གྲགས་པ་རྒྱ་ཆེན་པོ་ཡོད་ནའང་"
411344,415863,4519,"ནམ་མཁའ་ནས་འབྲུག་གི་སྒྲ་གྲགས་ན། འབྲུག་འུར་སྒྲ་ཆེ་བའི་སྟོང་སྒྲ་ཡིན། །གསུངས་རེད།"
415863,420363,4500,"སྙན་གྲགས་འདི་སྐད་ཅིག་ཙམ་ཞིག་ཡོད་པ་མ་གཏོགས་ཡལ་འགྲོ་བ་ཡིན་པས་ན།"
420363,423369,3006,"སྙན་གྲགས་ལ་སེམས་དགའ་བ་འདི་ཉིད་སྤོང་དགོས།"
423369,426742,3373,"རྒྱུ་དང་ལོངས་སྤྱོད་ཀྱི་འབྱོར་བ་ཆེན་པོ་ཅན་ཞིག་ཡོད་ནའང་"
426742,430520,3778,"ནམ་མཁའ་ལ་སྤྲིན་གློ་བུར་འབྱུང་ན་གློ་བུར་དུ་མེད་པ་སྤང་འགྲོ་རྒྱུ་རེད།"
430520,433572,3052,"དེ་ལྟ་བུའི་ལོངས་སྤྱོད་མི་རྟག་པའི་རང་བཞིན་དུ་ཤེས་ཏེ་"
433572,436879,3307,"གསོག་འཇོག་སྤང་དགོས་པ་ཡིན། རང་ལ་ཉེ་འཁོར་"
436879,441286,4407,"ཕ་མ་སྤུན་མཆེད་གཉེན་བཤེས་མང་པོ་ཡོད་ནའང་"
441286,444847,3561,"མི་རྒན་འཁོགས་མང་པོ་ཞིག་འདུ་ཡོད་ན། དེ་ཚོ་ཐམས་ཅད་"
444847,448846,3999,"མི་རྒན་འཁོགས་ཤིག་ལ་པུ་གུ་ཞིག་ཡོད་ན་དེ་རྒན་འཁོགས་དེ་ཤི་འགྲོ་དུས་"
448846,450452,1606,"པུ་གུ་ཕན་ཐོགས་པའི་རེ་བ་ཡོད་མ་རེད།"
450452,455632,5180,"དཔེ་དེ་བཞིན་རང་གི་ཉེ་འཁོར་ཐམས་ཅད་ཀྱིས་རང་ལ་ཕན་པ་བྱེད་འོང་བསམ་སྟེ་"
455632,457443,1811,"ཆགས་སེམས་ཀྱི་རེ་བ་སྤང་དགོས་པ་ཡིན།"
457443,461431,3988,"ཡུལ་དང་ཁྱིམ་གྲོང་པ་དང་མཁར་ལ་སོགས་པ་ཐམས་ཅད་ནི།"
461431,465568,4137,"མགྲོན་པོའི་མགྲོན་ཁང་འདྲ་བ་ཡིན་པས་དེ་ལ་ཞེན་ཆགས་སྤང་སྟེ།"
465568,469801,4233,"གཅིག་པུ་བྲག་ཕུག་དང་ས་ཁུང་ལ་སོགས་པ་རི་ཁྲོད་ལ་འགྲིམ་དགོས།"
469801,473029,3228,"འཇིག་རྟེན་ཚེ་འདིའི་བདེ་སྐྱིད་ཐམས་ཅད་ད་ལྟ་སྐྱིད་ན་"
473029,475763,2734,"ད་ལྟ་སྡུག་བསྔལ་བ་མདང་དགོང་གི་རྨི་ལམ་དང་འདྲ་བ་ཡིན།"
475763,478888,3125,"ཚེ་འདིའི་བདེ་སྐྱིད་ལ་ཆེད་དུ་ཞེན་ཆགས་མི་བྱ།"
478888,481508,2620,"མདོར་ན་ལུས་དང་སེམས། འབྱོར་བ་དང་མངའ་ཐང༌།"
481508,486568,5060,"ཚེ་འདིའི་བྱ་བ་ཐམས་ཅད་བོར་ནས་རང་ཉིད་གཅིག་པུ་ཕྱི་མ་རུ་འགྲོ་དགོས་པ་ཡིན།"
486568,489515,2947,"འཇིག་རྟེན་ཆོས་བརྒྱད་ཀྱི་བྱ་བ་དེ་ཚོ་བློས་སྤོང་སྟེ་"
489515,495710,6195,"དེ་ལྟར་བྱས་ན་ཐར་པ་དང་ཐམས་ཅད་མཁྱེན་པའི་གོ་འཕང་ལ་ཇེ་བདེ་རུ་འགྱུར་བ་ཡིན།"
495710,499952,4242,"(112)   ཆོས་བྱེད་རྣམས་ཀྱི་བྱར་དགོས་རྣམ་དྲུག་ནི། །གང་དུ་སྐྱེས་ཀྱང་གཞན་དོན་འགྲུབ་དགོས་པས། །"
499952,503896,3944,"སེམས་བསྐྱེད་སྨོན་ལམ་རྒྱ་ཆེན་སྦྱང་བར་བྱ། །སྐྱིད་ན་ཆོས་ཀྱི་བྱིན་རླབས་ཤེས་དགོས་པས། །"
503896,507573,3677,"ཕན་ཡོན་བསམ་ལ་ནན་ཏན་བརྩོན་པར་བྱ། །སྡུག་ན་སྔོན་གྱི་ལས་སུ་ཤེས་དགོས་པས། །"
507573,512499,4926,"རྒྱུ་འབྲས་བསམ་ལ་བློ་སྦྱོང་སྙིང་པོར་བྱ། །ན་ན་དགེ་སྦྱོར་རྩལ་སྦྱོང་ཤེས་དགོས་པས། །"
512499,517041,4542,"མ་ན་བ་ལ་རིག་པ་གཅུན་པར་བྱ། །རྒས་ན་བློ་སེམས་བདེ་བ་ཅིག་དགོས་པས། །"
517041,523047,6006,"གཞོན་དུས་བསགས་སྦྱོང་ལས་ལ་འབད་པར་བྱ། །ཤི་ན་བྱ་བ་རྫོགས་པ་ཅིག་དགོས་པས། །"
523047,529389,6342,"མ་ཤི་བར་ལ་འབྲེལ་ཐག་གཅད་པར་བྱ། །འདི་དག་སྙིང་ནས་བསླབ་པའི་ཆོས་སུ་སྣང༌། །"
529389,534773,5384,"གསུངས་དུས། ད་ཆོས་བྱེད་པའི་གང་ཟག་ཐམས་ཅད་ཀྱིས་གཏན་གྱི་བྱ་བ་བྱེད་དགོས་པ་རྣམ་པ་དྲུག་ཡོད།"
534773,538363,3590,"གང་ཡིན་ན་ཟེར།   མཐོ་རིས་དང་ངན་སོང་གང་དུ་སྐྱེས་ཀྱང་"
538363,543747,5384,"གཞན་སེམས་ཅན་གྱི་དོན་ཁོ་ན་བསྒྲུབ་ན་བྱང་ཆུབ་སེམས་དཔའི་སྤྱོད་པ་ཡོངས་སུ་རྫོགས་འགྲོ་བ་ཡིན་པའི་ཕྱིར་ན།"
543747,546416,2669,"གཞན་ཕན་གྱི་བསམ་པ་བཟང་པོ་སེམས་བསྐྱེད་དང༌།"
546416,550626,4210,"འགྲོ་དོན་རྒྱ་ཆེན་པོ་འོང་བའི་སྨོན་ལམ་བྱང་ཆུབ་སེམས་དཔའ་ཀུན་ཏུ་བཟང་པོ་དང༌།"
550626,553962,3336,"འཇམ་དཔལ་དབྱངས་ཀྱིས་བཏབ་པ་ལྟ་བུ་ཡང་ནས་ཡང་དུ་སྦྱང་བར་བྱ།"
553962,558520,4558,"རང་ལ་སྐྱིད་པོ་འབྱུང་ནའང་སྐྱིད་པ་དེ་ཐམས་ཅད་ཆོས་ཀྱི་བྱིན་རླབས་སམ་"
558520,560873,2353,"ཆོས་ཀྱི་བཀའ་དྲིན་ལས་ཡིན་པ་ཤེས་དགོས་པས་ན།"
560873,566531,5658,"ཆོས་ཀྱི་ཕན་ཡོན་ལ་བསམ་ནས་དམ་པའི་ཆོས་ཐོས་བསམ་སྒོམ་གསུམ་བྱེད་པ་"
566531,571726,5195,"ནན་ཏན་དུ་བརྩོན་དགོས་པ་ཡིན། ན་ཚ་དང་གདོན་བགེགས་མི་ཁ་གཏམ་ངན་ལྟ་བུ་སྡུག་བསྔལ་འབྱུང་ན།"
571726,575168,3442,"རང་གི་སྐྱེ་བ་སྔ་མ་སེམས་ཅན་གཞན་ལ་ཕར་གནོད་པ་བྱས་བཞག་རྒྱུའི་"
575168,578173,3005,"ལན་ཆགས་ཚུར་འཁོར་བ་ཡིན་པ་ཤེས་པའི་སྒོ་ནས།"
578173,583310,5137,"དེ་དག་སྤོང་བློ་མི་བྱ་བར་སེམས་ཅན་ཐམས་ཅད་ཀྱི་སྡུག་བསྔལ་དང་དུ་ལེན་པ་དང༌།"
583310,587007,3697,"རང་གིས་སྡུག་བསྔལ་མྱོང་བ་འདིས་ལས་ངན་པའི་རྣམ་པར་སྨིན་པ་ཐམས་ཅད་"
587007,591873,4866,"སྦྱང་བ་མཆོག་ཏུ་གསུངས་ཏེ། བློ་སྦྱོང་སྙིང་པོ་རྩེ་གཅིག་ཏུ་བྱ།"
591873,595208,3335,"དེ་ནད་ཀྱིས་ན་ནའང་དགེ་སྦྱོར་གྱི་རྩལ་སྦྱོང་སྟེ་"
595208,599873,4665,"སྒྲིབ་པའི་ཕྱགས་མ་ཡིན་པ་ཤེས་ཏེ་ནད་དེ་ཉིད་ལམ་དུ་འཁྱེར་དགོས་པ་ཡིན་པས་ན།"
599873,606310,6437,"ནད་འདི་ཡོད་དུས་སྡུག་བསྔལ་ཡོད་དུས་དམ་པའི་ཆོས་ལ་ཚུལ་བཞིན་དུ་"
606310,607944,1634,"བརྩོན་པའི་སྟོབས་ཡོད་རྒྱུ་མ་རེད་དུས།"
607944,611894,3950,"ད་ལྟ་མ་ན་བའི་སྐབས་འདི་ལ་དྲན་ཤེས་བག་ཡོད་ཀྱི་སྒོ་ནས་"
611894,616910,5016,"ཉིན་རེ་བཞིན་དུ་སྐད་ཅིག་ཙམ་ལའང་དལ་བསྡད་མེད་པ་རིག་པ་རྩེ་གཅིག་ཏུ་གཅུན་པ།"
616910,622287,5377,"རྒས་སོང་ནའང་དམ་པའི་ཆོས་སྒྲུབ། ཤི་ནའང་ཡ་ང་མེད་པ་མཉམ་མེད་དྭགས་པོ་ལྷ་རྗེས།"
622287,625362,3075,"ཆོས་པ་རབ་ཤི་ན་སྐྱེ་འཆིའི་འཛིན་པ་དག་བྱེད་ཅིག །"
625362,627616,2254,"འབྲིང་ཤི་ན་འཆི་ཁ་བློ་བདེ་བྱེད་ཅིག །"
627616,630920,3304,"ཐ་མ་ཤི་ནའང་ངས་དགེ་སྦྱོར་འདི་ཙམ་ཞིག་བསྒྲུབས་ཡོད་"
630920,635001,4081,"བསམ་བློ་བདེ་བ་ཞིག་དགོས་གསུངས་རྒྱུ་དེ་ལྟ་བུ་དགོས་པ་ཡིན་པའི་ཕྱིར་ན།"
635001,638403,3402,"ད་ལྟ་ལང་ཚོ་གཞོན་པའི་སྐབས་ནས་ཚོགས་གཉིས་བསགས་པ་དང༌།"
638403,643447,5044,"སྒྲིབ་གཉིས་སྦྱོང་བ་ལ་རྩེ་གཅིག་ཏུ་འབད་པར་བྱེད་དགོས་པ་ཡིན།"
643447,649834,6387,"ཤི་ན་བྱ་བ་ཐམས་ཅད་བསྒྲུབས་སོང་བ་མ་གཏོགས་བྱ་བ་འཕྲོ་ལུས་སོང་བསམ་འགྱོད་པ་མེད་པ་ཞིག་དགོས་པས་ན།"
649834,655852,6018,"མ་ཤི་བར་དུ་འཇིག་རྟེན་ཚེ་འདིའི་བྱ་བའི་འབྲེལ་ཐག་ཐམས་ཅད་བཅད་དེ་"
655852,658338,2486,"དམ་པའི་ཆོས་ལ་རྩེ་གཅིག་ཏུ་བརྩོན་པར་བྱས་ན།"
658338,662234,3896,"འདི་དག་སྙིང་ནས་བསླབ་པའི་ཆོས་སུ་ཡིན་པས་ཁྱེད་ཀྱིས་བརྩོན་དགོས་པ་ཡིན།"
662234,666671,4437,"(113)  གདམས་ངག་དྲུག་གིས་གནད་དུ་བརྡེག་པ་ནི། །བཟའ་མི་ཚོང་དུས་འགྲོན་པོ་ཚོགས་པ་འདྲ། །"
666671,672384,5713,"ནམ་འབྲལ་མི་ཤེས་མཐར་ཐུག་དོན་ལ་སྦྱང༌། །གཉེན་འདུན་ལྕང་ཁའི་བྱིའུ་ཆུང་འདུས་པ་འདྲ། །"
672384,676272,3888,"ནམ་གྱེས་མི་ཤེས་གདུང་སེམས་འཁྲི་བ་ཆོད། །ཚེ་སྲོག་མི་རྟག་རྩྭ་ཁའི་ཟིལ་པ་འདྲ། །"
676272,680736,4464,"སྒོམ་སྒྲུབ་ཆོས་ལ་རྩོལ་བ་དྲག་ཏུ་སྐྱེད། །སྨྲ་མང་འཁྲུལ་པའི་དགྲར་ལྡང་ནེ་ཙོ་འདྲ། །"
680736,684878,4142,"ངག་འཁྱལ་བྲེ་མོའི་གཏམ་འདྲ་སྨྲ་བཅད་གྱིས། །ཆོས་སྒྲུབ་མཚོ་གླིང་ནོར་བུ་ལེན་འདྲ་བས། །"
684878,688989,4111,"སྙན་བརྒྱུད་གདམས་ངག་ལྷུག་པར་སྤེལ་མི་བྱ། །འགྲོགས་ཡུན་རིང་ན་སངས་རྒྱས་སྐྱོན་མཐོང་བས། །"
688989,693173,4184,"མི་གཞན་རྣམས་དང་གནས་མལ་གཅིག་མི་བྱ། །འདི་དག་སྙིང་གཏམ་མཆོག་ཡིན་གུས་པས་ཉོན། །"
693173,700842,7669,"ཞེས་པའི་སྒོ་ནས་གསུངས་པ། ཆོས་ཐམས་ཅད་ལམ་དུ་འཁྱེར་ཤེས་ན་"
700842,703326,2484,"སྣང་བ་ཐམས་ཅད་དཔེ་ཆ་རུ་ཤར་འོང་རྒྱུ་རེད་དུས།"
703326,706816,3490,"དེ་ལྟ་བུ་འཁྱེར་བའི་གདམས་ངག་གི་གནད་དྲུག་ཡོད། གང་ཡིན་ཟེར་ན།"
706816,711422,4606,"བཟའ་ཚང་ཕ་མ་སྤུན་མཆེད་གཉེན་འབྲེལ་ལ་སོགས་པ་ལྷན་ཅིག་ཏུ་ཚོགས་བསྡད་ཡོད་ནའང་"
711422,715663,4241,"མཐའ་ཁ་སོ་སོ་བྲལ་འགྲོ་བ། དཔེར་ན་ཚོང་འདུས་ཆེན་པོ་ལ་མི་མང་པོ་ཚོགས་ན་"
715663,717757,2094,"ཆུད་ཚོད་ཁ་ཤས་ཀྱིས་འབྲལ་འགྲོ་རྒྱུ་རེད།"
717757,722548,4791,"དཔེ་དེ་ལྟ་བུ་ཡིན་པས་ན་བཟའ་ཚང་འདི་དང་ནམ་ཨེ་འབྲལ་མི་ཤེས་སྙམ་སྟེ་"
722548,724087,1539,"བཟའ་ཚང་ལ་འཐབ་འཛིང་སྤང༌།"
724087,729095,5008,"རང་ཉིད་གཅིག་པུ་མཐར་ཐུག་གི་དོན་བྲལ་བ་མེད་པ་བྱང་ཆུབ་ཀྱི་ལམ་ལ་བསྒྲུབ་དགོས་པ་ཡིན།"
729095,733091,3996,"གཉེན་དང་གྲོགས་པོ་ལ་སོགས་པ་འདུན་མ་མང་པོ་ཡོད་ནའང་"
733091,736415,3324,"ལྕང་མའི་སྡོང་པོ་གཅིག་གི་སྟེང་ལ་བྱེའུ་མང་པོ་འཚོགས་ཡོད་ན་ཡང་"
736415,741784,5369,"སོ་སོ་འབྲལ་འགྲོ་རྒྱུ་རེད། ཚེ་གཅིག་ཏུ་གཉེན་དང་དེ་དག་ལྷན་ཅིག་ཏུ་འདུག་རྒྱུ་མེད་པ་"
741784,744099,2315,"འཆི་བདག་གིས་ནམ་འཁྲིད་འགྲོ་མི་ཤེས་པས་ན་"
744099,747090,2991,"གཉེན་ལ་གདུང་སེམས་ཀྱི་འཁྲི་བ་རྩེ་གཅིག་ཏུ་གཅོད།"
747090,751815,4725,"དེ་མ་ཚད་པ་རང་གི་ཚེ་དང་སྲོག་འདི་དག་ཐམས་ཅད་ཡུན་རིང་དུ་མི་སྡོད་པ།"
751815,756818,5003,"རྩྭའི་ཁ་ལ་ཆགས་པའི་ཆུའི་ཟིལ་པ་རླུང་གིས་ཁུར་འོང་ན་སྐད་ཅིག་གཅིག་ལ་གཞིག་འགྲོ་རྒྱུ་རེད།"
756818,760156,3338,"དེ་ལྟ་བུ་ཡིན་པས་ན་ཚེ་སྲོག་རྟག་པ་མེད་པས་མཁས་པས་"
760156,764352,4196,"སྒོམ་སྒྲུབ་དང་དམ་པའི་ཆོས་ལ་རྩོལ་བ་ནན་ཏན་དུ་བྱེད།"
764352,769688,5336,"ཁ་མང་པོ་སྨྲ་བ་བྱས་ན། ངག་མི་དགེའི་བང་མཛོད་ཉེས་ལྟུང་གི་འབྱུང་སྒོ། །གསུངས་རྒྱུ་རེད་དུས།"
769688,773826,4138,"རང་གཞན་ཆགས་སྡང་གི་རྒྱུད་འགྱུར་བ་དང༌། ཐམས་ཅད་དང་མི་མཐུན་པ་འོང་བས་"
773826,779184,5358,"འཁྲུལ་པའི་དགྲར་ལྡང་བ། དཔེར་ན་ནེ་ཙོ་ལྟ་བུ་ཚིག་མང་པོ་མི་སྨྲ་བ་ངག་འཁྱལ་དང་"
779184,783964,4780,"བྲེ་མོའི་གཏམ་སྤོང་སྟེ་སྨྲ་བཅད་ཀྱི་སྒོ་ནས་རི་ཁྲོད་གནས་ལ་འདུག་དགོས་པ་ཡིན།"
783964,788200,4236,"ཆོས་ཚུལ་བཞིན་དུ་སྒྲུབ་པར་བྱེད་པ་དེ་རྒྱ་མཚོའི་གླིང་ལ་ནོར་བུ་ལེན་པ་ལ་"
788200,791583,3383,"དཀའ་ངལ་ངལ་དུབ་ག་ཚོད་བྱུང་ནའང་ནོར་བུ་དེ་མ་ལོན་བར་དུ་"
791583,794770,3187,"བརྩོན་པ་ལྷོད་རྒྱུ་མ་རེད་དུས། དེ་རྙེད་པ་དང་འདྲ་བ་ཡིན།"
794770,801315,6545,"དེ་ནོར་བུ་འདི་རང་གི་ལག་པ་ལ་འཐོབ་འོང་ན་ཤིན་ཏུ་གཅེས་སྤྲས་བྱེད་རྒྱུ་རེད་དུས།"
801315,804647,3332,"དཔེ་དེ་ལྟ་བུ་སྙན་བརྒྱུད་ཀྱི་གདམས་ངག་རྩེ་གཅིག་ཏུ་ཡོད་པ་"
804647,810780,6133,"ཐམས་ཅད་ལ་ཁྱབ་བརྡལ་སྤེལ་མི་བྱེད་པ་རང་གི་རྒྱུད་ལ་རྩེ་གཅིག་ཏུ་ཉམས་ལེན་གནད་དུ་དགོས་པ་ཡིན།"
810780,814003,3223,"ཡུན་རིང་པོ་མཉམ་དུ་བསྡད་ན་སངས་རྒྱས་ཀྱི་མཛད་པ་ལའང་"
814003,816931,2928,"སྐྱོན་དུ་མཐོང་བ་སྔོན་གྱི་ལོ་རྒྱུས་ལྟ་བུ་ཡིན་པས་ན།"
816931,820531,3600,"མི་གཞན་མཉམ་དུ་ཕན་ཚུན་འབྲེལ་འདྲིས་མང་པོ་མི་བྱེད་པ་"
820531,823301,2770,"གནས་མལ་གཅིག་ཏུ་མི་བྱ་སྟེ། རི་ཁྲོད་དབེན་པའི་གནས་"
823301,827473,4172,"རང་ཉིད་གཅིག་པུ་བསྡད་ན་ཆགས་སྡང་དང་འདུ་འཛི་འཁོན་འཛིན་ཐམས་ཅད་སྤོང་བ་ཡིན་པས།"
827473,832705,5232,"འདི་དག་ཆོས་ཚུལ་བཞིན་དུ་སྒྲུབ་པར་བྱེད་པ་ལ་སྙིང་གཏམ་ཟབ་མོ་ཡིན་པས་གུས་པས་ཉོན།"
832705,836831,4126,"(114)   ཆོས་བྱེད་རྣམས་ཀྱི་དུས་ཚོད་རྣམ་དྲུག་ནི། །མཚན་ལྡན་བླ་མ་རྣམས་དང་ཕྲད་པའི་ཚེ། །"
836831,840799,3968,"སྤྲོས་པ་གཅོད་པའི་དུས་ཡིན་ཐེ་ཚོམ་དྲིས། །རྐྱེན་ངན་ཡུལ་དང་རིག་པ་ཕྲད་པའི་ཚེ། །"
840799,844473,3674,"ཉམས་ལེན་བསྲེ་བའི་དུས་ཡིན་རྩལ་སྦྱོང་གྱིས། །ཟབ་མོའི་སྙན་བརྒྱུད་མན་ངག་རྙེད་པའི་ཚེ། །"
844473,848615,4142,"འཁྲུལ་པ་འཇིག་པའི་དུས་ཡིན་ཐོག་ཏུ་ཁོལ། །བརྩོན་འགྲུས་དྲག་པོས་སྒྲུབ་ལ་འབད་པའི་ཚེ། །"
848615,852210,3595,"བར་ཆད་འོང་བའི་དུས་ཡིན་བདུད་ལ་བརྟག །སྒྲུབ་པའི་མཐར་ཕྱིན་དངོས་གྲུབ་འོང་བའི་ཚེ། །"
852210,857031,4821,"བདུད་ཀྱི་བར་ཆད་འོང་བས་ཤིན་ཏུ་གཟབ། །གནས་ལུགས་དོན་ལ་ལྟ་བའི་རྩལ་སྦྱོང་ཚེ། །"
857031,861263,4232,"གོལ་སྒྲིབ་འོང་བའི་དུས་ཡིན་བླ་མ་བསྟེན། །འདི་དག་ཟབ་མོའི་གནད་ཡིན་ཡིད་ལ་ཟུངས། །"
861263,864623,3360,"ཞེས་གསུངས་པ་ནི། ཆོས་བྱེད་པའི་གང་ཟག་དེ་རྣམས་ལ་"
864623,869157,4534,"ཆོས་པ་དུས་ཚོད་དང་འབྲེལ་བ་ཞེས་བྱ་བ་ཡིན་པས་ན་དུས་ཚོད་རྣམ་པ་དྲུག་ཡིན་ཏེ།"
869157,872283,3126,"གང་ཡིན་ཟེར་ན། མཚན་ལྡན་གྱི་བླ་མ་རྣམས་ཞལ་མཇལ།"
872283,876481,4198,"དེའི་གསུང་གི་བདུད་རྩི་ཐོབ་པའི་ཚེ་ན་རང་གིས་གདམས་ངག་ཉམས་སུ་ལེན་རྒྱུ་དེ་དང༌།"
876481,880150,3669,"དམ་པའི་ཆོས་སྒྲོ་འདོགས་ཀྱི་སྤྲོས་པ་གཅོད་པའི་དུས་ཡིན་པས་ན།"
880150,883375,3225,"ཐེ་ཚོམ་ཐམས་ཅད་དྲིས་ཏེ་གཅིག་པུ་རི་ཁྲོད་ལ་བསྡད་ན་"
883375,888573,5198,"བཀའ་འདྲི་ཞུ་མི་དགོས་པ་བྱེད། རྐྱེན་ངན་པ་རྣམ་གཡེང་དང་འདུ་འཛི་"
888573,892004,3431,"ཆགས་སྡང་བུད་མེད་ལ་སོགས་པ་རྣམས་ཆགས་སེམས་འཕེལ་བ་ལྟ་བུ་"
892004,895768,3764,"ཡུལ་དང་རིག་པ་ཕྲད་པའི་ཚེ་ན། ཉམས་ལེན་གྱི་གདིང་བསྐྱེད་དེ་"
895768,898805,3037,"གཉེན་པོ་རྩེ་གཅིག་ཏུ་བསྟེན་དུས། དཔེར་ན་ནད་ན་བའི་དུས་སུ་"
898805,901524,2719,"སྨན་བཟའ་དགོས་པ་དང་འདྲ། ཆགས་སྡང་སྐྱེས་པའི་དུས་"
901524,906960,5436,"ཉམས་ལེན་གྱི་དཔའ་གདིང་བསྐྱེད་དེ་སྤང་བྱ་དེའི་དབང་དུ་"
906960,913589,6629,"མི་འགྲོ་བ་རྩེ་གཅིག་ཏུ་བསྲེ་བའི་ཉམས་ལེན་གྱི་རྩལ་སྦྱོང་བ་གྱིས།"
913589,918226,4637,"བླ་མས་བསྟན་པའི་ཟབ་མོའི་སྙན་བརྒྱུད་ཀྱི་གདམས་ངག་རྙེད་པར་འགྱུར་པའི་ཚེ་ན།"
918226,921984,3758,"དེ་སྙན་བརྒྱུད་ཀྱི་གདམས་པ་འདི་ཉམས་སུ་ཅི་ལེན་བྱས་ན་"
921984,925113,3129,"འཁྲུལ་པའི་སྣང་བ་ཐམས་ཅད་མྱུར་དུ་འཇིག་པའམ་མེད་འགྲོ་བ་ཡིན།"
925113,929557,4444,"ཉིན་མཚན་དུ་མི་འཁྲུལ་བ་ཉམས་ལེན་ཐོག་ཏུ་ཁེལ་བ་ཞིག་དགོས།"
929557,933422,3865,"བརྩོན་འགྲུས་དྲག་པོའི་སྒོ་ནས་དམ་པའི་ཆོས་སྒྲུབ་པ་ལ་འབད་པའི་ཚེ་ན།"
933422,936453,3031,"ཆོས་བྱེད་པ་ལ་བདུད་རྣམས་ལྷག་པར་སྡང༌། །ཟེར་རྒྱུ་དེ་རེད།"
936453,940695,4242,"དེ་དུས་བར་ཆད་འོང་བའི་དུས་ཡིན་པས་ན་དེ་བར་ཆད་ཀྱི་བདུད་ཡང་ནས་ཡང་དུ་བརྟག །"
940695,944417,3722,"དེ་བར་ཆད་ཀྱི་བདུད་ཀྱི་དབང་དུ་མི་འགྲོ་བའི་ཐབས་ལ་བརྩོན་དགོས།"
944417,947202,2785,"སྒྲུབ་པ་མཐར་ཕྱིན་པའི་དངོས་གྲུབ་འཐོབ་འོང་བའི་ཚེ་ན་"
947202,950645,3443,"དངོས་གྲུབ་འཐོབ་ཀ་བདུད་ཀྱི་བར་ཆད་འོང་བ་ཡིན་པས་ན།"
950645,956860,6215,"སྟོན་པ་རྫོགས་པའི་སངས་རྒྱས་སངས་རྒྱས་རན་ཁ་བདུད་ཀྱིས་གླགས་ལྟ་བ་ལྟ་བུ་ཡིན་པས་ན་"
956860,960013,3153,"ཤིན་ཏུ་གཟབ་སྟེ་དེའི་དབང་དུ་མི་འགྲོ་བ་འགྱུར་བ་དང༌།"
960013,964456,4443,"གནས་ལུགས་ཀྱི་ལྟ་བ་རང་གི་རྒྱུད་ལ་སྐྱེས་ཏེ་ཉམས་ལེན་གྱི་རྩལ་སྦྱོང་བའི་ཚེ་ན་"
964456,968384,3928,"དེ་ལ་གོལ་ས་དང་སྒྲིབ་པ་ཐམས་ཅད་འོང་བ་ཡིན་པས་ན།"
968384,972248,3864,"བླ་མ་ལས་ཐེ་ཚོམ་གྱི་སྒྲོ་འདོགས་གཅོད་དེ་གེགས་དང་གོལ་ས་ཐམས་ཅད་"
972248,974302,2054,"སེལ་བར་བྱེད་པའི་བླ་མ་བསྟེན་དགོས་པ་ཡིན།"
974302,979018,4716,"དེ་དག་ཐམས་ཅད་ཟབ་མོའི་གདམས་པའི་གནད་གཅིག་ཏུ་བསྡུས་བཞག་པ་ཡིན་པས་"
979018,980989,1971,"ཡང་ནས་ཡང་དུ་ཡིད་ལ་ཟུངས་ཤིག"
980989,986310,5321,"(115) །ཚུལ་བཞིན་བསྒྲུབ་པའི་བྱ་དགོས་རྣམ་དྲུག་ནི། །ངན་སྤྱོད་འགོ་ཅན་མི་དང་འགྲོགས་མི་བྱ། །"
986310,990131,3821,"བཟང་སྤྱོད་བསླབ་དཀའ་བཤེས་གཉེན་བསྟེན་པར་བྱ། །སྣང་བ་འབྲིད་མཁས་ཡུལ་ལ་མ་ཡེངས་བྱ། །"
990131,993846,3715,"རིག་པ་ཅོལ་ཆུང་འཁྲུལ་ཕྱིར་མ་སོང་བྱ། །ཆགས་སྡང་གདོས་དྲགས་ཕྱོགས་རིས་མ་སོང་བྱ། །"
993846,996187,2341,"འཁྲུལ་སྣང་འདྲིས་སླ་ཞེན་ཆགས་རྩད་གཅོད་བྱ། །"
996187,1002838,6651,"གསུངས་དུས། དམ་པའི་ཆོས་སྤང་བྱ་དང་མ་འདྲེས་པ་ཚུལ་བཞིན་དུ་"
1002838,1004980,2142,"ཆོས་རྣམ་པར་དག་པ་སྒྲུབ་པའི་ཚེ་ན་"
1004980,1009641,4661,"དགོས་པ་རྣམ་པ་དྲུག་ཡོད་དེ། གང་རེད་ཟེར་ན།"
1009641,1012303,2662,"དུས་རྟག་ཏུ་སྲོག་གཅོད་ཀྱི་སྡིག་པ་བྱས་པ་དང༌།"
1012303,1015458,3155,"གླུ་དང་རྣམ་གཡེང་བུད་མེད་ལ་སོགས་པ་ལ་དགའ་བའི་གྲོགས་"
1015458,1019715,4257,"ལྷན་ཅིག་ཏུ་མི་འགྲོགས་ཏེ་དེའི་སྐྱོན་གྱིས་རང་ཆོས་ལམ་ལས་ཚུར་གྱེས་ཏེ་"
1019715,1021422,1707,"སྡིག་པའི་ལམ་དུ་འགྱུར་བ་ཡིན།"
1021422,1025615,4193,"བཟང་པོའི་དྲན་ཤེས་བག་ཡོད་དང་ལྡན་པའི་"
1025615,1028257,2642,"སྤྱོད་ལམ་ཐམས་ཅད་ཚུལ་བཞིན་དུ་རང་གི་རྒྱུད་ལ་"
1028257,1032741,4484,"བསླབ་དཀའ་བ་ཡིན་པས། དགེ་བའི་བཤེས་གཉེན་ལུས་དང་གྲིབ་མ་བཞིན་དུ་བསྟེན་པར་བྱ།"
1032741,1037268,4527,"ཚོགས་དྲུག་གི་སྣང་བ་འདི་དག་ཐམས་ཅད་ནང་གི་རིག་པ་འདི་བསླུ་མཁས་པ་ཡིན་པའི་ཕྱིར་ན།"
1037268,1039949,2681,"ཡུལ་ཐམས་ཅད་ལ་རྩེ་གཅིག་ཏུ་མ་ཡེངས་པ་"
1039949,1042898,2949,"དྲན་པ་དང་ཤེས་བཞིན་གྱིས་དབང་པོའི་སྒོ་ཐམས་ཅད་བསྡམ་པར་བྱ།"
1042898,1045113,2215,"ཡུལ་གྱིས་བསླུ་འོང་ན་རིག་པ་འདི་དཔེར་ན་"
1045113,1048810,3697,"མི་བླ་ཡངས་པ་ལྟ་བུ་ཅོལ་ཆུང་འདྲ་བ་ཡིན་པས་ན།"
1048810,1052357,3547,"ཡུལ་གྱི་ཕྱི་རོལ་སྐྱག་ལང་དུ་མ་ཤོར་བར་བྱ།"
1052357,1058184,5827,"དེ་བྱས་ནས་གཉེན་ལ་ཆགས་པ་དང་དགྲ་ལ་སྡང་སེམས་ལ་སོགས་པ་"
1058184,1062852,4668,"གདོས་དྲག་ན་ཕྱོགས་རིས་ཆེ་སྟེ་ཐམས་ཅད་མཐུན་པོ་རུ་མི་འོང་པས་ན།"
1062852,1067002,4150,"ཧ་ཅང་གདུང་སེམས་ཆེ་བ་དང༌། ཧ་ཅང་སྡང་སེམས་ཆེ་བའི་ཕྱོགས་རིས་མ་སོང་བར་བྱ།"
1067002,1070347,3345,"འཁྲུལ་སྣང་འདི་དག་ཐམས་ཅད་ཚེ་རབས་ཐོག་མེད་ནས་ད་ལྟ་ཡན་ཆད་"
1070347,1074110,3763,"གོམས་སོང་དུས་ཡུད་ཙམ་ཞིག་མཐོང་ནའང་སེམས་ལ་ཆགས་འོང་བས་ན།"
1074110,1078950,4840,"འཁྲུལ་པའི་སྣང་བ་འདི་ཐམས་ཅད་ཞེན་ཆགས་རྩད་ནས་ཆོད་པ་ཅན་ཞིག་བྱེད་དགོས།"
1078950,1085520,6570,"(116)   ཐ་མ་འགྱོད་པ་མེད་པའི་ཆོས་དྲུག་ནི། །ངོ་ཚ་ཁྲེལ་འཛེམ་ལྡན་པས་ཤི་ཡང་འགྱོད་པ་མེད། །"
1085520,1090150,4630,"མི་དགེ་སྡིག་པ་མ་བྱས་ཤི་ཡང་འགྱོད་པ་མེད། །ཆོས་ཕྱོགས་ཟས་ནོར་བཏང་བས་ཤི་ཡང་འགྱོད་པ་མེད། །"
1090150,1094830,4680,"བསླབ་གསུམ་གཙང་མ་བསྲུངས་བས་ཤི་ཡང་འགྱོད་པ་མེད། །དགེ་ལ་རྟག་ཏུ་བརྩོན་པས་ཤི་ཡང་འགྱོད་པ་མེད། །"
1094830,1100109,5279,"རང་སེམས་གནོང་འགྱོད་མེད་པས་ཤི་ཡང་འགྱོད་པ་མེད། །འདི་དག་རྣམས་དང་ལྡན་པར་བྱ་བ་གཅེས། །"
1100109,1104941,4832,"གསུངས་དུས། ཆོས་པའི་གང་ཟག་ཐ་མ་ཞིག་ཡིན་ནའང་འགྱོད་པ་མེད་པའི་ཆོས་དྲུག་དགོས།"
1104941,1108257,3316,"གང་རེད་ཟེར་ན། སྡིག་པ་མི་དགེ་བ་དང་ཉེས་པར་སྤྱད་ན་"
1108257,1113382,5125,"རང་ཉིད་དམ་པའི་ཆོས་ཞུས་པ་དང༌། བླ་མ་བསྟེན་པ་རེད་དུས་ངོ་ཚ་ཡི་རེད་བསམ་པ་དང༌།"
1113382,1117132,3750,"དེ་ལས་མ་རུང་པ་འདི་བྱས་ན་ལྷ་དང་བླ་མ་"
1117132,1119923,2791,"ཆོས་མཐུན་གྱི་གྲོགས་པོ་རྣམས་ཀྱིས་ཐུགས་ཁྲེལ་འགྲོ་རེད་བསམ་ནས།"
1119923,1123236,3313,"ཁྲེལ་ཡོད་དང་ལྡན་པ་བྱས་ནས་དེའི་ངང་ནས་ཤི་སོང་ན།"
1123236,1127720,4484,"མཐོ་རིས་དང་ཐར་པའི་ལམ་ལ་རང་ཤུགས་ཀྱིས་འགྲོ་རྒྱུ་རེད་དུས་འགྱོད་པ་མི་དགོས།"
1127720,1131910,4190,"སྡིག་པ་མི་དགེ་བ་གཏན་ནས་མ་བྱས་ངང་ནས་ཤི་སོང་ན་"
1131910,1135447,3537,"གཏན་ནས་འགྱོད་པ་མེད། ཆོས་ཀྱི་ཕྱོགས་སུ་ཟས་དང་ནོར་ཐམས་ཅད་"
1135447,1139420,3973,"བཏང་སོང་ན་རང་སྤང་གོ་རེད་དེ་ཤི་སོང་ན་ཡང་"
1139420,1142863,3443,"ཟས་ནོར་གྱིས་གོ་ཆོད་སོང་བ་ཡིན་པས་ན་འགྱོད་པ་མེད།"
1142863,1146231,3368,"ཚུལ་ཁྲིམས་ཏིང་ངེ་འཛིན་ཤེས་རབ་ཀྱི་བསླབ་པ་གཙང་མ་དེ་"
1146231,1148636,2405,"ཚུལ་བཞིན་དུ་བསྲུངས་ན་བསླབ་གསུམ་གྱི་ནོར་དེ།"
1148636,1151516,2880,"སྐྱེ་བ་ནས་སྐྱེ་བ་ཐམས་ཅད་དུ་བརླག་རྒྱུ་ཡོད་མ་རེད་དུས་"
1151516,1157978,6462,"ཤི་སོང་ནའང་འགྱོད་པ་མེད། དུས་རྟག་ཏུ་དགེ་བ་ལ་བརྩོན་འགྲུས་བྱེད་བསྡད་ན་"
1157978,1161597,3619,"དགེ་བ་གང་ཚོད་ཚོད་ཅིག་བརྩོན་འགྲུས་ཀྱིས་བསྒྲུབས་ཡོད་རྒྱུ་རེད་དུས་"
1161597,1169030,7433,"ཤི་ཡང་འགྱོད་པ་མེད། རང་སེམས་ལ་གོང་གི་འགྱོད་པ་མེད་པའི་ཆོས་དྲུག་འདི་ལྡན་ན།"
1169030,1173793,4763,"ངས་སྡིག་པ་སྤངས་ཐུབ་མིན་འདུག་འཁོར་བ་ལ་འཁྱམས་བསྡད་འདུག་བསམ་བློ་ལྟ་བུ་དང༌།"
1173793,1177726,3933,"ཆོས་བསྒྲུབས་མ་སོང་བསམ་རྒྱུ་འགྱོད་པ་གཏན་ནས་མེད་པས་ན་"
1177726,1182949,5223,"ཤི་ཡང་འགྱོད་པ་མེད་པ་འདི་དག་གི་འགྱོད་མེད་ཀྱི་ཆོས་དྲུག་དང་ལྡན་པར་བྱ་བ་གཅེས་པ་ཡིན།"
1182949,1187110,4161,"(117)  འབྲིང་གི་བྲོད་པ་དྲུག་དང་ལྡན་པ་ནི། །དཀོན་མཆོག་བསྟེན་པས་འཁོར་བ་སྐྱོབ་རེ་བྲོད། །"
1187110,1191584,4474,"ཚོགས་གཉིས་བསགས་པས་འདི་བས་བདེ་སྟེ་བྲོད། །དམ་ཚིག་བསྲུངས་པས་མཁའ་འགྲོས་བསུ་སྟེ་བྲོད། །"
1191584,1195850,4266,"ཡི་དམ་བར་དོར་ལམ་སྣ་འདྲེན་ཏེ་བྲོད། །བླ་མ་མཆོག་དང་འདུ་འབྲལ་མེད་དེ་བྲོད། །"
1195850,1199917,4067,"སེམས་ཉིད་གོམས་པས་འོད་གསལ་འཆར་ཏེ་བྲོད། །འདའ་དཀའ་འཆི་བྲོད་གདམས་པ་ཟབ་མོ་ཡིན། །"
1199917,1205705,5788,"ཞེས་པ་སྟེ། གང་ཟག་ཆོས་པ་འབྲིང་ཞིག་ཡོད་ནའང་"
1205705,1209274,3569,"སེམས་ལ་དུས་རྟག་ཏུ་བྲོད་པའམ་སྤྲོ་བ་འཕེལ་བའི་ཆོས་དྲུག་ཡོད་དེ།"
1209274,1214005,4731,"གང་རེད་ཟེར་ན། དཀོན་མཆོག་གསུམ་པོ་ལ་དུས་རྣམ་པ་ཀུན་སྙིང་ཐག་པ་ནས་"
1214005,1218026,4021,"སྐྱབས་སུ་བསྟེན་ན་དེ་ཁམས་གསུམ་འཁོར་བ་མཐའ་ཅན་དུ་འགྱུར་ཏེ།"
1218026,1221094,3068,"དཀོན་མཆོག་གི་མཚན་ཙམ་ཐོས་ནའང་ངན་སོང་དུ་འགྲོ་མ་རེད།"
1221094,1225217,4123,"དེ་ལས་སྐྱོབ་ངེས་པ་རེད་དུས། སྐྱབས་ཐམས་ཅད་ཀྱི་མཆོག་ཏུ་གྱུར་པ་ཡིན་བསམ་སྟེ་"
1225217,1228668,3451,"བློ་བདེ་པོ་ཞིག་དགོས་པ་ཡིན། བསོད་ནམས་དང་ཡེ་ཤེས་ཚོགས་གཉིས་"
1228668,1232770,4102,"ཡང་དག་པ་གསོག་བསྡད་ན་ད་ལྟ་ལུས་རྟེན་འདི་བས་སྐྱེ་བ་གཞན་མ་ལ་"
1232770,1237378,4608,"ཇེ་བཟང་ཇེ་བདེ་རུ་འགྲོ་བའི་ཕྱིར་ན་འདིས་སེམས་བདེ་བ་ཞིག་ཡོད།"
1237378,1241232,3854,"གསང་སྔགས་རྡོ་རྗེ་ཐེག་པའི་དམ་ཚིག་ཚུལ་བཞིན་དུ་སྲུང་བསྡད་ན།"
1241232,1244981,3749,"དམ་ཚིག་དེ་ཉིད་མཁའ་འགྲོ་ཆོས་སྐྱོང་གི་བླ་རྡོ་རེད་དུས་ཤི་སོང་ན་ཡང་"
1244981,1249550,4569,"མཁའ་འགྲོ་རྣམས་ཀྱིས་དག་པའི་ཞིང་དུ་བསུ་འོང་བ་ཡིན་སེམས་བྲོད་པ་བསྐྱེད་དགོས།"
1249550,1252657,3107,"ཡི་དམ་འདི་བསྙེན་སྒྲུབ་ལ་རྩེ་གཅིག་ཏུ་བརྩོན་ནས་"
1252657,1255710,3053,"སྐྱེ་འཆི་བར་དོ་ལམ་ཁྱེར་ལ་ཚུལ་བཞིན་དུ་བསྟེན་བསྡད་ན་"
1255710,1257581,1871,"བར་དོ་འཇིགས་སྐྲག་གི་འཁྲུལ་སྣང་ཤར་འོང་དུས།"
1257581,1262045,4464,"ཡི་དམ་ལྷ་དེས་དག་པའི་ཞིང་ཁམས་སུ་འདྲེན་འགྲོ་བ་ཡིན་པས་སེམས་བྲོད་པ་ཡོད།"
1262045,1265031,2986,"བླ་མ་མཆོག་ཏུ་དུས་རྟག་ཏུ་འདུ་འབྲལ་མེད་པ་བསྟེན།"
1265031,1269027,3996,"བླ་མའི་བཀའ་བཞིན་དུ་སྒྲུབ་བླ་མ་ལ་ཡིད་ཆེས་ཀྱི་མོས་གུས་ཡོད་ན།"
1269027,1274378,5351,"དེ་སྐྱེ་བ་ཚེ་རབས་ཐམས་ཅད་དུ་ཆོས་སྟོན་པའི་བླ་མ་དང་མི་འབྲལ་བ་སེམས་བྲོད་པ་ཡིན།"
1274378,1278436,4058,"བླ་མའི་བཀའ་དྲིན་དེ་ལ་བརྟེན་ཏེ་སེམས་ཉིད་གནས་ལུགས་ཀྱི་ངོ་བོ་དེ་ངོ་ཤེས།"
1278436,1283136,4700,"ངོ་ཤེས་པ་དེ་ལ་ཡང་ནས་ཡང་དུ་ཉམས་ལེན་གྱིས་གོམས་བསྡད་ན་"
1283136,1287286,4150,"སྐྱེ་འཆི་ཐམས་ཅད་འོད་གསལ་གྱི་རང་བཞིན་དུ་འཆར་ཏེ་བྲོད་པར་འགྱུར་བ་ཡིན།"
1287286,1292196,4910,"འདི་བྲོད་པ་རྣམ་པ་དྲུག་འདི་སོན་ན་དེ་རིང་ཤི་སོང་ནའང་འཆི་ལ་དགའ་བ་མ་གཏོགས།"
1292196,1296452,4256,"འཆི་བ་ལ་ཡ་ང་དང་བག་ཚ་མེད་པའི་གདམས་པ་ཟབ་མོ་འགྱུར་པ་ཡིན།"
1296452,1302878,6426,"(118) རྣལ་འབྱོར་རབ་ཀྱི་འཆི་རྒྱུ་མེད་དྲུག་ནི། །རང་རིག་དགོངས་པ་ཡེ་ནས་འཆི་རྒྱུ་མེད། །"
1302878,1306826,3948,"རང་བྱུང་ཡེ་ཤེས་ཡེ་ནས་འཆི་རྒྱུ་མེད། །འོད་གསལ་ཆོས་ཉིད་ཡེ་ནས་འཆི་རྒྱུ་མེད། །"
1306826,1313278,6452,"ངར་འཛིན་རིག་བྲལ་ཡེ་ནས་འཆི་རྒྱུ་མེད། །རྒྱུ་འབྲས་ལ་དོར་ཡེ་གྲོལ་འཆི་རྒྱུ་མེད། །"
1313278,1317441,4163,"རེ་དོགས་གཉིས་མེད་ནམ་མཁའ་འཆི་རྒྱུ་མེད། །དེ་ལྟར་རྟོགས་ན་འཆི་བདག་བདུད་དང་བྲལ། །"
1317441,1324594,7153,"གསུངས་དུས། ཆོས་ཉིད་ཀྱི་དོན་ངེས་པ་ཅན་ཞིག་རྟོགས་སོང་ན།"
1324594,1327357,2763,"སྐྱེ་འཆིའི་སྡུག་བསྔལ་ལས་འཇིགས་སྐྲག་གཏན་ནས་མི་དགོས་ཏེ།"
1327357,1332237,4880,"གང་རེད་ཟེར་ན། རང་རིག་པའི་ངོ་བོ་འདི་དག་གཞི་ལམ་འབྲས་གསུམ་ཐམས་ཅད་ཀྱི་རྒྱུ་འདི་"
1332237,1336883,4646,"ཆོས་ཉིད་བདེ་གཤེགས་སྙིང་པོ་བསལ་བཞག་འཕོ་འགྱུར་དང་བྲལ་བ་ཡོད་པའི་ཕྱིར་ན་འཆི་རྒྱུ་མེད།"
1336883,1341362,4479,"རང་བྱུང་ཡེ་ཤེས་ཀྱི་ངོ་བོ་དེ་རྟོགས་སོང་ན་འཆི་བ་ཞེས་བྱ་བ་དེའང༌།"
1341362,1344401,3039,"འཆི་བ་འཆི་བ་ཞེས་བྱ་བ། །རྣལ་འབྱོར་སངས་ཆུང་རྒྱ་བ་ཡིན། །ཟེར་"
1344401,1347546,3145,"ཆོས་ཉིད་ཀྱི་ངང་དུ་ཡར་གྲོལ་རྒྱུ་མ་གཏོགས་འཆི་རྒྱུ་མེད།"
1347546,1351452,3906,"འོད་གསལ་གྱི་ཆོས་ཉིད་འདི་བརྟན་པ་ཡག་པོ་ཞིག་ཐོབ་སོང་ན་"
1351452,1356357,4905,"དུས་དང་རྣམ་པ་ཀུན་ཏུ་ཅིར་སྣང་ཡེ་ཤེས་ཀྱི་རོལ་བ་མཉམ་རྗེས་ཆོས་ཉིད་འཁོར་ལོ་མ་གཏོགས།"
1356357,1361623,5266,"ཡེང་བ་དང་འཁྲུལ་བའི་འཆི་རྒྱུ་མེད། ངར་འཛིན་རྩད་ནས་ཆོད་པར་གྱུར་ཏེ་"
1361623,1365820,4197,"རིག་པའི་ངོ་བོ་ཚུལ་བཞིན་དུ་རྟོགས་ན། ངར་འཛིན་ཡོད་ན་སྐྱེ་འཆི་ཡོད་རྒྱུ་རེད།"
1365820,1369707,3887,"ངར་འཛིན་མེད་ན་དེའི་ལས་ཀྱི་འབྲས་བུ་སྐྱེ་འཆི་མི་ཡོང་བས་འཆི་རྒྱུ་མེད།"
1369707,1373378,3671,"རྒྱུ་འབྲས་ཐམས་ཅད་སྤང་བླང་དང་བྲལ་བའི་ཆོས་ཉིད་དོན་དེ་རྟོགས་སོང་ན་"
1373378,1379475,6097,"ཡེ་ནས་རྣམ་པར་གྲོལ་སོང་བ་ཡིན་པས། སྡིག་པ་བྱས་ན་འཆིང་འོང་རྒྱུའི་རྒྱུ་གང་ཡང་མེད་པ་ཡིན།"
1379475,1382426,2951,"འབྲས་བུ་སངས་རྒྱས་གོ་འཕང་རང་སེམས་ལ་རྫོགས་པ་ཤེས་ཏེ་"
1382426,1387603,5177,"རེ་དོགས་མེད་པ་འབྱུང་ན་ནམ་མཁའ་ལྟ་བུ་ཡིན་པས་ན་འཆི་རྒྱུ་མེད་པའི་དེ་ལྟར་རྟོགས་ན།"
1387603,1391541,3938,"ཆོས་ཉིད་ཀྱི་ལྟ་བ་ལ་གདིང་དང་ལྡན་པའི་གང་ཟག་དེ་"
1391541,1394999,3458,"འཆི་བདག་གི་བདུད་གློ་བུར་ཐོག་ཏུ་འབབ་འོང་ནའང་"
1394999,1399920,4921,"ཡ་ང་དང་བག་ཚ་མེད་པ་ཆོས་ཉིད་ཀྱི་ངང་དུ་གྲོལ་བ་ཡིན།"
1399920,1403680,3760,"(119)  མ་རྟོགས་དངོས་པོར་གཟུང་བའི་སྐྱོན་དྲུག་ནི། །རང་ལ་ཡོད་པ་བཞག་ནས་གཞན་དུ་བཙལ། །"
1403680,1405581,1901,"སྒོམ་ཆེན་གནས་ལུགས་མ་ཤེས་མཚན་མས་བཅིངས། །"
1405581,1409701,4120,"ཡུལ་སྣང་བརྫུན་པར་མ་ཤེས་བདེན་པར་འཛིན། །དབྱིངས་གཅིག་གནས་ལུགས་མ་རྟོགས་སོ་སོར་འཛིན། །"
1409701,1414498,4797,"རང་རིག་ངོ་བོ་མ་ཤེས་མཐོ་དམན་བགྲོད། །འཁྲུལ་བའི་མངོན་ཞེན་མ་ཆོད་བདུད་ཀྱིས་བསླུས། །"
1414498,1416689,2191,"མ་རྟོགས་ལོག་པའི་སྐྱོན་རྣམས་བརྟགས་ཏེ་སྤང༌། །"
1416689,1421457,4768,"གསུངས་དུས། ཆོས་ཉིད་ཀྱི་ལྟ་བ་གོང་དུ་བཤད་པ་དེ་ལྟ་བུ་མ་རྟོགས་ན།"
1421457,1424056,2599,"དངོས་པོ་དངོས་འཛིན་གྱི་འཛིན་པ་དེ་ཞུགས་ཡོང༌།"
1424056,1426978,2922,"དངོས་འཛིན་འཛིན་པ་དེ་ཞུགས་འོང་ན་དེ་ལ་སྐྱོན་དྲུག་ཡོད་དེ།"
1426978,1433904,6926,"གང་རེད་ཟེར་ན། ཆོས་ཉིད་འཕོ་འགྱུར་མེད་པའི་ལྟ་བ་དེ་རང་གི་སེམས་རྒྱུད་ལ་ཡོད་རེད་དེ།"
1433904,1437910,4006,"དེ་རང་ལ་ཡོད་པ་མ་ཤེས། ཐག་གཞན་རིང་པོ་ཞིག་ལ་བཙལ་བསྡད་ན།"
1437910,1441315,3405,"དཔེར་ན་གླང་པོ་ཆེ་རང་གི་ཁྱིམ་གྱི་འོག་ལ་ཡོད་པ་མ་ཤེས་"
1441315,1444731,3416,"གླང་པོ་ཆེ་ཤོར་སོང་ཟེར་ནགས་ན་འཚོལ་བསྡད་པ་ལྟ་བུ་ཡིན།"
1444731,1449852,5121,"སྒོམ་ཆེན་གྱིས་ཆོས་ཉིད་ཡང་དག་པའི་གནས་ལུགས་འདི་རང་ལ་ཡོད་པར་མ་ཤེས་ཏེ།"
1449852,1452231,2379,"རེས་འགའ་ཡོད་པ་རེད་བསམ། མེད་པ་རེད་བསམ།"
1452231,1455298,3067,"གསལ་བ་རེད་བསམ། སྟོང་པ་རེད་བསམ། མཚན་མས་བཅིངས་བསྡད་ན་"
1455298,1457639,2341,"འཁོར་བའི་འཁྲུལ་སྣང་གིས་འཆིང་འགྲོ་བ་ཡིན།"
1457639,1461399,3760,"ཕྱི་ཚོགས་དྲུག་གི་ཡུལ་སྣང་ཐམས་ཅད་བཟང་ངན་གང་ཤར་ནའང་"
1461399,1464511,3112,"སྒྱུ་མ་དང་རྨི་ལམ་ལྟ་བུའི་བརྫུན་པའི་རང་བཞིན་དུ་མ་ཤེས་ན།"
1464511,1467715,3204,"དེ་ལ་བདེན་པར་འཛིན་ཚར་ནས་ཡུལ་ཡིད་དུ་འོང་བ་ལ་ཆགས།"
1467715,1470885,3170,"ཡུལ་ཡིད་དུ་མི་འོང་བ་ལ་སྡང་བའི་བློ་བརྟེན་པར་འགྱུར་བ་ཡིན།"
1470885,1476376,5491,"འཁོར་འདས་ཀྱི་དབྱིངས་གཅིག་པའི་གནས་ལུགས་དེ་ཉིད་མ་རྟོགས་ནས་བཟུང་སྟེ།"
1476376,1479678,3302,"འཁོར་བ་སྤང་བྱ་དེ་ཡང་སྤངས་ཐུབ་པའི་དུས་མེད།"
1479678,1484225,4547,"མྱ་ངན་ལས་འདས་པའི་བསྒྲུབ་བྱ་དེ་ཡང་སྒྲུབ་ཐུབ་པའི་དུས་མེད་པས།"
1484225,1487862,3637,"འཁོར་འདས་སོ་སོར་མི་འཛིན་ཏེ་ཆོས་ཉིད་གཅིག་གི་རོལ་བ་དེ་ཤེས་དགོས།"
1487862,1491957,4095,"རང་གི་རིག་པའི་ངོ་བོ་དེ་ཚུལ་བཞིན་དུ་རྟོགས་སོང་ན་"
1491957,1494508,2551,"ཉམས་མཐོ་དམན་གྱིས་བསླུ་ཐུབ་རྒྱུ་མ་རེད་དུས།"
1494508,1499193,4685,"ཡེ་ནས་ཆོས་ཉིད་ཀྱི་གོ་འཕང་ཐོབ་ཟིན་པས་མཐོ་དམན་མེད་པའི་ངང་ནས་"
1499193,1507188,7995,"ཐར་པའི་ལམ་བགྲོད་འགྲོ་བ་ཡིན། བཟང་རྟོག་ངན་རྟོག་གི་མངོན་ཤེས་གྲུབ་རྟགས་ལ་སོགས་པ་དང༌།"
1507188,1509857,2669,"ཉོན་མོངས་དུག་གསུམ་འཁྲུལ་པ་ལ་སོགས་པ་ཐམས་ཅད་"
1509857,1512968,3111,"མངོན་ཞེན་རྩད་ནས་བཅད་མ་ཐུབ་ནས་བཟུང་སྟེ།"
1512968,1516219,3251,"ཉམས་དང་རྟོགས་པ་སྐྱེས་ནའང་མཆོག་འཛིན་དང་རློམ་སེམས་འབྱུང་ན་"
1516219,1519363,3144,"བདུད་ཀྱི་བར་ཆད་ཀྱི་དབང་དུ་ལོག་པ་ཡིན་པས།"
1519363,1525662,6299,"དེ་ཐམས་ཅད་ཆོས་ཉིད་དགོངས་པ་ཚུལ་བཞིན་དུ་མ་རྟོགས་པའི་སྐྱོན་ཡིན་པས་སྤང་བར་བྱ་བ་ཡིན།"
1525662,1529412,3750,"(120)  ཕྱིར་མི་ལྡོག་པའི་གདམས་ངག་རྣམ་དྲུག་ནི། །བླ་མ་བསྟེན་པས་མི་ཆོས་ཕྱིར་མི་ལྡོག །"
1529412,1533446,4034,"ཡུལ་གྱི་ཉེས་བསམས་མི་ཆོས་ཕྱིར་མི་ལྡོག །བདེ་སྡུག་བསམས་པས་མི་ཆོས་ཕྱིར་མི་ལྡོག །"
1533446,1537322,3876,"འཇིག་རྟེན་ཉེས་བསམས་མི་ཆོས་ཕྱིར་མི་ལྡོག །འཁྲུལ་པར་བལྟས་པས་མི་ཆོས་ཕྱིར་མི་ལྡོག །"
1537322,1543799,6477,"སྡུག་བསྔལ་འདམ་བསམས་མི་ཆོས་ཕྱིར་མི་ལྡོག །དེ་ལྟར་བསམས་ན་འཇིག་རྟེན་ཆོས་ལས་གྲོལ། །"
1543799,1547094,3295,"གསུངས་ནས་བཟུང་སྟེ། ད་ཆོས་ཡང་དག་པ་ཞིག་ལ་བརྩམ་ན་"
1547094,1550349,3255,"ཆོས་མཐར་མ་ཕྱིན་པ་ཕྱིར་ལྡོག་འོང་རྒྱུ་རེད་དུས།"
1550349,1553659,3310,"ཕྱིར་མི་ལྡོག་པའི་གདམས་ངག་རྣམ་པ་དྲུག་ཡོད། གང་རེད་ཟེར་ན།"
1553659,1556450,2791,"བླ་མ་དགེ་བའི་བཤེས་གཉེན་ཞིག་ཚུལ་བཞིན་དུ་བསྟེན།"
1556450,1560003,3553,"དེས་ཅི་གསུངས་ཀྱི་བཀའ་བཞིན་དུ་བསྒྲུབ་ན་འཇིག་རྟེན་གྱི་བྱ་བ་ལ་"
1560003,1565326,5323,"ཕྱིར་ལོག་གཏན་ནས་མི་འོང་སྟེ། འཇིག་རྟེན་གྱི་བྱ་བ་ཐམས་ཅད་བླ་མས་སྤོང་གསུངས་པ་རེད་དུས་དེ་ལྟ་བུ་ཡིན།"
1565326,1570289,4963,"ཕྱི་ཚོགས་དྲུག་གི་ཡུལ་འདི་ཐམས་ཅད་ཀྱིས་ད་སྔ་བསླུས་རེད་དུས་ཉེས་པ་བསམ་བསྡད་ན་"
1570289,1575383,5094,"ཡང་འཇིག་རྟེན་ཆོས་བརྒྱད་ཀྱི་བྱ་བ་ལ་ཕྱིར་མི་ལྡོག་པ་ཡིན།"
1575383,1582709,7326,"འཁོར་བའི་བདེ་སྡུག་འདི་ཐམས་ཅད་སྒྱུ་མ་དང་རྨི་ལམ་ལྟ་བུའི་རང་བཞིན་ཡང་ནས་ཡང་དུ་བསམ་སྟེ།"
1582709,1587811,5102,"བདེ་སྡུག་ཐམས་ཅད་ལམ་དུ་འཁྱེར་ན་མི་ཆོས་འཇིག་རྟེན་གྱི་བྱ་བ་ལ་ཕྱིར་མི་ལྡོག་པ་ཡིན།"
1587811,1590396,2585,"འཇིག་རྟེན་ཆོས་བརྒྱད་ཀྱི་བྱ་བ་འདི་ཐམས་ཅད་ནི་"
1590396,1593786,3390,"འཕྲལ་དུ་བདེ་བ་དང་ཕུགས་སུ་ཉེས་པ་ཡོད་པ་སྤུ་གྲིའི་སོ་ལ་"
1593786,1598636,4850,"སྦྲང་རྩི་ལྕེས་ལྡག་པ་ལྟ་བུ་ཡིན་སྙམ་སྟེ་ཞེན་པ་ལོག་གེ་བ་ཞིག་ཡོད་ན་"
1598636,1603883,5247,"མི་ཆོས་ལ་ཕྱིར་མི་ལྡོག ཁམས་གསུམ་འཁོར་བའི་སྒོ་ལུས་ངག་ཡིད་གསུམ་གྱིས་བྱ་བ་ཅི་བྱེད་ཐམས་ཅད་"
1603883,1607632,3749,"འཁྲུལ་བ་ཡིན་པ་ངོ་ཤེས་ཏེ། དུག་དང་འདྲེས་པའི་ཁ་ཟས་ལྟ་བུ་ཤེས་ན་"
1607632,1612151,4519,"འཁོར་བའི་གནས་སུ་ཕྱིར་མི་ལྡོག་པ་ཡིན། འཁོར་བ་ཞེས་བྱ་བ་འདི་"
1612151,1616310,4159,"སྡུག་བསྔལ་གྱི་འདམ་རྫབ་ཆེན་པོ་ཚེ་རབས་ཐོག་མེད་ནས་ད་ལྟ་ཡན་ཆད་དུ་"
1616310,1620310,4000,"འདི་ནང་དུ་ཆུད་པའི་ཉེས་པ་བསམ་སྟེ་མི་ཆོས་ཕྱིར་མི་ལྡོག་པ་ཡིན་པས།"
1620310,1624036,3726,"དེ་ལྟ་བུ་བསམ་ན་འཇིག་རྟེན་གྱི་ཆོས་ལས་གྲོལ་བར་འགྱུར་བ་ཡིན།"
1624036,1628658,4622,"(121)  གཉེན་པོའི་མེལ་ཚེ་དྲུག་གིས་བསྐོར་བ་ནི། །ཉིན་མཚན་ཚེ་རྐུ་གཉེན་པོའི་མེལ་ཚེ་གྱིས། །"
1628658,1632694,4036,"དུག་ལྔས་རྒྱུད་སྲེག་གཉེན་པོའི་མེལ་ཚེ་གྱིས། །འདོད་པས་མི་ངོམས་གཉེན་པོའི་མེལ་ཚེ་གྱིས། །"
1632694,1636707,4013,"དྲག་པོའི་ལས་ལ་གཉེན་པོའི་མེལ་ཚེ་གྱིས། །དོན་མེད་ལས་ལ་གཉེན་པོའི་མེལ་ཚེ་གྱིས། །"
1636707,1641957,5250,"སྒོ་གསུམ་ཅི་སྤྱོད་གཉེན་པོའི་མེལ་ཚེ་གྱིས། །ཉོན་མོངས་དགྲ་རྐུན་གླགས་སྐབས་རྙེད་མི་འགྱུར། །"
1641957,1646526,4569,"གསུངས་དུས། དཔེར་ན་འཇིག་རྟེན་ན་མི་ཆེན་པོ་དང༌། འབྱོར་བ་ལོངས་སྤྱོད་ལྡན་པ་ཅན་ཞིག་"
1646526,1652589,6063,"དེ་ལ་སྐུ་སྲུང་མེད་ན། དགྲ་ཡིས་དུས་རྟག་ཏུ་གནོད་ཀྱི་རེད།"
1652589,1655794,3205,"དཔེ་དེ་བཞིན་དུ་ཆོས་རྣམ་པར་དག་པ་སྒྲུབ་པར་བྱེད་པ་དེ་ལ་"
1655794,1659806,4012,"གཉེན་པོའི་སྲུང་སྐྱོབ་དྲུག་མེད་ན། ཆོས་ལ་བར་ཆད་འབྱུང་བ་ཡིན་པའི་ཕྱིར་ན།"
1659806,1662802,2996,"ཉིན་དང་མཚན་གཉིས་པོ་དེ་རེ་རེ་སོང་བཞིན་དུ་"
1662802,1666902,4100,"རང་གི་ཚེ་དེ་ཟད་འགྲོ་བ་ཡིན་པས་ན། དེ་མི་རྟག་པས་རྒྱུད་བསྐུལ་ཏེ་"
1666902,1671462,4560,"ཡང་ནས་ཡང་དུ་དམ་པའི་ཆོས་ལ་བརྩོན་པའི་གཉེན་པོའི་མེལ་ཚེ་གྱིས།"
1671462,1675910,4448,"ཉོན་མོངས་པ་དུག་ལྔ་རང་རྒྱུད་སྤྱོད་ན་རང་རྒྱུད་ཀྱི་ཐར་པའི་ས་བོན་ཐམས་ཅད་"
1675910,1680544,4634,"སྲེག་འགྲོ་བ་ཡིན་པས། དུག་ལྔ་འདི་རང་རྒྱུད་ཀྱིས་སྦྱོང་ཐུབ་པའི་"
1680544,1683127,2583,"ཐབས་ཀྱིས་གཉེན་པོ་ལ་དུས་རྟག་ཏུ་མེལ་ཚེ་གྱིས།"
1683127,1686190,3063,"དེ་ནས་ཟས་གོས་ནོར་ལོངས་སྤྱོད་ལ་སོགས་པ་ཇི་ཙམ་ཡོད་ཀྱང་"
1686190,1690815,4625,"སེམས་ངོམས་རྒྱུ་མེད་པ་བྱས་ན། དེས་མི་ཚེ་སྟོང་ཟད་དུ་འགྲོ་བ་ཡིན་པས་"
1690815,1693815,3000,"ཆོག་ཤེས་ཀྱི་བདུད་རྩིའི་གཉེན་པོའི་མེལ་ཚེ་གྱིས།"
1693815,1698689,4874,"སྲུང་ཟློག་གསད་གསུམ་ལ་སོགས་པ་ལྷ་སྔགས་དྲག་པོས་དགྲ་བོ་ལ་"
1698689,1702462,3773,"མཐུ་བརྒྱབ་པ་ལ་སོགས་པ་བྱས་ན། རང་ལ་ལྟ་དགོངས་ཀྱི་རྟོགས་པ་མེད།"
1702462,1705701,3239,"བསད་པ་གསོ་མ་ནུས་ན་ཉེས་པ་ཆེན་པོ་འབྱུང་བ་ཡིན་པའི་ཕྱིར་ན་"
1705701,1708538,2837,"བྱམས་སྙིང་རྗེའི་སྒོ་ནས་གཉེན་པོས་དེ་ལ་མེལ་ཚེ་གྱིས།"
1708538,1711510,2972,"དེ་ནས་ད་སྔ་ཡན་ཆད་དུ་འཇིག་རྟེན་ཚེ་འདིའི་བྱ་བ་"
1711510,1714890,3380,"བསྒྲུབས་བསྒྲུབས་བསྡད་པ་འདི་ལ་གྲུབ་འབྲས་ཏིལ་འབྲུ་ཙམ་ཞིག་མེད་པ།"
1714890,1718174,3284,"དཔེར་ན་འཁོར་བ་ཐོག་མ་ནས་ད་ལྟ་ཡན་ཆད་དུ་འཁྱམས་ཏེ།"
1718174,1720519,2345,"འདོད་དོན་མ་གྲུབ་པའི་ངུ་བསྡད་པའི་མཆི་མ་ཡིན་ན།"
1720519,1724862,4343,"ཕྱོགས་བཞིའི་རྒྱ་མཚོའི་ལས་ཀྱང་མང་བ་དང༌། གྲོག་འབུ་རུ་སྐྱེས་པའི་རྐང་ལག་ལ་བསམ་ན་"
1724862,1727852,2990,"རི་རབ་ལས་ཀྱང་མཐོ་བའི་ལུས་བླངས་ཡོད་རེད།"
1727852,1730547,2695,"དེ་དོན་དག་སྙིང་པོ་གཏན་ནས་མེད་པ་ཡིན་པ་ཤེས་ཏེ་"
1730547,1733120,2573,"འཁོར་བའི་ལས་ལ་སྐྱོ་བའི་གཉེན་པོའི་མེལ་ཚེ་གྱིས།"
1733120,1737204,4084,"སྒོ་ལུས་ངག་ཡིད་གསུམ་ཅི་སྤྱོད་ནའང་དམ་པའི་ཆོས་བཞིན་དུ་འགྲོའི་ཨེ་འདུག །"
1737204,1740707,3503,"ཆོས་འགལ་གྱི་བྱ་བ་སྤོང་ཅི་ཐུབ་ཀྱི་གཉེན་པོའི་མེལ་ཚེ་གྱིས།"
1740707,1745520,4813,"ཉོན་མོངས་པ་འདི་དཔེར་ན་ནོར་ཕྱུག་པོ་ཡོད་པ་ལ་དགྲ་དང་རྐུ་མ་ལྟ་བུ་ཡིན་པས་"
1745520,1747568,2048,"ཉོན་མོངས་ནམ་རྒྱག་འོང་མི་ཤེས་པས།"
1747568,1750882,3314,"ཉོན་མོངས་ཀྱིས་གླགས་མི་འཚོལ་བའི་གཉེན་པོའི་མེལ་ཚེ་"
1750882,1753573,2691,"དུས་རྟག་ཏུ་གྱིས་པ་གལ་ཆེ་བ་ཡིན།"
1753573,1757614,4041,"(122)  ཉམས་ལེན་མི་འགྲུབ་འཆོར་ས་རྣམ་དྲུག་ནི། །མཁོས་ཆུང་གང་ཟག་མི་ཚེ་དོན་མེད་འཆོར། །"
1757614,1762515,4901,"གྲགས་འདོད་ཅན་དེ་མི་ཚེ་ལོ་འདོད་འཆོར། །ཟས་སྲེད་ཅན་དེ་ཟས་ཕྱིར་མུག་ལྟོར་འཆོར། །"
1762515,1766352,3837,"མི་རྒོད་ནོར་ཅན་ཁེ་སྤོགས་ཚོང་ལ་འཆོར། །དད་མེད་ཐོས་བསམ་ཆོས་དྲེད་རྒྱུས་ཅན་འཆོར། །"
1766352,1772341,5989,"ཐོས་ཆུང་བླུན་སྒོམ་ལོག་པའི་ལམ་དུ་འཆོར། །འཆོར་བ་དྲུག་པོར་མ་སོང་ཤིན་ཏུ་གཅེས། །"
1772341,1775584,3243,"ཞེས་པ་སྟེ། ཉམས་ལེན་ཚུལ་བཞིན་དུ་བྱེད་པར་བསམ་ནའང་"
1775584,1778589,3005,"ཉམས་ལེན་གནད་དུ་མི་འགྲོ་བ་འཆོར་ས་རྣམ་པ་དྲུག་ཡོད།"
1778589,1781446,2857,"གང་རེད་ཟེར་ན། མཁོས་ཀ་ཆུང་བའི་གང་ཟག་དེ་"
1781446,1786068,4622,"ཆོས་དང་འཇིག་རྟེན་གྱི་བྱ་བ་གཅིག་ཀྱང་མི་འགྲུབ་པ་རང་བཞིན་ལྟོ་གོས་ཀྱི་ཆེད་དུ་"
1786068,1789583,3515,"དོན་མེད་པ་མི་ཚེ་འཆོར་འགྲོ་བ་ཡིན་པས་དེ་ལྟ་བུ་མ་བྱེད།"
1789583,1795541,5958,"འཇིག་རྟེན་ན་སྲིད་ཇུས་མཁས་པའི་གྲགས་པ་ཅན་ཡོད་ན་"
1795541,1799383,3842,"སྲིད་ཇུས་དེས་བྱ་བ་མི་ལོ་བསྡད་དུས་དམ་པའི་ཆོས་བརྒྱུད་ནས་"
1799383,1802057,2674,"འཆོར་འགྲོ་བ་ཡིན་པས་དེ་ལྟ་བུ་མ་རེད།"
1802057,1805599,3542,"ཟས་དང་ཆང་ཤ་ལ་སོགས་པ་ཧ་ཅང་སྲེད་ཆེ་ན་"
1805599,1812257,6658,"དུས་རྟག་ཏུ་རང་ཟས་དེའི་ཤུལ་དུ་བསྐྱུར་འགྲོ་རེད།"
1812257,1815687,3430,"མཐའ་ཁ་མུ་གེས་འཆི་རྒྱུ་ཡིན་པས་མུག་ལྟོར་འཆོར་འགྲོ་བ་ཡིན།"
1815687,1820878,5191,"རྣམ་གཡེང་དང་འདུ་འཛི་སེམས་དྲན་ཤེས་བག་ཡོད་མ་ཡིན་པ་དུས་རྟག་ཏུ་ཁེ་སྤོགས་བྱས་ན།"
1820878,1824699,3821,"གཞན་ཕ་རོལ་པོ་ལ་བསླུ་བྲིད་ཀྱི་སྒོ་ནས་ཚོང་ལ་སོགས་པ་"
1824699,1829626,4927,"ཁེ་དང་རྒྱལ་ཁ་ཐམས་ཅད་དབང་དུ་སོང་དུས་དེ་ཨེ་ཐོབ་བལྟ་རྒྱུའི་ཚོང་ལ་"
1829626,1831505,1879,"འཆོར་འགྲོ་རྒྱུ་མ་གཏོགས་གཏན་ནས་མེད།"
1831505,1836052,4547,"དམ་པའི་ཆོས་ལ་དང་འདོད་ཡིད་ཆེས་ཀྱི་དད་པ་མེད་ན་"
1836052,1839474,3422,"ཐོས་བསམ་སྒོམ་གསུམ་གྱི་ནོར་ཐམས་ཅད་ཤོར་འགྲོ་དུས།"
1839474,1843410,3936,"དམ་པའི་ཆོས་ལ་མི་སྐྱེ་བ་ཆོས་དྲེད་དུ་འགྱུར་འགྲོ་བ་ཡིན་པས་དེ་དག་སྤོངས།"
1843410,1846714,3304,"ཐོས་པ་ཆུང་ན་བླུན་སྒོམ་རྡོ་འཕེན་ཟེར་དུས།"
1846714,1849982,3268,"ཡུན་རིང་པོ་སྒོམ་བསྡད་ནའང་ཉོན་མོངས་ཀྱི་གཉེན་པོ་མི་འགྲོ་"
1849982,1852438,2456,"ཉམས་རྟོགས་རྒྱུད་ལ་མི་སྐྱེ་བ་ཡིན་པས་"
1852438,1854793,2355,"ལོག་པའི་ལམ་དུ་འགྲོ་བར་འགྱུར་བ་ཡིན་པས།"
1854793,1858692,3899,"འཆོར་བ་དྲུག་པོ་དེ་ངོ་ཤེས་ནས་དེའི་དབང་དུ་མ་སོང་བ་ཤིན་ཏུ་གཅེས།"
1858692,1864099,5407,"(123) སྐྱོན་རྣམས་བྱུང་ན་བསལ་ཐབས་ཆོས་དྲུག་ནི། །མོས་གུས་ཤོར་ན་ཡོན་ཏན་དཀའ་བས་སོམས། །"
1864099,1868578,4479,"གཡེང་བས་ཁྱེར་ན་རྣམ་རྟོག་གྲོགས་སུ་སློང༌། །བསྒོམས་ཀྱང་སྐྱེད་མེད་སྣ་ཚོགས་ཐབས་ཀྱིས་ཆུན། །"
1868578,1873578,5000,"འབྱུང་འཁྲུགས་ན་ཚ་རྒྱུ་རྐྱེན་འབྲས་བུར་རྟོགས། །འདུ་བ་ཡལ་ན་ཚོགས་དང་གཏོར་མ་རེམ། །"
1873578,1879520,5942,"སེམས་བསྐྱེད་ཤོར་ན་གཉེན་པོས་བསྐྱར་ལ་བླང༌། །དེ་ཡིས་གེགས་རྣམས་གང་བྱུང་སེལ་བ་ཡིན། །"
1879520,1887931,8411,"དེ་ནས་རང་གི་ཆོས་དང་འགལ་བའི་སྐྱོན་བྱུང་ན། དེ་སྐྱོན་བསལ་བའི་ཐབས་གཉེན་པོ་རྣམ་པ་དྲུག་ཡོད།"
1887931,1891378,3447,"གང་རེད་ཟེར་ན། བླ་མ་ལ་མོས་གུས་འགྲིབ་འགྲོ་ཡི་ཡོད་ན།"
1891378,1895273,3895,"བླ་མའི་སྤངས་རྟོགས་ཀྱི་ཡོན་ཏན་དང༌། བླ་མའི་ཐུགས་རྗེས་བཟུང་སྟེ་འཁོར་བ་ལས་བསྒྲལ་བའི་"
1895273,1898283,3010,"བཀའ་དྲིན་བསམ་ན་མོས་གུས་རང་ཤུགས་ཀྱིས་སྐྱེ་འོང་བ་ཡིན།"
1898283,1901378,3095,"དེ་ནས་རྣམ་གཡེང་དང་འདུ་འཛིས་ཁྱེར་འགྲོ་ཡི་འདུག་ན་"
1901378,1905088,3710,"དེ་རྣམ་གཡེང་འདུ་འཛི་འདི་རྣམ་རྟོག་གིས་སྐྱག་ལང་ཤོར་སོང་བ་རེད་དུས།"
1905088,1908615,3527,"རྣམ་རྟོག་འདི་དྲན་པ་ཤེས་བཞིན་གྱི་སྒོ་ནས་ཚུར་སྐྱག་ལང་མི་གཏོང་བ་"
1908615,1911726,3111,"གླང་པོ་ཆེ་ཐག་པས་བསྡམས་པ་ལྟ་བུ་གྲོགས་སུ་འཁྱེར་བ་ཡིན།"
1911726,1914620,2894,"བསྒོམས་ཀྱང་ཆོས་ལ་ཡར་སྐྱེད་མེད་ན།"
1914620,1918820,4200,"གེགས་སེལ་བོགས་འདོན་གྱི་ཐབས་ཟབ་མོ་སྣ་ཚོགས་པའི་སྒོ་ནས་"
1918820,1920807,1987,"གཅུན་ན་རང་ཤུགས་ཀྱིས་སྐྱེ་བ་ཡིན།"
1920807,1924726,3919,"ལུས་ལ་འབྱུང་བ་འཁྲུག་འོང་ན་ན་ཚ་དེ་དག་ཐམས་ཅད་"
1924726,1928310,3584,"སྐྱེ་བ་སྔ་མ་ལས་ངན་བསགས་པའི་རྒྱུའི་འབྲས་བུ་ཡིན་བསམ་སྟེ་"
1928310,1931887,3577,"བྱམས་པ་སྙིང་རྗེ་སྒོམ་པ་དང༌། སྡུག་བསྔལ་དང་ལེན་གྱི་བཟོད་པ་བྱེད་དེ་"
1931887,1934199,2312,"འབྲས་བུ་རུ་རྟོགས་པ་གྱིས།"
1934199,1937436,3237,"འཁོར་དང་སློབ་མ་འདུ་བ་ལ་སོགས་པ་ཡལ་སོང་ན་"
1937436,1941899,4463,"མཁའ་འགྲོ་ཆོས་སྐྱོང་རྣམས་ལ་ཚོགས་དང་གཏོར་མ་གཏང་ན་ཕྲིན་ལས་རང་ཤུགས་ཀྱིས་རྒྱས་འོང༌།"
1941899,1945304,3405,"གཞན་ཕན་གྱི་བསམ་པ་བཟང་པོ་སེམས་བསྐྱེད་འདི་སེམས་ལས་ཤོར་ན་"
1945304,1949862,4558,"རང་དོན་ཡིད་བྱེད་ཀྱི་བློ་ངན་འདིས་ཚེ་རབས་ཐོག་མེད་ནས་ད་ལྟ་ཡན་ཆོད་དུ་"
1949862,1954978,5116,"ཕུང་རེད་ཉེས་པ་ལ་བསམ། བྱང་ཆུབ་སེམས་བསྐྱེད་པ་ཡང་ནས་ཡང་དུ་བསྐྱེད་པར་བྱས་ན།"
1954978,1958993,4015,"དེས་ཆོས་ཀྱི་གེགས་རྣམས་བུད་དེ་"
1958993,1962311,3318,"རང་ཤུགས་ཀྱིས་བསལ་བར་འགྱུར་བ་ཡིན།"
1962311,1966341,4030,"(124)  རྒྱུད་ལ་སྦྱོར་བ་ཕྱི་ནང་གནད་དྲུག་ནི། །ནང་དུ་བདག་འཛིན་འཁྲི་བ་གཅོད་པ་གནད། །"
1966341,1970236,3895,"ཕྱི་རུ་ཡུལ་སྣང་ཆོས་སྐུར་འཁྱེར་བ་གནད། །བར་དུ་འཛིན་རྟོག་གྲོགས་སུ་བླང་བ་གནད། །"
1970236,1974069,3833,"ཡར་ལ་ལྟ་དགོངས་ཟད་པར་བྱེད་པ་གནད། །མར་ལ་ཆོས་སྤྱོད་གཞུང་བཞིན་བསྲང་བ་གནད། །"
1974069,1979121,5052,"བར་དུ་ཡེང་མེད་ཤེས་བཞིན་བསྲུང་བ་གནད། །དེ་དག་འཛོམ་ན་ཐར་ལམ་མྱུར་དུ་བགྲོད། །"
1979121,1986657,7536,"གསུངས་དུས། རང་གི་རྒྱུད་ལ་དམ་པའི་ཆོས་འདི་ཆོས་དང་རང་རྒྱུད་གཅིག་ཏུ་འདྲེས་པར་འགྱུར་པ་དེ་ལ་"
1986657,1989662,3005,"ཕྱི་དང་ནང་གི་རྟེན་འབྲེལ་གྱི་གནད་དྲུག་ཡོད་དགོས་པ་ཡིན།"
1989662,1993584,3922,"གང་རེད་ཟེར་ན། ནང་ནས་བདག་འཛིན་གྱི་འཁྲི་བ་འདི་རྩད་ནས་གཅད་ན།"
1993584,1997093,3509,"གཞན་ཕན་བྱང་ཆུབ་ཀྱི་སེམས་རང་ཤུགས་ཀྱིས་རྒྱུད་ལ་སྐྱེ་འོང་བ་ཡིན་པས་"
1997093,2002252,5159,"དེ་གཅོད་པ་གཅེས། ཕྱི་རུ་ཚོགས་དྲུག་གི་ཡུལ་འདི་ཐམས་ཅད་བཟང་པོ་ལ་ཆགས་པ།"
2002252,2007178,4926,"ངན་པ་ལ་སྡང་སེམས་མེད་པ་ཐམས་ཅད་ཆོས་ཉིད་ཀྱི་རོལ་བ་ཆགས་སྡང་དང་བྲལ་བའི་"
2007178,2009389,2211,"ཆོས་སྐུ་རང་གྲོལ་དུ་ལམ་དུ་འཁྱེར་བ་བྱས་ན།"
2009389,2011232,1843,"ཡུལ་དྲུག་གིས་བསླུ་འགྲོ་བ་མ་ཡིན།"
2011232,2014640,3408,"བར་དུ་ཡིན་ན་བཟང་ངན་གྱི་འཛིན་རྟོག་ཐམས་ཅད་འདིའང་"
2014640,2019130,4490,"རང་ཤར་རང་གྲོལ་གྱི་སྒོ་ནས། རྣམ་རྟོག་དང་པོ་ངོ་ཤེས་པས་གྲོལ་བ།"
2019130,2022770,3640,"བར་དུ་སྦྲུལ་གྱི་མདུད་པ། ཐ་མ་ཁང་སྟོང་དུ་རྐུན་མ་ཞུགས་པ་ལྟ་བུ་"
2022770,2024820,2050,"གྲོལ་བའི་སྒོ་ནས་ཉམས་སུ་བླང༌།"
2024820,2027725,2905,"ཡར་ལ་ལྟ་བ་དང་དགོངས་པ་ག་ཚོད་ཡོད་ནའང་"
2027725,2031383,3658,"ཉམས་རྟོགས་པ་ཡར་འཕེལ་བ་འདི་ཆོས་ཉིད་ཕན་གནོད་མེད་པའི་ལམ་དུ་"
2031383,2035341,3958,"མར་ཟད་ཐུབ་ན་ལམ་མཐར་ཕྱིན་པ་རེད་དུས་"
2035341,2040252,4911,"དེ་དག་གཅེས་པ་ཡིན། མར་ལ་སྤྱོད་པ་མས་འཛེགས་ཀྱི་སྒོ་ནས་"
2040252,2042641,2389,"བྱེད་དེ་དམ་པའི་ཆོས་གཞུང་བཞིན་དུ་སྤྱོད་དེ།"
2042641,2046110,3469,"ཚོགས་བསགས་དང་སྒྲིབ་སྦྱོང༌། མཚན་བཅས་མཚན་མེད་ཀྱི་དགེ་བ་ཐམས་ཅད་"
2046110,2052190,6080,"ཆོག་ཤེས་མེད་པ་དང་དུ་བླང་བ་ཡིན། བར་དུ་ཡེང་པ་མེད་པ་དྲན་པ་ཤེས་བཞིན་གཉིས་ཀྱིས་སེམས་འདི་བསྲུང་བསྡད་ན།"
2052190,2055103,2913,"དེ་ལས་གནད་ཆེ་བ་གཅིག་ཀྱང་མེད་པ་ཡིན་པས་"
2055103,2057521,2418,"དེ་ལྟ་བུ་དྲུག་པོ་འདི་རྒྱུད་ལ་སྦྱོར་ན།"
2057521,2063196,5675,"ཐར་པའི་གོ་འཕང་མྱུར་དུ་བགྲོད་དེ་ཐོབ་པར་འགྱུར་པ་ཡིན།"
2063196,2067194,3998,"(125)  སངས་རྒྱས་འདོད་ལ་གཅེས་པ་རྣམ་དྲུག་ནི། །སྒྱུ་མར་རྟོགས་ཀྱང་རྒྱུ་འབྲས་འཛེམ་པ་གཅེས། །"
2067194,2071241,4047,"ངེས་ཤེས་ཐོབ་ཀྱང་ཁྱད་གསོད་མེད་པ་གཅེས། །གྲོགས་སུ་འཆར་ཡང་དབེན་པར་གནས་པ་གཅེས། །"
2071241,2075884,4643,"སྒོམ་མེད་གོ་ཡང་རྣམ་རྟོག་འདུལ་བ་གཅེས། །མཉམ་རྗེས་མེད་ཀྱང་ཐ་མལ་མ་ཤོར་གཅེས། །"
2075884,2081541,5657,"གནས་ལུགས་རྟོགས་ཀྱང་ལུང་རིགས་ཞུན་ཐར་གཅེས། །མཐོན་པོར་ཕྱིན་ཡང་འདི་དྲུག་མ་བྲལ་གཅེས། །"
2081541,2087130,5589,"གསུངས་དུས། སངས་རྒྱས་ཀྱི་གོ་འཕང་འདོད་པ་དེ་ལ་"
2087130,2090304,3174,"ཤིན་ཏུ་གཅེས་པའི་གདམས་ངག་རྣམ་པ་དྲུག་ཡོད། གང་རེད་ཟེར་ན།"
2090304,2094351,4047,"སྣང་སྲིད་འཁོར་འདས་ཀྱི་ཆོས་ཐམས་ཅད་སྒྱུ་མ་ལྟ་བུ་རུ་རྟོགས་སོང་ནའང༌།"
2094351,2099437,5086,"ལས་རྒྱུ་འབྲས་འདི་ཉིད་བག་ཕྱེ་བཞིན་དུ་འཛེམ་སྟེ་བག་ཡོད་ཁོ་ན་གལ་མདོ་བ་ཡིན།"
2099437,2101913,2476,"རང་གི་ལྟ་བ་སྒོམ་པ་ལ་འདི་རེད།"
2101913,2103535,1622,"མཁས་བཙུན་བརྒྱ་དང་གྲུབ་ཐོབ་སྟོང༌། །"
2103535,2106547,3012,"སློབ་དཔོན་ཁྲི་དང་མན་ངག་འབུམ། །བསྡུར་ཀྱང་ཐེ་ཚོམ་བྱ་མི་དགོས། །"
2106547,2109883,3336,"ལྟ་བུ་ངེས་ཤེས་ཐོབ་ཡིན་ནའང་གཞན་ལ་ཁྱད་གསོད་དང༌།"
2109883,2112957,3074,"རང་གིས་ངེས་ཤེས་སྐྱེས་པ་འདི་ནི་མཆོག་འཛིན་མེད་པ་གཅེས།"
2112957,2115220,2263,"སྣང་བ་ཐམས་ཅད་གྲོགས་སུ་འཆར་བ་ཡིན་ནའང་"
2115220,2117518,2298,"རི་ཁྲོད་དབེན་པ་ལ་དུས་རྟག་ཏུ་བསྡད་ན་"
2117518,2121215,3697,"སྒྲུབ་བརྒྱུད་གོང་མ་རྣམས་ཀྱི་རྣམ་ཐར་ཡིན།"
2121215,2125094,3879,"མཉམ་གཞག་རྗེས་ཐོབ་ཀྱི་སྒོམ་པ་མེད་པ་ཚུལ་བཞིན་དུ་གོ།"
2125094,2129231,4137,"འཁྲུལ་པའི་རྣམ་རྟོག་འདི་གྲོལ་ཐུབ་མི་ཐུབ་ཡང་ནས་ཡང་དུ་བལྟས་ཏེ་"
2129231,2132172,2941,"རྣམ་རྟོག་འདུལ་བ་གཅེས། མཉམ་གཞག་དང་རྗེས་ཐོབ་"
2132172,2136100,3928,"ཐ་དད་མེད་པ་ཡིན་ནའང་ཐ་མལ་གྱི་སྤྱོད་པ་ལ་མ་ཤོར་བ་གཅེས།"
2136100,2138660,2560,"གནས་ལུགས་ཚུལ་བཞིན་དུ་རྟོགས་པ་དེ་"
2138660,2143598,4938,"སངས་རྒྱས་ཀྱི་བཀའ་དང་ལུང་དང་མཐུན་པ་དང༌། མཁས་པའི་རིགས་པ་དང་མཐུན།"
2143598,2148281,4683,"རང་བླ་མའི་མན་ངག་དང་མཐུན་པའི་ཞུན་ཐར་གཅོད་དགོས་རྒྱུ་རེད་མ་གཏོགས་རྟོགས་རློམ་དང༌།"
2148281,2150643,2362,"མྱུར་ལམ་ཙམ་གྱིས་ཕན་པ་མེད་པ་ཡིན།"
2150643,2152985,2342,"ཉམས་རྟོགས་མཐོན་པོའི་ས་ཕྱིན་ན་ཡང་"
2152985,2157004,4019,"ད་ལྟ་གཅེས་པ་རྣམ་པ་དྲུག་འདི་དུས་རྒྱུན་དུ་མ་བྲལ་བར་བྱས་ན་"
2157004,2160547,3543,"མཐར་འཛིན་གྱི་འཆིང་བ་དྲུག་གྲོལ་བ་ཡིན།"
2160547,2164312,3765,"(126) མཐར་འཛིན་འཆིང་བར་བསྟན་པའི་ཆོས་དྲུག་ནི། །ཆགས་ན་ཡི་དམ་ཡིན་ཡང་འཆིང་བའི་རྒྱུ། །"
2164312,2168904,4592,"བཟུང་ན་མཐོན་པོའི་གྲུབ་མཐའང་འཆིང་བའི་རྒྱུ། །འཛིན་ན་སྙིང་རྗེ་ཡིན་ཡང་འཆིང་བའི་རྒྱུ། །"
2168904,2174178,5274,"རློམ་ན་དགོངས་པ་ཟབ་ཀྱང་འཆིང་བའི་རྒྱུ། །ཞེན་ན་ཉམས་རྟོགས་ཡིན་ཡང་འཆིང་བའི་རྒྱུ། །"
2174178,2180810,6632,"མྱོང་འཛིན་གཉིས་མེད་ཡིན་ཡང་འཆིང་བའི་རྒྱུ། །ཐ་མལ་ངར་འཛིན་ནོར་རྫས་སྨོས་ཅི་དགོས། །"
2180810,2183683,2873,"དེས་ན་གང་ལའང་ཞེན་ཆགས་མེད་པ་གཅེས། །ཞེས་པ།"
2191794,2194235,2441,"ཆོས་ཉིད་ཀྱི་ལྟ་བ་མཐར་ཕྱིན་པའི་ཚེ་ན་"
2194235,2198420,4185,"འཆིང་བ་རྣམ་པ་དྲུག་ཡོད་དུས། དེ་མ་ཤེས་ན་ཕན་རྒྱུ་མ་རེད་དུས།"
2198420,2201776,3356,"རང་གི་ཡི་དམ་ལྷག་པའི་ལྷ་དེ་ལ་རྩེ་གཅིག་ཏུ་ཆགས་ཏེ་"
2201776,2205441,3665,"ལྷ་གཞན་སྤོང་བ་ལ་སོགས་བྱས་ན་འཆིང་བའི་རྒྱུར་འགྱུར་བ་དང༌།"
2205441,2209201,3760,"མཐོན་པོའི་གྲུབ་མཐའ་རྫོགས་པ་ཆེན་པོ་དང་ཕྱག་རྒྱ་ཆེན་པོ་ལྟ་བུ་ཡིན་ནའང༌།"
2209201,2211368,2167,"དེ་རང་གི་གྲུབ་མཐའ་དེ་བཟང་པོ།"
2211368,2214920,3552,"གཞན་གྱི་གྲུབ་མཐའ་ཐམས་ཅད་ངན་པ་ལ་བསམ་ན་འཆིང་བའི་རྒྱུ་ཡིན།"
2214920,2218329,3409,"ཁམས་གསུམ་སེམས་ཅན་ལ་དམིགས་པ་མེད་པའི་སྙིང་རྗེ་ཆེན་པོ་སྐྱེ་ན།"
2218329,2221304,2975,"ངའི་སྙིང་རྗེ་འདྲ་བ་གཅིག་ཀྱང་ཡོད་ས་མ་རེད་བསམ་"
2221304,2225710,4406,"འཛིན་པ་ཆེན་པོ་ཞུགས་ཏེ་ངོམ་སོ་རྒྱག་དང༌། རློམ་སེམས་བྱས་ན་འཆིང་བའི་རྒྱུ་ཡིན།"
2225710,2230241,4531,"གྲུབ་རྟགས་དང་མངོན་ཤེས་ཉམས་དང་རྟོགས་པ་འབྱུང་འོང་ན་"
2230241,2234962,4721,"དེ་ལ་གཅིག་ཏུ་རློམ་སེམས་ཆེན་པོ་ཞིག་ཡོད་ན་"
2234962,2237866,2904,"དགོངས་པ་ཟབ་མོ་ལ་སླེབས་སོང་ནའང་འཆིང་བའི་རྒྱུ་ཡིན།"
2237866,2240360,2494,"ཉམས་དང་རྟོགས་པ་མངོན་ཤེས་དེ་ཚོ་དང༌།"
2240360,2243973,3613,"འདྲ་མི་འདྲ་ཤར་ནའང་དེ་ལ་རྩེ་གཅིག་ཏུ་ཞེན་སོང་ན།"
2243973,2247668,3695,"ཞེན་པ་ཡོད་ན་བདུད་ཞུགས་འོང་རྒྱུ་རེད་དུས་དེ་འཆིང་བའི་རྒྱུ་ཡིན།"
2247668,2250434,2766,"རང་ལ་ཉམས་མྱོང་གི་ལྟ་བའི་གདིང་ཡོད་ནའང་"
2250434,2254594,4160,"དེ་ལ་གཉིས་མེད་ཀྱི་རྟོགས་པ་མ་ཤེས་ན་ཁམས་གསུམ་འཆིང་བའི་རྒྱུ་ཡིན།"
2254594,2258257,3663,"ཐ་མལ་དུ་ངར་འཛིན་གྱི་ཞེན་པ་ཡོད་ན་"
2258257,2261515,3258,"འཆིང་བ་གཅིག་ཅི་དགོས། དམ་པའི་ཆོས་ཀྱི་ལྟ་སྒོམ་སྤྱོད་གསུམ་ལ་"
2261515,2263799,2284,"ཞེན་པ་ཡོད་ན་འཆིང་བ་ལྟ་སྨོས་ཅི་དགོས་ཏེ།"
2263799,2266773,2974,"དེས་ན་གང་ལའང་ཞེན་ཆགས་མེད་པ་གཅེས་པ་ཡིན།"
2266773,2270699,3926,"(127)   འཆིང་བའི་སྒྲོག་དྲུག་བཅད་པའི་མན་ངག་ནི། །ནོར་རྫས་མངོན་ཞེན་སྤེལ་སྲུང་སྒྲོག་གིས་འཆིང༌། །"
2270699,2274673,3974,"རིགས་རྒྱུད་མངོན་ཞེན་ཁེ་གྲགས་སྒྲོག་གིས་འཆིང༌། །རྣམ་གཡེང་ཆགས་ཞེན་འདུ་འཛིའི་སྒྲོག་གིས་འཆིང༌། །"
2274673,2279678,5005,"ཐ་སྙད་ཚིག་ཞེན་ང་རྒྱལ་སྒྲོག་གིས་འཆིང༌། །ཉམས་རྟོགས་མངོན་ཞེན་རློམ་སེམས་སྒྲོག་གིས་འཆིང༌། །"
2279678,2283673,3995,"ཆོས་སྤྱོད་མངོན་ཞེན་གཉེན་པོའི་སྒྲོག་གིས་འཆིང༌། །སྒྲོག་དང་བྲལ་བའི་ཆོས་པ་དཀའ་བར་སྣང༌། །"
2283673,2286386,2713,"གསུངས་དུས། ཡང་འཆིང་བའི་སྒྲོག་དྲུག་ཡོད།"
2286386,2288768,2382,"དེ་སྒྲོག་དྲུག་པོ་འདི་བཅད་མ་ཐུབ་ན། དཔེར་ན་"
2288768,2291383,2615,"རྟ་སྒྲོག་གིས་བཅིངས་བཞག་ན་འགྲོ་ཐུབ་རྒྱུ་མ་རེད་དུས་"
2291383,2293656,2273,"ཐར་ལམ་ལ་བགྲོད་མི་ནུས་པས་གང་རེད་ཟེར་ན།"
2293656,2298868,5212,"ནོར་རྫས་ལ་མངོན་པར་ཞེན་ན་མེད་པ་སྤེལ་ཞིང་ཡོད་པ་སྲུང་འདོད་ཀྱི་སྒྲོག་གིས་བཅིངས་ལ། རང་གི་རིགས་འདི་རྒྱལ་རིགས་དང༌། རྗེ་རིགས། བཟང་པོའི་རིགས་བསམ་ཡང་ནས་ཡང་དུ་ཞེན་ན།"
2298868,2302492,3624,"རིགས་དང་མཐུན་པའི་ལས་འབྱོར་པ་རྒྱས་པ། སྙན་པ་གྲགས་པ་ཆེ་བ།"
2302492,2305151,2659,"འཁོར་མང་པོ་མང་པོ་འདུ་བ་ལ་སོགས་པའི་ཁེ་གྲགས་འོང་དུས་"
2305151,2307883,2732,"དེ་ཉིད་སྤང་བར་བྱ་བ་ཤིན་ཏུ་གཅེས་པ་ཡིན།"
2307883,2312540,4657,"དེ་ནས་སེམས་རྣམ་གཡེང་ལ་ཆགས་བསྡད་ན་"
2312540,2317704,5164,"འདུ་འཛིའི་སྒྲོག་གིས་འཆིང་འགྲོ་དུས་དེ་ནས་ཡེང་མེད་ཀྱི་ཏིང་ངེ་འཛིན་སྒོམ་མི་ནུས་པས་བཅིང་པ་ཡིན།"
2317704,2321915,4211,"ཐ་སྙད་ཀྱི་ཡི་གེ་དཔེ་ཆ་ཁོ་ན་ལ་ཆགས་བསྡད་ན་ཡང༌།"
2321915,2324056,2141,"མཁས་པ་སུ་ཆེ་ང་རྒྱལ་ཆེ་བསྡད་མཁན་འདྲ་"
2324056,2326320,2264,"ང་རྒྱལ་སྒྲོག་གིས་འཆིང་འགྲོ་བ་ཡིན།"
2326320,2329836,3516,"ཉམས་དང་རྟོགས་པ་ལ་ཞེན་བསྡད་ན་དེ་རློམ་སེམས་ཀྱི་སྒྲོག་གིས་འཆིང་དུས་"
2329836,2331459,1623,"བདུད་ཀྱི་ལས་སུ་འགྱུར་བ་ཡིན།"
2331459,2335452,3993,"རང་གི་ཆོས་སྤྱོད་དགེ་བའི་ལས་ལ་ཉིན་མཚན་མེད་པ་བརྩོན་པར་བྱས་ན།"
2335452,2337464,2012,"ངའི་ཐུགས་དམ་འདྲ་སུ་ལ་མེད་བསམ་ནས་"
2337464,2340515,3051,"མངོན་པར་ཞེན་ན་གཉེན་པོའི་སྒྲོག་གིས་བཅིངས་པ་ཡིན་དུས།"
2340515,2343404,2889,"སྒྲོག་དང་བྲལ་ན་ཆོས་པ་ཡང་དག་པ་རེད་དེ་"
2343404,2345852,2448,"དེང་སང་དེ་འདྲའི་ཆོས་པ་དཀའ་བ་སྣང༌།"
2345852,2349810,3958,"(128)  ཆོས་བྱེད་རྣམས་ཀྱི་འོང་བའི་ཆོས་དྲུག་ནི། །ཆངས་སྡང་སྐྱེ་བའི་ཡུལ་ནས་ཕྱིར་བྲོས་དང༌། །"
2349810,2353520,3710,"ཆོས་སྤྱོད་དགེ་སྦྱོར་ངང་གིས་འཕེལ་བར་འོང༌། །ཀོ་ལོང་སྡོམ་པའི་ཟུར་མགོ་མ་རྣོ་དང༌། །"
2353520,2358383,4863,"འགྲོགས་པ་རྒྱུན་རིང་འཐབ་རྩོད་ཉུང་བར་འོང༌། །བླ་མ་དམ་པའི་གསུང་བཞིན་གུས་བསྒྲུབ་དང༌། །"
2358383,2361995,3612,"ཐུགས་ལ་འདོགས་ཤིང་བྱིན་རླབས་དངོས་གྲུབ་འོང༌། །རང་གི་སྣ་ཐག་གཞན་ལ་མ་གཏད་དང༌། །"
2361995,2367191,5196,"ཤིན་ཏུ་སྐྱིད་ཅིང་སྒྲུབ་པ་མཐར་ཕྱིན་འོང༌། །སྤྱོད་ཅིང་༼རྩིང་༽བོར་ལ་ཞི་དུལ་ལྡན་གྱིས་དང༌། །"
2367191,2371073,3882,"ཀུན་དང་མཐུན་ཞིང་ཡིད་དུ་འཐད་པར་འོང༌། །ཕྱོགས་འཛིན་བོར་ལ་བཟང་པོའི་སེམས་གཟུང་དང༌། །"
2371073,2373180,2107,"ཚད་མར་འཛིན་ཅིང་ཀུན་གྱིས་བསྟོད་པར་འོང༌། །"
2373180,2380778,7598,"ཞེས་པ་སྟེ། ཆོས་བྱེད་རྣམས་ཀྱི་ཆོས་ཀྱི་ཡོན་ཏན་རྒྱུད་ལ་སྐྱེ་ན་"
2380778,2384794,4016,"ཆེད་དུ་བརྩོན་མི་དགོས་པ་ཡོན་ཏན་དྲུག་འོང་བ་ཡིན། གང་རེད་ཟེར་ན།"
2384794,2388110,3316,"ཆགས་སྡང་སྐྱེ་བའི་ཡུལ་ཐམས་ཅད་རྩེ་གཅིག་ཏུ་སྤོང་སྟེ་"
2388110,2392147,4037,"ཕ་ཡུལ་སྤོང་བ་ལ་སོགས་པ་བྱས་ན། རང་གི་དམ་པའི་ཆོས་སྤྱོད་པ་དང་"
2392147,2394747,2600,"དགེ་སྦྱོར་རང་ཤུགས་ཀྱིས་འཕེལ་འོང་བ་ཡིན།"
2394747,2398910,4163,"དེ་ནས་དུས་རྟག་ཏུ་ཀོ་ལོང་དང་རུ་ང་ཕྲག་དོག་རྣམས་དེའི་དབང་གིས་"
2398910,2402720,3810,"ཟུར་མགོ་རྣོན་པོ་མ་བྱེད། གང་ཟག་སུ་དང་འགྲོགས་ནའང་"
2402720,2406734,4014,"མཐུན་པོ་དང་རྒྱུན་རིང་པོ་དང་ཕན་ཚུན་འཐབ་རྩོད་མེད་པ་རྟག་ཏུ་འོང་བ་ཡིན།"
2406734,2409971,3237,"བླ་མ་དམ་པས་ཅི་གསུང་གི་བཀའ་བཞིན་དུ་གུས་པས་བསྒྲུབ་དང་"
2409971,2412168,2197,"བླ་མའི་ཐུགས་མཉེས་ཏེ་ཐུགས་ལ་འདོགས།"
2412168,2416457,4289,"རང་ལ་མཆོག་དང་ཐུན་མོང་གི་དངོས་གྲུབ་ཐམས་ཅད་ཀྱི་བྱིན་རླབས་འབད་པ་མེད་པ་འོང༌།"
2416457,2419326,2869,"རང་གི་དབང་ཆ་དེ་སྣ་ཐག་གཞན་ལ་མ་གཏད་"
2419326,2421517,2191,"རང་མགོ་རང་གིས་འཐོན་པ་ཅན་ཞིག་བྱས་ན།"
2421517,2425757,4240,"གང་བྱེད་ནའང་ཤིན་ཏུ་སྐྱིད་ཅིང་སྒྲུབ་པ་མཐར་ཕྱིན་པ་འོང༌།"
2425757,2429148,3391,"དམ་པའི་ཆོས་སྤྱོད་ཅིང་"
2433499,2436325,2826,"ཞི་དུལ་དང་ལྡན་པ་གྱིས་དང་ཉམ་ཆུང་གི་ངང་ནས་"
2436325,2440152,3827,"ཀུན་དང་མཐུན་ཞིང་ཤིན་ཏུ་ཡིད་ལ་འཐད་པ་ཡིན།"
2440152,2442625,2473,"རང་ཕྱོགས་དང་གཞན་ཕྱོགས་ཀྱི་ཕྱོགས་འཛིན་མང་པོ་བོར།"
2442625,2446452,3827,"བསམ་པ་བཟང་པོའི་སེམས་བསྐྱེད་གཟུང་ཞིང་"
2446452,2450589,4137,"གང་ཟག་དེ་ལ་ཐམས་ཅད་ཀྱིས་ཚད་མར་འཛིན་ཅིང་ཀུན་གྱིས་བསྟོད་པ་འོང༌།"
2450589,2454483,3894,"(129)  ངན་པའི་རེ་བ་རྣམ་དྲུག་སྤོང་བ་ནི། །བྱས་པ་མེད་པར་ཕན་འདོགས་འོང་དུ་རེ། །"
2454483,2458255,3772,"དཀའ་བ་མ་སྤྱད་སྐྱིད་པོ་འོང་དུ་རེ། །སྒྲུབ་པ་མེད་པར་དངོས་གྲུབ་ཐོབ་ཏུ་རེ། །"
2458255,2462178,3923,"མི་ཆོས་མ་བོར་ལྷ་ཆོས་འོང་རུ་རེ། །ཉམས་སུ་མ་བླངས་བཤད་རིངས་གཞན་ཕན་རེ། །"
2462178,2467515,5337,"ཅུང་ཟད་བསྒྲུབས་ལ་བསྙེན་བཀུར་འོང་དུ་རེ། །ཐར་པའི་ལམ་དང་རྒྱ་མཚོའི་ཤར་ནུབ་བཞིན། །"
2467515,2471447,3932,"གསུངས་དུས། གང་ཟག་ངན་པ་འདི་སེམས་ལ་རེ་བ་དྲུག་ཡོད་ན་"
2471447,2476357,4910,"གྲུབ་པའི་དུས་མེད་དེ། གང་རེད་ཟེར་ན། ཕ་ལ་ཕན་པ་ཏིལ་འབྲུ་ཙམ་ཞིག་མ་བྱས།"
2476357,2478562,2205,"མི་གཞན་གྱིས་ང་ལ་ཟས་སྟེར་འོང་རྒྱུ་རེད།"
2478562,2481025,2463,"ནོར་སྟེར་འོང་རྒྱུ་རེད་བསམ་རེ་བ་མང་པོ་བྱས་ན་"
2481025,2485168,4143,"གཏན་ནས་འོང་གི་མ་རེད། དཀའ་སྤྱད་དང་སྙིང་རུས་ཆེན་པོའི་སྒོ་ནས་"
2485168,2489231,4063,"ཉམས་རྟོགས་ཀྱི་རྒྱལ་ས་མ་ཟིན་ན། ད་ལྟ་སྐྱིད་ཀྱང་ད་ལྟ་སྡུག་བསྔལ་རེད་དུས་"
2489231,2491580,2349,"སྐྱིད་པའི་ཉི་མ་གཏན་ནས་ཤར་བ་མ་ཡིན།"
2491580,2496425,4845,"སྒྲུབ་པའི་སྲོག་མཁར་རྩེ་གཅིག་ཏུ་མ་བཙུགས་ན་མཆོག་དང་ཐུན་མོང་གི་དངོས་གྲུབ་ཐོབ་པའི་རེ་བ་"
2496425,2499615,3190,"གཏན་ནས་བྱེད་རྒྱུ་མེད། འཇིག་རྟེན་མི་ཆོས་ཆོས་བརྒྱད་ཀྱི་བྱ་བ་"
2499615,2504900,5285,"བློས་མ་བཏང་ན་དམ་པའི་ལྷ་ཆོས་གཞུང་དང་མཐུན་པ་ཞིག་གཏན་ནས་འཐོབ་རྒྱུ་མེད།"
2504900,2509520,4620,"ཆོས་ཐོབ་པ་དེ་དག་ཐམས་ཅད་རང་གིས་རྩེ་གཅིག་ཏུ་ཉམས་སུ་མ་བླང་ནས་བཟུང་སྟེ།"
2509520,2513595,4075,"ཁ་བཤད་མཁས་པ་ཙམ་ལས་གཞན་ལ་ཕན་པ་རྒྱ་ཆེན་པོ་འོང་བ་རེ་ནའང་"
2513595,2516002,2407,"རང་རྒྱུད་མ་འདུལ་དུས་གཞན་རྒྱུད་འདུལ་མི་ནུས།"
2516002,2519599,3597,"ལོ་དང་ཟླ་བ་ཅུང་ཟད་རེ་བསྒྲུབས་ནས་ང་ཆོས་པ་ཡིན།"
2519599,2522058,2459,"ཐམས་ཅད་ཀྱིས་བསྙེན་བཀུར་བྱེད་འོང་རྒྱུ་རེད་བསམ་འོང་ན།"
2522058,2525114,3056,"རང་བཞིན་གྱི་ཡ་ཐར་པའི་ལམ་སླེབ་ས་མི་སླེབ་པས་ན་"
2525114,2529154,4040,"ཐར་པའི་ལམ་དུའང་དཔེར་ན་ཤར་གྱི་རྒྱ་མཚོ་དང་ནུབ་ཀྱི་རྒྱ་མཚོ་རེད་དུས་"
2529154,2531904,2750,"ཐག་རིང་བར་འགྱུར་བ་ཡིན་པས་དེ་སྤོངས།"
2531904,2537039,5135,"(130) རང་བཞིན་ངན་པའི་ཀུན་སྤྱོད་རྣམ་དྲུག་ནི། །བཟའ་བཏུང་བགོ་ན་རང་བཞིན་ཆེ་བར་འདོད། །"
2537039,2541110,4071,"ཉོ་ཚོང་བྱེད་ན་རྒྱལ་ཁ་རང་ལ་འདོད། །གོས་གོན་ཚེ་ན་རང་དྲོ་འཇམ་པ་འདོད། །"
2541110,2546656,5546,"རང་འཆང་བཟང་ལ་གཞན་གཏོང་ངན་པར་འདོད། །ཞག་གཅིག་གནས་ལའང་རང་སྐྱིད་ས་ཕྱོགས་འདོད། །"
2546656,2552134,5478,"ཆོས་དང་བླ་མས་ཉེ་འབྲེལ་གཅེས་པར་འདོད། །དེ་འདྲའི་མི་ལ་ཐར་པའི་མྱུ་གུ་སྐམ། །"
2552134,2558336,6202,"ཞེས་པ་སྟེ། མི་གཞི་རང་བཞིན་ངན་པའི་སྐྱོན་དྲུག་ཡོད། གང་རེད་ཟེར་ན།"
2558336,2562400,4064,"བཟའ་བཏུང་གང་ཞིམ་ཚད་དེ་རང་གིས་བཟའ་དགོས་རེད་བསམ་ན་"
2562400,2566373,3973,"གཏན་ནས་འཐོབ་རྒྱུ་མེད། ཉོ་ཚོང་བྱེད་དུས་ཁེ་རྐྱང་པ་འཐོབ་དགོས་བསམ་ན་"
2566373,2568480,2107,"དེའང་རང་འདོད་ཆེ་བ་དཀའ་བ་ཡིན།"
2568480,2573853,5373,"གོས་གོན་པའི་ཚེ་ན་གོས་བཟང་པོ་འཇམ་པོ་ཐམས་ཅད་དེ་རང་གི་དབང་གིས་དོན་སྤྱད།"
2573853,2576273,2420,"གཞན་ལ་སྤྲད་མ་ཐུབ་པའི་རེ་བ་བྱས་ན་མེད།"
2576273,2581057,4784,"རང་གིས་བྱ་བ་ལས་ཀ་གང་བྱས་པ་དེ་བཟང་པོ་ཡིན་བསམ་"
2581057,2584330,3273,"གཞན་ལ་ཁྱད་གསོད་བྱས་ནས་ངན་པར་འདོད་པ་ཡིན།"
2584330,2587523,3193,"ཞག་གཅིག་གི་གནས་མལ་ལའང་སྐྱིད་པོ་འོང་འདོད་པ།"
2587523,2590754,3231,"སྐྱིད་འདོད་ཁོ་ན་རུ་བསམ་ན་ཚེ་འདིའི་བྱ་བ་འདི་འོང་བ་ཡིན།"
2590754,2594935,4181,"ཆོས་དང་བླ་མ་ཉེ་འབྲེལ་ཐམས་ཅད་ཀྱིས་རང་ལ་གཅེས་པར་འོང་དགོས་བསམ་ན་"
2594935,2597820,2885,"ཕར་ཕན་པར་མ་བྱས་པས་མི་འོང་བ་ཡིན་པས།"
2597820,2601788,3968,"དེ་རེ་བ་འདི་སྒྲུབ་བཞིན་པའི་ངང་ལ་མི་ལ་ཐར་པའི་མྱུ་གུ་སྐམ་འགྲོ་བ་ཡིན།"
2601788,2605517,3729,"(131)  མ་ནོར་ལམ་དུ་འཇུག་པའི་ཆོས་དྲུག་ནི། །དགོན་པའི་ས་བཟུང་ང་དང་བདག་མ་འཛིན། །"
2605517,2609868,4351,"འཚོ་བའི་རྐྱེན་བཟུང་ང་དང་བདག་མ་འཛིན། །མཁས་བཙུན་ཚུལ་བཟུང་མཐོན་པོའི་ཆ་མ་འཛིན། །"
2609868,2615594,5726,"མ་དད་སྤྱོད་སྤངས་གཞན་གྱི་ངོ་མ་བསྲུང༌། །སྙིང་རྗེས་ཕན་ཐོགས་ཁྱིམ་ཐབ་ནོར་མ་བསྲེལ། །"
2615594,2618289,2695,"ཕྱོགས་མེད་སྦྱིན་ཐོང་ཡུས་དང་ལན་མ་རེ། །"
2618289,2624183,5894,"གསུངས་དུས། ཐར་པའི་ལམ་མ་ནོར་བ་ཚུལ་བཞིན་དུ་འཇུག་པར་བྱེད་པའི་ཆོས་དྲུག་ཡོད།"
2624183,2629003,4820,"གང་ཡིན་ཟེར་ན། རི་ཁྲོད་དགོན་པའི་ས་བཟུང་དེ་ནས་ངའི་གདན་ས་དང༌།"
2629003,2632746,3743,"ཁོའི་གདན་ས་ཟེར་བདག་ཏུ་མ་འཛིན་ན་ཞེན་ཆགས་ཆུང་བ་ཡིན།"
2632746,2636843,4097,"འཚོ་བ་ལྟོ་འགྲངས་ཙམ་གྱི་རྐྱེན་བཟུང་བ་དེ་"
2636843,2642304,5461,"ང་དང་བདག་གིས་སོ་སོར་མ་བཅད་དང༌། ཆོག་ཤེས་སྒོ་ནས་ཐར་པའི་ལམ་དུ་འགྲོ་བ་ཡིན།"
2642304,2646773,4469,"མཁས་དང་གྲུབ་པའི་ཡོན་ཏན་ལྡན་བསྡད་ཡོད་ནའང་གོ་ས་མཐོན་པོ་དང༌།"
2646773,2649252,2479,"ཁྲི་མཐོན་པོ་ལ་སོགས་པའི་རེ་བ་མ་ཟུངས་དང༌།"
2649252,2651131,1879,"རང་བག་ཕེབས་པ་འོང་བ་ཡིན།"
2651131,2654189,3058,"འཇིག་རྟེན་མ་དད་པའི་སྐྱོན་རྣམས་ཐམས་ཅད་སྤོང་སྟེ་"
2654189,2657952,3763,"གཞན་གྱི་ངོ་རྩེ་གཅིག་ཏུ་མ་བསྲུང་དང༌། རང་དོན་མི་ཤོར་བ་ཡིན།"
2657952,2662003,4051,"སྙིང་རྗེའི་སྒོ་ནས་སེམས་ཅན་ཐམས་ཅད་ལ་ཕན་གང་ཐོགས་བྱེད་པ་མ་གཏོགས་"
2662003,2667483,5480,"ཁྱིམ་ཐབས་འཚོ་རྒྱུ་ལྟ་བུ་དང་ནོར་དང་ཕན་ཚུན་གྱི་འབྲེལ་བ་མང་པོ་བྱས་ན་མེད།"
2667483,2674764,7281,"དཀོན་མཆོག་ལ་མཆོད་པ། སེམས་ཅན་ལ་སྦྱིན་པ་ལ་སོགས་པ་ཕྱོགས་རིས་མེད་པ་ཐོང༌།"
2674764,2679310,4546,"དེ་སྦྱིན་པ་བཏང་བ་དེ་ཡང་མ་འོངས་པ་ན་རང་ལ་ཕན་ཐོགས་པའི་རེ་བ་མ་བྱེད་པ་"
2679310,2682641,3331,"སྡོད་བཞག་ན་བྱང་ཆུབ་སེམས་དཔའི་སྦྱིན་པ་དང་བསྡོ་ལེ་ཡིན།"
2682641,2687675,5034,"(132)  ཉམས་ལེན་རང་རྐྱ་ཐུབ་པའི་ཆོས་དྲུག་ནི། །ངོ་ལྐོག་མེད་པའི་ཚུལ་ཁྲིམས་རྐྱེན་ངན་ཐུབ། །"
2687675,2691821,4146,"གདམས་ངག་ཁོང་ཁྲོལ་གང་ཡང་ཉམས་ལེན་ཤེས། །བར་ཆད་བགེགས་སེལ་ནད་གདོན་འདོན་ལ་མཁས། །"
2691821,2696141,4320,"ཐོས་བསམ་མཐའ་ཆོད་གཞན་ལ་དྲི་རྒྱུ་མེད། །གོལ་སྒྲིབ་མཐའ་ཆོད་ཐེག་པ་མཐོ་དམན་ཤེས། །"
2696141,2698314,2173,"བདུད་ཀྱིས་མི་ཚུགས་གོ་ཆ་ལྡན་པའོ། །"
2698314,2703846,5532,"གང་ཟག་ཉམས་སུ་ལེན་པ་དེ་ལ་རང་རྐྱའམ་རང་ཚུགས་ཐུབ་པའི་ཆོས་རྣམ་པ་དྲུག་ཡོད།"
2703846,2707431,3585,"གང་རེད་ཟེར་ན། ངོ་ལྐོག་མེད་པའི་ཚུལ་ཁྲིམས་རྣམ་པར་དག་པ་སྲུང་བསྡད་ན།"
2707431,2711562,4131,"རྐྱེན་ངན་གྱིས་ཚུལ་ཁྲིམས་ལ་བར་དུ་གཅོད་མི་ནུས་པ་ཐུབ་འགྲོ་རྒྱུ་ཡིན།"
2711562,2713620,2058,"གདམས་ངག་ཐམས་ཅད་ཀྱི་ཁོང་ཁྲོལ་ཏེ་"
2713620,2715730,2110,"ཞུན་ཐར་ཆོད་པ་ཅན་ཞིག་བྱེད་དང༌།"
2715730,2718151,2421,"སྔོན་འགྲོ་དངོས་གཞི་གང་གི་ཉམས་ལེན་བྱེད་དགོས་ན་"
2718151,2722104,3953,"ཉམས་ལེན་གྱིས་མི་ཤོར་བ་ཡིན། བར་ཆད་ཀྱི་བགེགས་སེལ་བ་ལ་"
2722104,2727192,5088,"རེ་དོགས་མེད་པ་བགེགས་ཐམས་ཅད་རང་ས་ལ་གྲོལ་བར་འདོད་པ།"
2727192,2729627,2435,"ནད་དང་གདོན་གྱིས་གནོད་པ་རང་ཤུགས་ཀྱིས་གྲོལ་འགྲོ།"
2729627,2732652,3025,"ཐོས་བསམ་གྱིས་མཐའ་རྒྱ་ཆོད་པ་ཅན་ཞིག་བྱེད་དང༌།"
2732652,2736853,4201,"གཞན་ལ་དྲི་ལྟོས་མི་དགོས་པ་རང་ཐར་པའི་ལམ་བགྲོད་ཐུབ་པ་ཡིན།"
2736853,2741568,4715,"ཉམས་ལེན་བྱེད་པ་དེ་ལ་གེགས་དང་གོལ་ས་ཐམས་ཅད་མཐའ་ཆོད་པ་ཅན་ཞིག་བྱེད་དང༌།"
2741568,2743825,2257,"ཐེག་པ་མཐོན་པོའི་ལྟ་སྒོམ་སྤྱོད་གསུམ་དང༌།"
2743825,2747858,4033,"དམའ་མོའི་ལྟ་སྒོམ་སྤྱོད་གསུམ་བཟང་ངན་གྱི་ཁྱད་པར་ཡོད་པར་ཤེས་པ་ཡིན།"
2747858,2750728,2870,"འཇིག་རྟེན་ཚེ་འདིའི་བྱ་བའི་བདུད་ཀྱིས་མི་ཚུགས་པ་"
2750728,2753179,2451,"བརྩོན་འགྲུས་ཀྱི་གོ་ཆ་དང་ལྡན་པར་བྱེད་ན་"
2753179,2757810,4631,"རང་ཤུགས་ཀྱིས་ཉམས་ལེན་རང་རྐྱ་ཐུབ་པ་ཡིན།"
2757810,2763885,6075,"(133)  ངོ་ཚ་རྣམ་དྲུག་སྤང་བར་གདམས་པ་ནི། །ནོར་རྫས་ཡོ་བྱད་སོག་ན་ངོ་ཚའི་གནས། །གོས་བཟང་ཕྱི་འཆོར་ཆེ་ན་ངོ་ཚའི་གནས། །རྒྱན་དང་སྒེག་ཆོས་བྱེད་པ་ངོ་ཚའི་གནས། །ཟང་ཟིང་གཡེང་བ་བསྒྲུབས་ན་ངོ་ཚའི་གནས། །ཆོས་མིན་བྱ་བ་མང་པོ་ངོ་ཚའི་གནས། །ཆེ་ཁྱད་ང་རྒྱལ་དྲེགས་པ་ངོ་ཚའི་གནས། །སྙིང་ནས་ཆོས་མཛད་རྣམས་ཀྱིས་སྤང་བར་འཚལ། །ཞེས་པ་"
2763885,2767286,3401,"དམ་པའི་ཆོས་སྒྲུབ་པའི་གང་ཟག་གིས་ལུས་ངག་གི་བྱ་བ་འདི་བྱས་ན་"
2767286,2770610,3324,"ངོ་ཚ་དགོས་མཁན་གནས་དྲུག་ཡོད་དུས་དེ་སྤོང་དགོས།"
2770610,2773637,3027,"ག་རེ་ཟེར་ན། ཆོས་པ་རྣམ་པར་དག་པ་ཅན་ཞིག་ཡིན་ན་"
2773637,2777120,3483,"ནོར་རྫས་མེད་པ་ཞིག་དགོས་སོང་ན། ནོར་རྫས་མང་པོ་གསོག་བསྡད་ན་"
2777145,2780994,3849,"ཆོས་པ་གསོག་འཇོག་གི་ངང་ནས་ཤི་སོང་ན་དེ་ངོ་ཚ་བའི་གནས་ཡིན།"
2780994,2784255,3261,"གོས་བཟང་པོ་མཛེས་པ་ཡིད་དུ་འོང་བ་ཐམས་ཅད་ཀྱིས་"
2784255,2787366,3111,"ཕྱི་འཆོར་ཆེ་བུད་མེད་ཀྱི་རྒྱན་ཆ་ལྟ་བུ་བྱས་ན།"
2787366,2792452,5086,"དེའང་ཆོས་པ་ལ་ངོ་ཚ་བ་ཡིན། ལུས་པོ་ལ་རྒྱན་མང་པོ་བཏགས་པ།"
2792452,2795894,3442,"གདོང་པ་ལ་བྱི་དོར་བྱེད་པ་ལ་སོགས་པ་སྒེག་ཆོས་བྱེད་ནའང་"
2795894,2797748,1854,"མི་དགོས་པའི་ངོ་ཚ་བའི་གནས་ཡིན།"
2797748,2800573,2825,"འཇིག་རྟེན་ཟང་ཟིང་གི་གཡེང་བ་ཁོ་ན་བསྒྲུབས་"
2800573,2803001,2428,"དམ་པའི་ཆོས་ཤོར་སོང་ན་ངོ་ཚ་བའི་གནས་ཡིན།"
2803001,2805641,2640,"ཆོས་དང་མི་མཐུན་པའི་སྡིག་པའི་བྱ་བ་མང་པོ་བྱས་ན་"
2805641,2809131,3490,"བླ་མ་བསྟེན་ཆོས་སྒོར་ཞུགས་པ་དེ་ངོ་ཚ་བའི་གནས་ཡིན།"
2809131,2812689,3558,"རང་ལ་ཆེན་པོའི་གོ་ས་འཐོབ་འདོད་ལྟ་བུ་དང༌།"
2812689,2814562,1873,"ང་རྒྱལ་དང་རློམ་སེམས་ཀྱིས་དྲེགས་བསྡད་ན་"
2814562,2817087,2525,"ངོ་ཚ་བའི་གནས་ཡིན་པས་སྙིང་ནས་ཆོས་མཛད་པའི་"
2817087,2820068,2981,"གང་ཟག་རྣམས་ཀྱིས་ངོ་ཚ་དྲུག་པོ་དེ་སྤང་བར་འཚལ་ལོ། །"
2820068,2821741,1673,"(134)  གོང་མའི་རྣམ་ཐར་བསྟེན་པའི་ཆོས་དྲུག་ནི། །"