12968,18325,5357,"གང་ཟག་དེ་ཆོས་ཉམས་སུ་ལེན་པའི་དུས་ལ་དེ་ལ་དགོས་པའི་གྲོགས་པོ་རྣམ་པ་དྲུག་ཡོད།"
18325,23506,5181,"དེ་གང་རེད་ཟེར་ན། རང་གཞན་ཐམས་ཅད་མྱུར་དུ་འཆི་བར་ངེས་བསམ་པའི་བསམ་པ་འདི་ཡོད་ན།"
23506,28080,4574,"དེ་ནས་འཆི་བ་མི་རྟག་པ་རྒྱུད་ལ་སྐྱེས་ཚར་ནས་བཟུང་སྟེ་ཆོས་མི་སྒྲུབ་པའི་ཐབས་ཡོད་རྒྱུ་མ་རེད་དུས།"
28080,30620,2540,"དེ་ཡང་ནས་ཡང་དུ་རྒྱུད་ལ་བསྐྱེད་པ་དང༌།"
30620,36933,6313,"ཆོས་དང་མི་མཐུན་པའི་བྱ་བ་ལུས་ངག་ཡིད་གསུམ་གྱི་ཅི་ཡོད་ན་དེ་དགྲ་བོ་ལྟར་དུ་གཅིག་ཏུ་འདོར་དགོས།"
36933,44333,7400,"དེ་ནས་རང་ཕྱོགས་ལ་ཆགས་པ་དང༌། གཞན་ཕྱོགས་ལ་སྡང་བ་མེད་པ་སྟེ།"
44333,50158,5825,"གཏི་མུག་ལུང་མ་བསྟན་བཏང་སྙོམས་འབྱུང་ཉེ་བ་ཡིན་པས་དགེ་བ་སྡིག་པ་གང་ཡང་མི་སྒྲུབ་"
50158,53302,3144,"རང་བཞིན་ཟ་ཉལ་བྱེད་དེ་ཕག་ཉལ་པ་ལྟ་བུ་ཞིག་ཡིན་ན།"
53302,56878,3576,"ཆོས་ཀྱི་ཡོན་ཏན་གང་ཡང་མི་སྐྱེ་བས་སྙོམས་ལས་དེ་ཉིད་སྤོང་བར་གྱིས།"
56878,62160,5282,"བརྩོན་འགྲུས་ཡང་དག་པ་ཞིག་རྒྱུད་ལ་ཡོད་པ་འདི་ཕ་བར་ཆད་བྱེད་པའི་རྐྱེན་འདི་གང་རེད་ཟེར་ན།"
62160,67026,4866,"རྣམ་གཡེང་དང་འདུ་འཛི་ལ་དགའ་རྒྱུ་དང་འཇིག་རྟེན་ཚེ་འདིའི་བྱ་བ་གླུ་གར་རོལ་མོ་ལ་དགའ་རྒྱུ་རེད།"
67026,71886,4860,"དེ་ལྟ་བུ་ཐམས་ཅད་བག་ཡོད་པ་བྱེད་དེ་མི་དགའ་བའི་གཉེན་པོ་བསྟེན་པ་དགོས།"
71886,75099,3213,"དད་པ་དང་གུས་པ་བླ་མ་དང་དཀོན་མཆོག་ལ་སྐྱེས་ནའང་"
75099,82254,7155,"རྐྱེན་གཞན་ཞིག་གིས་དད་ལོག་སྐྱེ་སླ་བ་ཡིན་པས་ན། དམ་པའི་ཆོས་གོ་བ་དེ་དག་ཐམས་ཅད་སེམས་ལ་འདྲིས་ཏེ།"
82254,87362,5108,"ཡང་ཆོས་མང་པོ་ཐོས་ནས་ག་ན་ཡིན་ན་དེ་མང་པོ་གསུངས་བསྡད་དུས་རྩ་བ་ཡོད་ས་མ་རེད་བསམ་པ་དང༌།"
87362,95284,7922,"བླ་མ་མང་པོ་བསྟེན་ནས་ཐམས་ཅད་ཅིག་སྐྱོན་མང་པོ་མཐོང་དད་གུས་མི་སྐྱེ་བ་དེ་ལྟ་བུ་མི་དགོས།"
95284,99568,4284,"འཇིག་རྟེན་འཁྲུལ་པའི་སྣང་བ་གཟུང་འཛིན་འདི་རྩད་ནས་བཅད་དཀའ་བ་ཡིན་པས་ན།"
99568,103559,3991,"བདེན་མེད་སྟོང་པ་ཉིད་ཀྱི་ལྟ་བ་ཡང་དག་པ་ཞིག་རྒྱུད་ལ་སྐྱེ་དགོས།"
103559,107943,4384,"སྡིག་པའི་གྲོགས་པོ་དང་ལྷན་དུ་བསྡད་ན་དེས་སྲོག་གཅོད་པ་དང༌།"
107943,110753,2810,"རྣམ་གཡེང་འདུ་འཛི་བྱས་པ་དང༌། ཆང་དང་བུད་མེད་ལ་སོགས་པ་"
110753,113098,2345,"ལོག་པའི་སྤྱོད་པ་རྒྱུད་ལ་འགོ་པ་ཡིན་པས་ན་"
124210,128247,4037,"(85) ནང་པའི་ཁོངས་ཆུད་སྐྱབས་འགྲོ་རྣམ་དྲུག་ནི། །སངས་རྒྱས་སྐུ་གསུམ་བསྒྲུབ་བྱར་སྐྱབས་འགྲོ་ཞིང༌། །"
128247,132118,3871,"ཐེག་གསུམ་ཆོས་ལ་ལམ་དུ་སྐྱབས་སུ་འགྲོ། །ཉན་རང་བྱང་སེམས་གྲོགས་སུ་སྐྱབས་འགྲོ་ཞིང༌། །"
132118,136191,4073,"མཁས་གྲུབ་བླ་མ་བསྟེན་པར་སྐྱབས་སུ་འགྲོ། །ཡི་དམ་ལྷ་ཚོགས་དངོས་གྲུབ་སྐྱབས་འགྲོ་ཞིང༌། །"
136191,139879,3688,"ཡེ་ཤེས་མཁའ་འགྲོ་བྱིན་རླབས་སྐྱབས་འགྲོ་བ། །འདི་དག་དང་པོ་སྔོན་འགྲོའི་ཆོས་ལ་གཅེས། །"
139879,146381,6502,"ཞེས་པ་ནང་པ་སངས་རྒྱས་པའི་ཁོངས་སུ་ཆུད་པ་འགྱུར་བའི་སྐྱབས་འགྲོ་རྣམ་པ་དྲུག་ཡོད།"
146381,148561,2180,"སྐྱབས་འགྲོ་རྣམ་པ་དྲུག་གང་ཡིན་ཟེར་ན།"
148561,151549,2988,"སྐྱབས་ཐམས་ཅད་ཀྱི་མཐར་ཐུག་འདི་སངས་རྒྱས་སྐུ་གསུམ་རེད།"
151549,154276,2727,"སངས་རྒྱས་ཆོས་སྐུ་ཟེར་ན་སངས་རྒྱས་ཀྱི་ཐུགས་རེད།"
154276,158078,3802,"ལོངས་སྐུ་ཟེར་ན་སངས་རྒྱས་ཀྱི་ཐུགས་སྟོབས་བཅུ། མི་འཇིགས་པ་བཞི།"
158078,162693,4615,"མ་འདྲེས་པ་བཅོ་བརྒྱད། མཚན་བཟང་པོ་སུམ་ཅུ་རྩ་གཉིས། དཔེ་བྱད་བཟང་པོས་བརྒྱན་པ་དེ་རེད།"
162693,166450,3757,"སྤྲུལ་པའི་སྐུ་ཡིན་ན་སེམས་ཅན་ཐམས་ཅད་ལ་ཕན་པ་དང་བདེ་བ་ཡོད་རྒྱུ་རེད་དུས།"
166450,169634,3184,"དེ་སངས་རྒྱས་སྐུ་གསུམ་གྱི་གོ་འཕང་དེ་སྒྲུབ་ཤེས་ན་"
169634,172628,2994,"རང་སེམས་བདེ་གཤེགས་སྙིང་པོ་དེའི་ནང་དུ་ཚང་གི་རེད།"
172628,175686,3058,"ཚང་ནའང་ད་ལྟ་བདེ་གཤེགས་སྙིང་པོ་སྒྲིབ་པས་བསྒྲིབས་ཡོད་དུས་"
175686,179247,3561,"སངས་རྒྱས་སྐུ་གསུམ་ལ་སྐྱབས་འཚོལ་ན། སངས་རྒྱས་ཀྱི་བྱིན་རླབས་ཀྱིས་"
179247,183413,4166,"རང་གནས་ལུགས་རྡོ་རྗེ་སྐྱབས་འགྲོ་རང་ལ་ཡོད་པ་ངོ་ཤེས་པ་ཡིན་པས་ན་"
183413,186169,2756,"དེ་སངས་རྒྱས་སྐུ་གསུམ་དེ་བསྒྲུབ་བྱ་མཐར་ཐུག །"
186169,190125,3956,"དཔེར་ན་འདི་ནས་རྒྱ་གར་ལྟ་བུ་ཞིག་འགྲོ་དགོས་ན། ལུང་པ་ག་ན་འགྲོ་དགོས་ན་"
190125,192590,2465,"དེའི་དམིགས་ཡུལ་ཞིག་ཡོད་རྒྱུ་རེད་དུས། དཔེ་དེ་བཞིན་དུ་"
192590,197073,4483,"དམ་པའི་ཆོས་ལ་བརྩོན་པར་གྱུར་པ་འདི་སངས་རྒྱས་སྐུ་གསུམ་གྱི་གོ་འཕང་ཡིན་པ་ཤེས་ཏེ་"
197073,203080,6007,"དེ་ལ་གུས་པ་བྱེད་དགོས། ཉན་ཐོས་རང་རྒྱལ་བྱང་ཆུབ་སེམས་དཔའི་ཐེག་པ་གསུམ་པོ་འདིའི་ལམ་ལ་མ་བརྩོན་ནས་"
203080,205322,2242,"སངས་རྒྱས་གོ་འཕང་དེ་འཐོབ་ཤེས་རྒྱུ་མ་རེད།"
205322,210525,5203,"དཔེར་ན་འགྲོ་ས་ལམ་ག་ལྟ་བུ་འགྲོ་བའི་ཆོས་ལུང་གི་ཆོས་སྡེ་སྣོད་གསུམ་དང།"
210525,213843,3318,"རྟོགས་པའི་ཆོས་བསླབ་པ་གསུམ་ལ་དུས་རྟག་ཏུ་ཐོས་བསམ་སྒོམ་གསུམ་གྱིས་"
213843,216029,2186,"རྒྱུད་ལ་སྦྱོར་ཏེ་ཉམས་སུ་ལེན་དགོས།"
216029,220733,4704,"ལམ་ཐག་རིང་པོ་འགྲོ་བར་འགྱུར་བ་དེ་ལ་སྐྱེལ་མ་དང་རོགས་རམ་ཡག་པོ་མེད་ན་"
220733,225888,5155,"དགྲ་དང་རྐུན་མ་འབྱུང་བཞིའི་གནོད་འཚེ་འོང་རྒྱུ་རེད་དུས།"
225888,230273,4385,"དེ་ཕྱིར་ན་ཐེག་དམན་ཉན་རང་གི་དགེ་འདུན། ཐེག་ཆེན་བྱང་ཆུབ་སེམས་དཔའི་དགེ་འདུན་ཐམས་ཅད་"
230273,233615,3342,"ཐར་པ་སྒྲུབ་པའི་གྲོགས་ནང་གི་སྤུན་མཆེད་ལྟ་བུ་ཡིན་པས་ན།"
233615,236974,3359,"དེ་ལ་བརྩེ་གདུང་རྒྱུན་མི་ཆད་པས་སྐྱབས་སུ་འགྲོ་བ་འདི་"
236974,240828,3854,"དཀོན་མཆོག་གསུམ་པོ་ལ་སྐྱབས་སུ་འགྲོ་བའི་མན་ངག་ཐུན་མོང་མ་ཡིན་པ་དེ་"
240828,245477,4649,"སུས་བསྟན་གྱི་རེད་ཟེར་ན། མཁས་གྲུབ་གཉིས་ལྡན་པའི་བླ་མ་ཞིག་བསྟེན་ན།"
245477,249517,4040,"དེས་སྐྱབས་འགྲོའི་གདམས་ངག་འདི་བསྟན། བླ་མའི་ཡོན་ཏན་འདི་རང་ལ་འགོ་འོང་རེད།"
249517,252375,2858,"དེ་ཕྱིར་ན་དེ་ལ་བསྟེན་ཏེ་བླ་མ་ལ་སྐྱབས་སུ་འགྲོ་དགོས།"
252375,255693,3318,"བླ་མ་འདི་སྤྲུལ་པའི་སྐུའི་རྣམ་པ་བཞུགས་ཡོད་རེད་དེ།"
255693,260426,4733,"བླ་མ་དེས་དབང་སྐུར་འོང་དུས་ཡི་དམ་ཞི་ཁྲོ་རབ་འབྱམས་ཀྱི་སྐུར་བཞེངས་ཏེ་དབང་སྐུར་གྱི་རེད།"
260426,264967,4541,"དེ་ལྟ་བུ་ཡི་དམ་དེ་ལ་བསྟེན་ཏེ་མཆོག་དང་ཐུན་མོང་གི་དངོས་གྲུབ་བསྒྲུབ་པར་བྱ་བའི་ཕྱིར་དུ་"
264967,267703,2736,"བསྙེན་པ་དང་སྒྲུབ་པའི་སྒོ་ནས་ཡི་དམ་ལ་སྐྱབས་སུ་འགྲོ།"
267703,271840,4137,"གསང་སྔགས་རྡོ་རྗེ་ཐེག་པའི་ས་ལམ་གྱི་ཡོན་ཏན་རྒྱུད་ལ་སྐྱེ་དགོས་ན་"
271840,274686,2846,"གྲོགས་དཔའ་བོ་དང་མཁའ་འགྲོ་མེད་ན་སྐྱེ་ཐུབ་ཀྱི་མ་རེད།"
274686,279310,4624,"ཡེ་ཤེས་ཀྱི་མཁའ་འགྲོའི་ཚོགས་ཐམས་ཅད་ཤེས་ན་བྱིན་རླབས་དང་ཕྲིན་ལས་མྱུར་དུ་ཡོད་རྒྱུ་རེད་བསམ་སྟེ་"
279310,285585,6275,"སྐྱབས་སུ་འགྲོ་བར་བྱེད་ན། འདི་དག་དང་པོའི་སྔོན་འགྲོ་ཟེར།"
285585,289687,4102,"སྔོན་འགྲོ་ཐམས་ཅད་ཀྱི་ཐོག་མ་ཡིན། ནང་པ་སངས་རྒྱས་པའི་སྒོ་ལ་འཇུག་པ་ལ་"
289687,293970,4283,"སྐྱབས་འགྲོ་མཚན་ཉིད་པ་ཞིག་མ་ཤེས་ན་ནང་པ་སངས་རྒྱས་པའི་གྲལ་དུ་ཚུད་རྒྱུ་མ་རེད་དུས།"
293970,298538,4568,"དང་པོའི་དུས་སུ་སྔོན་འགྲོའི་ཆོས་འདི་ལྟ་བུ་རྒྱུད་ལ་སྐྱེ་དགོས་པ་ཡིན།"
298538,302239,3701,"སྐྱབས་སུ་འགྲོ་བ་རྒྱུད་ལ་བརྟན་པར་བྱེད་པའི་ཐབས་ལ་དད་པ་ཡོད་དགོས་རེད།"
302239,307451,5212,"(86) དད་ཅན་རྣམས་ཀྱི་ངོ་ཤེས་རྣམ་དྲུག་ནི། །འགྲོ་ངོ་ཤེས་པས་རང་དོན་ཆོས་སུ་ཆུག །"
307451,311881,4430,"འབོར་ངོ་ཤེས་པས་འཁྲུལ་སྣང་ཞེན་ཆགས་སྐྱུངས། །ཉན་ངོ་ཤེས་པས་བླ་མའི་གདམས་ངག་ཉོན། །"
311881,315584,3703,"སྤོང་ངོ་ཤེས་པས་སྒོ་གསུམ་སྡིག་པ་སྤོངས། །སྤྱོད་ངོ་ཤེས་པས་ཟབ་དོན་ཆོས་ལ་སྤྱོད། །"
315584,319901,4317,"ལྟ་ངོ་ཤེས་པས་སེམས་ཉིད་དོན་ལ་ལྟོས། །དེ་ལྟར་བྱས་ན་ཡང་དག་དོན་ལ་ཉེ། །"
319901,322950,3049,"གསུངས་དུས། ད་དེ་དཀོན་མཆོག་གསུམ་པོ་སྐྱབས་སུ་འགྲོ་བའི་"
322950,326623,3673,"ཡིད་ཆེས་ཀྱི་དད་པ་སྙིང་ཐག་པ་ཅན་ཞིག་ཡོད་ན།"
326623,331269,4646,"དེས་སྐྱོན་དང་ཡོན་ཏན་ངོ་ཤེས་རྒྱུ་རྣམ་པ་དྲུག་ཡོད། གང་རེད་ཟེར་ན།"
331269,338772,7503,"རང་གཞན་སེམས་ཅན་ཐམས་ཅད་སྐྱེས་ནས་བཟུང་ཁམས་གསུམ་འཁོར་བ་མཐའ་མེད་དུ་འགྲོ་བ་དང༌།"
338772,341076,2304,"འཆི་བའི་དབང་དུ་འགྲོ་ངེས་པ་ཤེས་པ་ཡིན།"
341076,344318,3242,"ད་ལྟ་ལུས་ལ་ན་ཚ་སེམས་ལ་སྡུག་བསྔལ་མེད་པའི་སྐབས་སུ་"
344318,347952,3634,"རང་དོན་དུ་དམ་པའི་ཆོས་ཇི་ལྟར་ནུས་པ་ཞིག་བསྒྲུབ་དགོས་པ་ཡིན།"
347952,353853,5901,"ཚེ་འདིའི་བདེ་སྐྱིད་ལོངས་སྤྱོད་ནོར་དང་འབྱོར་པ་གཉེན་གྲོགས་སྤུན་ཟླ་ལ་སོགས་པ་ཇི་ལྟར་ཡོད་ན་ཡང་"
353853,357142,3289,"འཆི་བ་ཐོག་ཏུ་འབབ་པའི་ཚེ་ན། མར་གྱི་དཀྱིལ་ནས་སྤུ་བཏོན་པ་བཞིན་དུ་"
357142,359900,2758,"རང་གི་ལུས་ཀྱང་ཤུལ་དུ་བཞག་ནས་འགྲོ་དགོས་པ་"
359900,363053,3153,"འབོར་བཞག་རྒྱུ་མ་གཏོགས་རྟག་ཏུ་བརྟན་རྒྱུ་ཡོད་རྒྱུ་མ་རེད་དུས།"
363053,367340,4287,"འབོར་ངོ་ཤེས་པས་འཇིག་རྟེན་ཚེ་འདིའི་འཁྲུལ་སྣང་གི་ཞེན་ཆགས་ཐམས་ཅད་"
367340,370426,3086,"མི་གཙང་བ་བཞིན་དུ་བསྐྱུང་སྟེ་འབོར་དགོས།"
370426,374480,4054,"དམ་པའི་ཆོས་ཚུལ་བཞིན་དུ་ཉན་ན་ཤོ་ལོ་ཀ་གཅིག་ཉན་ནའང་"
374480,378300,3820,"བླ་མས་གང་གསུངས་པ་ཐམས་ཅད་གདམས་ངག་མ་གཏོགས་གཏན་ནས་ཡོད་རྒྱུ་མ་རེད་དུས།"
378300,380882,2582,"ཉན་ནས་ཐར་པའི་ལམ་ངོ་ཤེས་པར་འགྱུར་བས་"
380882,384253,3371,"བླ་མའི་གདམས་ངག་རྩེ་གཅིག་ཏུ་ཉན་པར་བྱེད་དགོས་པ་ཡིན།"
384253,389047,4794,"ཉན་པ་དེའི་སྟེང་ནས་བླ་མའི་གདམས་ངག་འདི་ཉམས་སུ་ལེན་པར་འགྱུར་པ་དེ་ལ།"
389047,393157,4110,"སྒོ་ལུས་ངག་ཡིད་གསུམ་གྱི་འཁྲུལ་པའི་སྡིག་པ་དེ་ཕར་སྤང་བའི་ཐབས་རེད་དུས་"
393157,396212,3055,"དེ་སྤོང་ཐུབ་ཀྱང་ཐུབ་རྒྱུ་རེད། སྡིག་པ་ག་ཚོད་ཆེ་ནའང་"
396212,400013,3801,"འདུས་བྱས་ཀྱི་ཆོས་རེད་དུས་བཤིག་མི་ཐུབ་ཡོད་རྒྱུ་མ་རེད་དུས།"
400013,404920,4907,"དེ་ཕྱིར་ན་སྤོང་ངོ་ཤེས་པས་སྒོ་ལུས་ངག་ཡིད་གསུམ་གྱིས་སྡིག་པ་སྤྱད་པ་དེ་སྤོངས།"
404920,407620,2700,"ཆོས་ཚུལ་བཞིན་དུ་སྤྱོད་པར་འགྱུར་པ་དེ་ལ་"
407620,411113,3493,"དྲན་པ་དང་ཤེས་བཞིན་ཡང་དག་པ་དང་ལྡན་པའི་སྤྱོད་པ་དགོས་རྒྱུ་རེད་དུས་"
411113,416408,5295,"སྤྱོད་ངོ་ཤེས་པས། དེའི་ནང་ནས་ཀྱང་ཆོས་ཕུང་བརྒྱད་ཁྲི་བཞི་སྟོང་གི་མཐར་ཐུག་ཟབ་མོའི་དོན་ཡིན་པས་"
416408,419866,3458,"དེ་ལ་རྩེ་གཅིག་ཏུ་སྤྱོད་པར་བྱེད་དགོས།"
419866,425260,5394,"དེ་ནས་ཡིན་ལུགས་ཀྱི་ལྟ་བ་ངོ་ཤེས་པར་འགྱུར་བ་དེ་ལ་སེམས་ཉིད་མ་བཅོས་པའི་གནས་ལུགས་འདི་ངོ་ཤེས་འོང་ན།"
425260,429700,4440,"དེས་སེམས་མ་འཁྲུལ་པ་འདི་ཤེས་རྒྱུ་རེད་དུས་ལྟ་ངོ་ཤེས་པས་སེམས་ཉིད་ཀྱི་དོན་ལ་ལྟོས།"
429700,433921,4221,"དེ་ལྟར་བྱས་ན་ཡང་དག་པ་ཐར་པའི་ལམ་གྱི་དོན་ལ་ཤུགས་ཀྱིས་ཉེ་མི་འགྲོ་བའི་ཐབས་"
433921,436234,2313,"ཡོད་པ་མ་ཡིན་པས་དེ་ལྟར་བརྩོན།"
436234,441239,5005,"(87) སྐལ་བཟང་རྣམས་ཀྱི་གོམས་པའི་གནད་དྲུག་ནི། །གནས་ལུགས་བྱར་མེད་ཡིན་གྱིས་སྤྲོས་མེད་གནད། །"
441239,445656,4417,"སྒོམ་པ་འོད་གསལ་ཡིན་གྱིས་ཡེང་མེད་གནད། །སྤྱོད་པ་སྒྱུ་མ་ཡིན་གྱིས་བདེན་མེད་གནད། །"
445656,452081,6425,"འབྲས་བུ་ལྷུན་གྲུབ་ཡིན་གྱིས་རང་ཆས་གནད། །རྐྱེན་ངན་རང་གྲོལ་ཡིན་གྱིས་འཛིན་མེད་གནད། །"
452081,456148,4067,"བདེ་སྡུག་རང་སེམས་ཡིན་གྱིས་རྩལ་སྦྱོང་གནད། །དེ་དང་ལྡན་ན་མ་བྱས་དོན་ཀུན་འགྲུབ། །"
456148,459406,3258,"ཅེས་པ་སྟེ། ད་དེ་ལྟ་བུ་བླ་མ་དགེ་བའི་བཤེས་གཉེན་བསྟེན།"
459406,466006,6600,"ཆོས་ལ་བརྩོན་པའི་སྐལ་བ་བཟང་པོ་རྣམས་རྒྱུད་ལ་གོམས་འོང་ན་"
466006,469268,3262,"ཆོས་ཀྱི་གནད་ངོ་ཤེས་དགོས། གང་ཡིན་ཟེར་ན།"
469268,474337,5069,"ཆོས་ཐམས་ཅད་ཀྱི་གནས་ལུགས་སྟོང་པ་ཉིད་ཀྱི་ངོ་བོ་འདི་རྒྱུ་རྐྱེན་གྱིས་གསར་དུ་བྱེད་དགོས་མ་རེད།"
474337,477366,3029,"རང་ལ་ཡེ་ནས་དཔེར་ན་ཏིལ་གྱི་འབྲུ་བཞིན་དེ་ལ་"
477366,482919,5553,"སྣུམ་ཡོད་པ་ཁྱབ་ཡོད་རྒྱུ་རེད། དེ་ཕྱིར་ན་བྱ་བྱེད་ཙབ་ཙུབ་མི་གནང་བ་སྤྲོས་མེད་གཉུག་མའི་དོན་དེ་ལ་"
482919,487689,4770,"རྩེ་གཅིག་ཏུ་བཞག་དགོས་རྒྱུ་རེད། སྟོང་ཉིད་ཀྱི་དོན་མངོན་སུམ་དུ་རྟོགས་སོང་ན།"
487689,492287,4598,"དེ་ལ་གཏི་མུག་ལུང་མ་བསྟན་པ་དང༌། མུན་ནག་འཐོམ་མེ་བ་སྲིད་རྩེའི་ཏིང་ངེ་འཛིན་ལྟ་བུ་"
492287,495112,2825,"མ་རེད་པའི་སྒོམ་པ་འོད་གསལ་བ་ཡིན་གྱིས་ཕྱིར་ན།"
495112,498620,3508,"ཡེང་མེད་ཀྱི་དྲན་པ་ཡིས་གནས་ལུགས་བྱར་མེད་ཀྱི་ངོ་བོ་བལྟས་ན།"
498620,501356,2736,"འོད་གསལ་གྱི་རང་ངོ་ཤེས་ཏེ་ཟག་མེད་ཀྱི་ཆོས་ཐམས་ཅད་"
501356,504056,2700,"དེ་ལས་འབྱུང་རྒྱུ་རེད་དུས་དེ་ལྟ་བུ་གནད།"
504056,506881,2825,"ལུས་ངག་ཡིད་གསུམ་གྱིས་སྤྱོད་པ་བཟང་ངན་གང་བྱས་ན་"
506881,510265,3384,"དེ་ལ་བཟང་པོའི་སྒོ་ནས་མཆོད་སྦྱིན་རྒྱ་ཆེན་པོ་བྱས་པ་ལྟ་བུ།"
510265,514745,4480,"དགེ་བ་རྒྱ་ཆེན་པོ་བསྒྲུབས་པ་ཡིན་ནའང་སྒྱུ་མ་དང་རྨི་ལམ་ལྟ་བུ་མ་གཏོགས།"
514745,517885,3140,"མཆོག་འཛིན་བྱ་བ་ཡུལ་གང་དུ་ཡོད་རྒྱུ་མ་རེད།"
517885,521073,3188,"ལུས་ངག་ཡིད་གསུམ་གྱིས་སྤྱོད་པ་བདེ་སྡུག་གང་བྱས་ན་"
521073,523865,2792,"སྒྱུ་མ་དང་རྨི་ལམ་ལྟ་བུ་ཆགས་མེད་ཞེན་མེད་ཤེས་དགོས།"
523865,527993,4128,"དེ་ལྟར་ལྟ་སྒོམ་སྤྱོད་གསུམ་མཐར་ཕྱིན་ན་འབྲས་བུ་སངས་རྒྱས་ཀྱི་གོ་འཕང་འདི་"
527993,532340,4347,"རང་ལ་ལྷུན་གྱིས་གྲུབ་བསྡད་ཡོད་རེད་མ་གཏོགས་གསར་དུ་འཐོབ་འོང་རྒྱུ་མ་ཡིན་པའི་ཕྱིར་ན༌།"
532340,535860,3520,"རང་ལ་ཡེ་ནས་རང་ཆས་སུ་ལྡན་པའི་གནད་འདི་ཤེས་དགོས་པ་ཡིན།"
535860,538811,2951,"རྐྱེན་ངན་པ་གང་ཞིག་ཐོག་ལ་བབས་སོང་ན་"
538811,541433,2622,"དེ་ལ་གཉེན་པོའི་སྒོ་ནས་ཚུལ་བཞིན་དུ་བསྟེན་ན།"
541433,544873,3440,"སྦྲུལ་གྱི་མདུད་པ་བཞིན་དུ་ཁོ་རང་གིས་ཁོ་རང་གྲོལ་འགྲོ་རྒྱུ་མ་གཏོགས།"
544873,546864,1991,"རྐྱེན་ངན་གྱིས་བར་དུ་གཅོད་ཤེས་རྒྱུ་མ་རེད།"
546864,549594,2730,"རྐྱེན་ངན་བདེན་པ་རུ་བཟུང་ཞེན་ན་དེས་འཁྲུལ་འོང་རྒྱུ་རེད།"
549594,553023,3429,"དེ་ཕྱིར་དེ་ལ་འཛིན་མེད་ཀྱི་གནད་དུ་འཁྱེར་ཤེས་ན།"
553023,556295,3272,"རྐྱེན་ངན་ལམ་དུ་སློང་སྟེ་ཆོས་སྒྲུབ་པའི་གྲོགས་སུ་འགྲོ་བ་ཡིན།"
556295,561169,4874,"བདེ་བ་དང་སྡུག་བསྔལ་ཐམས་ཅད་རང་གི་སེམས་ཀྱི་སྣང་བ་ཙམ་ཞིག་རེད་མ་གཏོགས།"
561169,564846,3677,"དཔེར་ན་མདང་དགོང་གི་རྨི་ལམ་གྱི་ནང་ན་རྒྱལ་སྲིད་ཐོབ་པའི་བདེ་བ་ཞིག་ཐོབ་ན་"
564846,567103,2257,"གཉིད་སད་དུས་གང་ཡང་རྒྱལ་སྲིད་ཐོབ་ཡོད་མ་རེད།"
567103,570446,3343,"མདང་དགོང་རྨི་ལམ་གྱི་ནང་དུ་དགྲ་ཡིས་བསད་འགྲོ་བ་རྨིས་ཡིན་ན་"
570446,571896,1450,"གཉིད་སད་དུས་བསད་ཡོད་མ་རེད་དུས།"
571896,576415,4519,"དཔེ་དེ་ལྟ་བུ་ཚེ་འདིའི་བདེ་སྡུག་ཐམས་ཅད་རང་གི་སེམས་འཁྲུལ་པ་འདིས་"
576415,580609,4194,"མིན་པ་ལ་ཡིན་པ་ཞིག་བཟུང༌། མི་བདེན་པ་ལ་བདེན་པ་བཟུང་བ་རེད་དུས།"
580609,584854,4245,"བདེ་སྡུག་ཐམས་ཅད་ཉམས་ལེན་གྱི་རྩལ་སྦྱོང་གི་གནད་དུ་འགྲོ་བ་ཤེས་ནས་"
584854,589001,4147,"དེ་ལྟར་དུ་བྱེད་ན། ཆེད་དུ་སྐད་གྲགས་ཆེན་པོའི་ལས་ཀ་མ་བྱས་ནའང་"
589001,594560,5559,"རང་གཞན་གྱི་དོན་འབད་མེད་ལྷུན་གྱིས་འགྲུབ་པ་ཡིན།"
594560,598529,3969,"(88) རིགས་པ་དྲུག་གིས་རང་ལ་གྲོས་འདེབས་ནི། །ཚེ་ལ་ངེས་མེད་བརྩོན་འགྲུས་བརྩམ་པར་རིགས། །"
598529,602570,4041,"འཁོར་བའི་སྡུག་བསྔལ་སྐྱོ་བ་སྐྱེ་བར་རིགས། །འགྲོ་དྲུག་ཚད་མེད་སྙིང་རྗེས་སྐྱོང་བར་རིགས། །"
602570,606365,3795,"བླ་མའི་མོས་གུས་རྒྱུན་ཆད་མེད་པར་རིགས། །ཟབ་མོའི་གདམས་ངག་ཉམས་སུ་བླངས་པར་རིགས། །"
606365,610207,3842,"རང་ངོ་ཤེས་དུས་དབེན་པ་བསྟེན་པར་རིགས། །རིགས་པའི་རྗེས་འགྲོ་སྐྱེས་བུའི་མཆོག་རབ་ཡིན། །"
610207,617342,7135,"རིགས་པ་དྲུག་གསུངས་དུས། རིགས་ཤིང་འཐད་པའི་ལས་ཡིན་པས་"
617342,620706,3364,"རང་གིས་རང་ལ་བསྐུལ་མ་འདེབས་ཀྱི་གྲོས་འདེབས་པར་འགྱུར་བ་ཡིན།"
620706,624019,3313,"གང་རེད་ཟེར་ན། འཇིག་རྟེན་ཚེ་འདིའི་བྱ་བ་ནམ་འཆི་ཆ་མེད།"
624019,628060,4041,"འཆི་རྐྱེན་ངེས་མེད་ཡིན་པའི་ཕྱིར་ན་ཡུད་ཙམ་ཆུ་ཚོད་གཅིག་ལའང་"
628060,631926,3866,"དལ་བར་མི་འདུག་པ་ཐོས་བསམ་སྒོམ་གསུམ་ལ་བརྩོན་འགྲུས་རྩེ་གཅིག་ཏུ་བརྩོན་ན་"
631926,636266,4340,"རིགས་ཤིང་འཐད་པ་ཡིན། ཁམས་གསུམ་འཁོར་བའི་ལས་དང་བྱ་བ་ཅི་ཡོད་ན་"
636266,638966,2700,"སྡུག་བསྔལ་གྱི་རང་བཞིན་མ་གཏོགས། ཡང་ན་སྡུག་བསྔལ་གྱི་རྒྱུ།"
638966,642017,3051,"ཡང་ན་སྡུག་བསྔལ་གྱི་འབྲས་བུ་མ་གཏོགས་མེད་དུས་"
642017,646414,4397,"འཁོར་བའི་ལས་གང་དང་གང་ལ་ཡང་སེམས་མི་དགའ་བ་སྐྱོ་བ་སྐྱེ་བར་རིགས།"
646414,650979,4565,"འགྲོ་བ་རིགས་དྲུག་གི་སེམས་ཅན་འདི་ཐམས་ཅད་ཀྱི་སྡུག་བསྔལ་ལ་བསམ་ན་དམྱལ་བ་ཚ་གྲང༌།"
650979,655244,4265,"ཡི་དྭགས་བཀྲེས་སྐོམ། དུད་འགྲོ་བཀོལ་སྤྱོད། མི་སྐྱེ་རྒ་ན་འཆི། ལྷ་མ་ཡིན་འཐབ་རྩོད།"
655244,659193,3949,"ལྷ་འཕོ་ལྟུང་ལ་སོགས་པའི་ལས་འདི་ལ་དུས་རྟག་ཏུ་སྤྱོད་བཞིན་པ་ཡིན།"
659193,664700,5507,"འགྲོ་བ་སྡུག་བསྔལ་སྤྱོད་པའི་སེམས་ཅན་དེ་ཐམས་ཅད་རང་གི་ཕ་མ་རུ་གྱུར་པ་ཤ་སྟག་ཡིན།"
664700,668493,3793,"དེ་ལ་བཟོད་དུ་མེད་པའི་སྙིང་རྗེས་རྒྱུན་དུ་སྐྱོང་བ་འགྱུར་བར་རིགས།"
668493,673586,5093,"བླ་མ་ལ་མོས་གུས་བྱེད་པ་དེའང་ལན་ཅིག་དང་ཐང་ཅིག་ཙམ་བྱེད་པ་དང༌།"
673586,677780,4194,"སེམས་སྐྱིད་པའི་དུས་སུ་བྱས། སྡུག་བསྔལ་ལ་སོགས་པ་བྱུང་ན་མི་བྱས་པ་མ་ཡིན་པ་"
677780,679904,2124,"ཆུ་བོའི་རྒྱུན་བཞིན་དུ་རྒྱུན་ཆད་མེད་པས་"
679904,683666,3762,"འགྲོ་འདུག་ཉལ་གསུམ་གྱི་སྤྱོད་ལམ་གང་དང་གང་བྱས་ན།"
683666,688022,4356,"བླ་མ་ཡིད་ལྷང་ངེ་བ་འབྲལ་བ་མེད་པའི་སྒོ་ནས་རྩེ་གཅིག་ཏུ་གསོལ་བ་འདེབས་པར་རིགས།"
688022,693126,5104,"ཟབ་མོའི་གདམས་ངག་མང་པོ་ཐོབ་ནའང་དཔེ་ཆའི་ཐོག་ལ་བཞག་བཞག་རྒྱུའི་ཕན་ཐོགས་ཡོད་རྒྱུ་མ་རེད་དུས།"
693126,696906,3780,"རང་གི་རྒྱུད་ཚོད་ལ་སྦྱར་ནས་ཉམས་ལེན་གྱི་དྲོད་རྟགས་འཐོན་པ་"
696906,698806,1900,"ཤིན་ཏུ་བཙའ་བ་རིགས་པ་ཡིན།"
698806,701149,2343,"བླ་མ་དང་གདམས་ངག་གི་བཀའ་དྲིན་ལ་བརྟེན་ཏེ་"
701149,706120,4971,"ཆོས་ཉིད་ཀྱི་རང་ངོ་ཤེས་ན། རང་ངོ་ཤེས་པ་དེ་ཐོག་མར་ངོ་ཤེས་པས་ཕན་རྒྱུ་མ་རེད།"
706120,708089,1969,"རྩལ་རྫོགས་བརྟན་པ་འཐོབ་དགོས་རྒྱུ་རེད།"
708089,711940,3851,"རི་ཁྲོད་དབེན་པའི་གནས་སུ་རྩེ་གཅིག་ཏུ་བརྩོན་པར་བྱས་ན།"
711940,714428,2488,"ཉམས་ལེན་རྩལ་རྫོགས་འོང་རྒྱུ་དེ་ལྟར་བསྟེན་པར་རིགས།"
714428,717840,3412,"རིགས་པ་དེ་དག་རིགས་ཤིང་འཐད་པའི་ལས་ཡིན་པས་ན་"
717840,721353,3513,"དེ་རིགས་དྲུག་གི་རྗེས་སུ་འགྲོ་བ་སྐྱེས་བུ་མཆོག་ཏུ་གྱུར་བ་"
721353,724417,3064,"ཐེག་པ་མཆོག་གི་ལམ་ལ་སྤྱོད་པའི་སྐལ་བ་དང་ལྡན་པ་ཡིན།"
724417,728773,4356,"(89) ཐེག་པའི་དོན་འདུས་ཤེས་པའི་ཆོས་དྲུག་ནི། །ཉོན་མོངས་རང་ག་ཐ་མལ་སྐྱོན་ཤེས་དགོས། །"
728773,732786,4013,"ཉོན་མོངས་སྤོང་བ་ཉན་རང་ལམ་ཤེས་དགོས། །ཉོན་མོངས་སྦྱོང་བ་རྒྱལ་སྲས་ལམ་ཤེས་དགོས། །"
732786,734926,2140,"ཉོན་མོངས་བསྒྱུར་བ་གསང་སྔགས་ལམ་ཤེས་དགོས། །"
734926,741086,6160,"རང་བཞིན་ཡོངས་ཤེས་རང་བྱུང་ཡེ་ཤེས་དགོས། །"
741086,744920,3834,"བླང་དོར་གྲོལ་བྱ་བཙལ་མེད་ཤེས་པ་དགོས། །དེ་དག་ལྡན་ན་ཉོན་མོངས་གོས་པ་མེད། །"
744920,750400,5480,"ཅེས་པ་དེ་ལྟ་བུ་ཆོས་འདི་ཤེས་པར་གྱུར་བའི་ཕྱིར་ན།"
750400,753366,2966,"ཐེག་པ་ཐམས་ཅད་ཀྱི་ཉམས་ལེན་དོན་འདུས་འོང་དུས་"
753366,757166,3800,"དེ་ངོ་ཤེས་པར་བྱ་བའི་ཆོས་དྲུག་ཡོད། གང་རེད་ཟེར་ན།"
757166,761290,4124,"ཉོན་མོངས་པ་དུག་ལྔ་པོ་འདི་ལམ་དུ་བསྒྱུར་བ་དང༌།"
761290,765434,4144,"གཉེན་པོ་བསྟེན་པ་ལ་སོགས་པ་གང་ཡང་རང་གིས་རང་དགར་བཞག་བཞག་ནས་བཟུང་སྟེ།"
765434,770126,4692,"དུག་ཅིག་ཡིན་ན་ཡུངས་འབྲུ་ཙམ་ཞིག་ཟོས་བཞག་དང་རང་གི་སྲོག་འཕྲོག་འགྲོ་རྒྱུ་རེད།"
770126,772668,2542,"ཉོན་མོངས་པ་འདི་སྐྱོན་ཐམས་ཅད་ཀྱི་རྒྱུ་"
772668,775900,3232,"ཁམས་གསུམ་གྱི་འཁོར་བའི་རྩ་བ་དགྲ་བོ་ལྟ་བུ་ཡིན་པ་ཤེས་དགོས།"
775900,779986,4086,"ཉོན་མོངས་དེ་དགྲ་བོ་ལྟ་བུ་ཤེས་དུས།"
779986,784466,4480,"ཉན་ཐོས་དང་རང་སངས་རྒྱས་ཀྱི་ལམ་དུ་ཡིན་ན་ཉོན་མོངས་དེ་ལ་གཉེན་པོ་བསྟེན།"
784466,787515,3049,"གཉེན་པོ་དང་ཉོན་མོངས་གཉིས་གཡུལ་སྤྲད་ནས་"
787515,790309,2794,"གཉེན་པོས་ཉོན་མོངས་ཕར་དགྲ་ལྟར་དུ་སྤང་འགྲོ་རྒྱུ་རེད་དུས།"
790309,795120,4811,"དགྲ་ལྟར་དུ་ཉོན་མོངས་སྤོང་བ་ཉན་ཐོས་དང་རང་སངས་རྒྱས་ཀྱི་ལམ་ཡིན་པ་"
795120,798926,3806,"དེ་ངོ་ཤེས་པར་བྱེད་ན་ལས་དང་པོ་པའི་དུས་སུ་གལ་ཆེ་བ་ཡིན།"
798926,803336,4410,"རྒྱལ་སྲས་བྱང་ཆུབ་སེམས་དཔའི་སྤྱོད་པ་ལ་བསླབ་པ་རྣམས་ཀྱིས་ཉོན་མོངས་པ་དེ་དག་ཐམས་ཅད་"
803336,807093,3757,"སྒྱུ་མ་དང་རྨི་ལམ་ལྟ་བུ་སྟོང་པ་ཉིད་ཀྱི་ངོ་བོ་ལ་སྦྱོང་ན།"
807093,809317,2224,"ཉོན་མོངས་དེ་འཁྲུལ་སྣང་གིས་བདེན་པ་བཟུང་བ་མ་གཏོགས་"
809317,814186,4869,"དོན་ལ་རང་མཚན་མེད་པས་ན།"
814186,816952,2766,"ཉོན་མོངས་ཀྱི་འཆིང་བ་རང་སར་གྲོལ་འགྲོ་ལེ་ཡིན།"
816952,823776,6824,"འགྲོ་ཀུན་རྨི་ལམ་སྒྱུ་མ་ལྟ་བུར་རྟོགས་པ་འདི་བྱང་ཆུབ་སེམས་དཔའི་ལམ་ཡིན་པ་ཤེས་དགོས།"
823776,828699,4923,"ཉོན་མོངས་དུག་ལྔ་པོ་འདི་དཔེར་ན་དུག་གི་རང་བཞིན་ཟས་ཤིག་ཡོད་ན་"
828699,831151,2452,"དེ་སྨན་དང་རིག་སྔགས་ཀྱི་ནུས་པ་འདིའི་སྒོ་ནས་"
831151,834837,3686,"བཅུད་ལེན་དུ་བསྒྱུར་བཞག་ན་ཟོས་བཞག་ནའང་ལུས་འཚོ་བའི་རྒྱུ་དང་"
834837,836836,1999,"ལང་ཚོ་རྒྱས་པའི་རྒྱུ་མ་གཏོགས་ཡོད་མ་རེད།"
836836,840941,4105,"དཔེ་དེ་བཞིན་དུ་གསང་སྔགས་རྡོ་རྗེ་ཐེག་པའི་ལམ་གྱིས་ཉོན་མོངས་ལམ་དུ་བྱེད་པ་ཡོད་ན་"
840941,844606,3665,"དེ་དུག་སྨན་དུ་བསྒྱུར་བ་ལྟ་བུ་ཡིན་པས་དེ་དག་ཤེས་དགོས།"
844606,848027,3421,"ཉོན་མོངས་དུག་ལྔའི་རང་ངོ་འདི་ཚུལ་བཞིན་དུ་ཡོངས་སུ་ཤེས་ན།"
848027,853228,5201,"དུག་ལྔའི་ངོ་བོ་ཡེ་ནས་རྒྱལ་བ་རིགས་ལྔའི་ཡེ་ཤེས་ལྔའི་རང་བཞིན་དུ་ཡོད་རྒྱུ་རེད་དུས།"
853228,856796,3568,"ཡེ་ཤེས་ལྔའི་ངོ་བོ་འདི་ཆེད་དུ་གཉེན་པོས་ཚུར་བསྒྱུར་བ་དང་"
856796,858850,2054,"ཚོན་གྱིས་བསྒྱུར་བ་ལྟ་བུ་མ་ཡིན་པ།"
858850,862895,4045,"རང་བྱུང་གི་ཡེ་ཤེས་རང་ཤར་དུ་ཡིན་པ་དེ་ལྟ་བུ་ཤེས་དགོས།"
862895,867134,4239,"དེ་ལྟ་བུ་ཉོན་མོངས་ཀྱི་གདིང་ཡེ་ཤེས་སུ་བསྒྱུར་བའི་གདིང་འཐེབ་ན་ནི་"
867134,872020,4886,"བླང་བྱ་དགེ་བ་དང་དོར་བྱ་སྡིག་པ་ཟེར་ཆེད་དུ་འབད་རྩོལ་མང་པོ་མི་དགོས་པ་"
872020,875728,3708,"བཙལ་མེད་ཀྱི་ངང་ནས་ལམ་རྫོགས་པ་ཤེས་དགོས་པས་དེ་དག་དང་ལྡན་ན།"
875728,879655,3927,"གང་ཟག་གིས་ཉོན་མོངས་པ་དང་པོ་རང་མཚན་དགྲ་ལྟར་དུ་བལྟ་བ་དང༌།"
879655,885335,5680,"དེ་ལ་གཉེན་པོ་བསྟེན་པ་ལ་སོགས་ཐེག་པའི་རིམ་པ་རྣམས་ཀྱི་ལམ་འཁྱེར་རེད།"
885335,887802,2467,"རིམ་པ་བཞིན་དུ་རང་གི་རྒྱུད་ཚོད་དང་སྦྱར་ཏེ་"
887802,891071,3269,"དོན་དུ་ཉོན་མོངས་རང་འགག་གི་གཉེན་པོ་གང་འགྲོ་བ་ཡིན་ན་"
891071,896100,5029,"དེ་ཚུལ་བཞིན་དུ་ཡང་ཡང་རྒྱུད་ལ་བསྟེན། དེ་ནས་ཉོན་མོངས་པའི་སྐྱོན་གྱིས་གོས་པ་མེད་པ་ཡིན།"
896100,900466,4366,"(90) ཆོས་བྱེད་རྣམས་ཀྱི་བློ་སྣ་རྣམ་དྲུག་ནི། །འཁོར་བའི་མཚང་རྟོག་ངན་པའི་སྐྱོན་འཚོལ་འདྲ། །"
900466,906204,5738,"དེ་ལས་འབྲོས་བློ་དམག་མི་རུ་ལོག་འདྲ། །ཕྱིར་མི་བཟློག་བློ་ཝ་མོ་གལ་ཐར་འདྲ། །"
906204,910131,3927,"འཁོར་བ་སྤང་བློ་རྗེ་ངན་འཁོར་གཡོག་འདྲ། །འཁྱམས་ཀྱིས་དོགས་བློ་ལམ་ངན་ས་འཚོལ་འདྲ། །"
910131,917700,7569,"འཁོར་བ་གྲོལ་བློ་ཆབ་རོམ་ཆུར་ཞུ་འདྲ། །"
917700,923033,5333,"དམ་པའི་ཆོས་བྱེད་པའི་གང་ཟག་རྣམས་ལ་བློ་སྣ་རྣམ་པ་དྲུག་ཡོད།"
923033,927944,4911,"བློ་སྣ་རྣམ་པ་དྲུག་འདི་གང་ཡིན་ཟེར་ན། ཁམས་གསུམ་འཁོར་བ་སྡུག་བསྔལ་གྱི་རང་བཞིན་"
927944,932906,4962,"འཁོར་བའི་བྱ་བ་གང་དང་གང་བྱས་ན་སྐྱོན་དང་མཚང་ཡིན་པ་རྟོག་ནས་དེ་བྱེད་ན།"
932906,936002,3096,"དཔེར་ན་མི་ངན་པ་ཞིག་གི་སྐྱོན་བརྗོད་བྱས་བསྡད་ན།"
936002,939168,3166,"ཁོ་རང་དབང་པོ་མི་མཛེས་པ་ལྟ་བུ་དང༌། གསོག་འཇོག་ཆེ་བ་ལྟ་བུ།"
939168,943848,4680,"རླུང་ཚ་བོ་ལྟ་བུ་ཡོད་ན་དེ་སྐྱོན་འདི་བརྗོད་ན་ཁོ་རང་མཚང་ལ་འཕོག་རྒྱུ་རེད།"
943848,949665,5817,"དེ་ལྟ་བུ་བྱེད་དགོས། ཁམས་གསུམ་འཁོར་བའི་སྡུག་བསྔལ་གྱི་མཚང་དེ་ལས་འབྲོས་འགྲོ་བ་དེ།"
949665,951840,2175,"དཔེར་ན་དམག་མི་༼ཆོས་ཐོག་བཅག་སོང་ན་༽༼བྲོས་སོང་ན་ཞེས་པའི་དོན་༽"
951840,957460,5620,"དམག་མིས་མི་མཐོང་ས་ཞིག་ལ་ཉིན་མི་དལ་མཚན་མི་དལ་དཀའ་ཚེགས་ངལ་དུབ་ཀྱི་སྒོ་ནས་"
957460,959642,2182,"འགྲོ་གང་ཐུབ་ཐུབ་བྱེད་འགྲོ་རྒྱུ་རེད་དེ་ལྟར་དུ་དགོས།"
959642,964646,5004,"ཐར་པའི་ལམ་ལ་ཞུགས་ཚར་ནས་སླར་ཡང་ཕྱིར་མི་ལྡོག་པ་དགོས་ཏེ།"
964646,970011,5365,"དཔེར་ན་ཝ་དེ་གཟུང་བྱེད་ཀྱི་ཐག་པ་བཙུགས་བཞག་ཡོད་ན་"
970011,974011,4000,"དེའི་སྟེང་དུ་ཝ་དེས་འཛིན་བྱེད་ཀྱི་ཐག་པ་ཡིན་པ་ཤེས་དུས་"
974011,977964,3953,"ས་ཕྱོགས་དེ་ནས་འབུད་འགྲོ་རྒྱུ་རེད་དེ་ལྟ་བུ་དགོས།"
977964,982154,4190,"ཁམས་གསུམ་འཁོར་བ་འདི་ཕར་སྤོང་ཐུབ་ན་གང་ཐུབ་ཐུབ་ཅིག་བྱེད་དགོས་མ་གཏོགས།"
982154,986420,4266,"དཔོན་པོ་བཙན་པོ་ཞིག་དང་ཁྲིམས་མང་པོ་གཏོང་མཁན་ལ་"
986420,989593,3173,"གཡོག་པོ་ཞིག་ཡོད་ན་དཔོན་པོའི་ཞབས་ནས་ང་ནམ་ཐར་འོང་བསམ་རྒྱུ་རེད་དུས།"
989593,993834,4241,"དཔེ་དེ་བཞིན་དུ་འཁོར་བའི་སྡུག་བསྔལ་འདི་ལས་ནམ་ཐར་འགྲོ་བསམ་རྒྱུ་དོགས་དགོས།"
993834,997910,4076,"འཁྱམས་ཀྱིས་དོགས་པ་ཟེར་དུས།"
997910,1001118,3208,"རང་བཞིན་དོན་མེད་ཀྱི་རྣམ་གཡེང་གི་སྒོ་ནས་འཁྱམས་འགྲོ་བ་དོགས་ཟེར་བ་དེ་"
1001118,1010762,9644,"གང་ཟག་བློ་ངན་པ་མ་རུངས་པ་ཞིག་ཡོད་ན། རང་ལམ་དུ་མི་འགྲོ་བ་བྱས་"
1010762,1015729,4967,"ལས་ཀ་གང་བྱས་ན་རང་བཞིན་གྱིས་ལོག་པ་འཚོལ་བ་དང་འདྲ་བ་ཡིན་པས་ན་དེ་ལྟ་བུ་ཤེས་དགོས།"
1015729,1020000,4271,"ཁམས་གསུམ་འཁོར་བ་སྡུག་བསྔལ་གྱི་ནང་ནས་ནམ་གྲོལ་འགྲོ་བསམ་པའི་བློ་འདི།"
1020000,1024242,4242,"དཔེར་ན་དཔྱིད་ཀ་ས་གཞི་དྲོད་འཕར་འོང་དུས་ཆབ་རོམ་ཆེ་ཆུང་མེད་པ་ཐམས་ཅད་"
1024242,1027519,3277,"སྐད་ཅིག་རེ་རེ་ལའང་ཆུ་རུ་རང་བཞིན་གྱིས་ཞུ་འགྲོ་ཡི་ཡོད།"
1027519,1029713,2194,"དེ་ལྟ་བུ་གྲོལ་བར་བྱེད་དགོས་པ་ཡིན།"
1029713,1033647,3934,"(91) རྒྱུད་ལ་ཆོས་སྦྱོར་བློ་སྣ་རྣམ་དྲུག་ནི། །འཛིན་བློ་སྦྲང་མ་སྦྲང་རྩིར་འབྱར་བ་འདྲ། །"
1033647,1038771,5124,"བསམ་བློ་ས་རྡོའི་ནང་ནས་གསེར་འཚོལ་འདྲ། །རྟོགས་བློ་གསེར་སྦྲམ་ལག་ཏུ་ཐོབ་པ་འདྲ། །"
1038771,1043626,4855,"འདྲིས་པར་བསྒོམ་བློ་བྱི་དོར་བྱེད་འདྲ་དང༌། །ཡོན་ཏན་འཕེལ་བློ་དེ་ལ་རྒྱན་དུ་བྱེད། །"
1043626,1045693,2067,"མངོན་དུ་གྱུར་བློ་འདོད་དགུ་འབྱུང་འདྲའོ། །"
1045693,1050072,4379,"ཞེས་པ་དམ་པའི་ཆོས་རྒྱུད་ལ་སྦྱོར་བར་བྱེད་པའི་ཚེ་ན།"
1050072,1054613,4541,"ཆོས་ཤིག་རྒྱུད་ལ་སྦྱོར་ཏེ་ཆོས་དང་རང་རྒྱུད་འདྲེས་པའི་སྐབས་ལ་བློ་སྣ་རྣམ་པ་དྲུག་ཡོད།"
1054613,1059647,5034,"གང་རེད་ཟེར་ན། དམ་པའི་ཆོས་འདི་ཐོས་བསམ་བློ་འཛིན་བྱས་པའི་ཡོན་ཏན་དེ་དག་"
1059647,1063360,3713,"སླར་བརྗེད་འགྲོ་བསམ་པའི་སྦྱང་བློ་འདི་ནི།"
1063360,1067153,3793,"དཔེར་ན་སྦྲང་མ་འདི་ཉིད་སྦྲང་རྩི་ཟ་དུས་དེ་སྦྲང་རྩི་འདི་མངར་སོང་བས་ན་"
1067153,1070565,3412,"ཡང་ནས་ཡང་དུ་ལོངས་པ་ལོན་ན་ག་ཚོད་ལོན་ལོན་བྱས་བཞག་རེད་དུས་"
1070565,1072385,1820,"དཔེ་དེ་ལྟ་བུ་ཅན་ཞིག་དགོས།"
1072385,1077740,5355,"བསམ་བློ་དམ་པའི་ཆོས་སྒྲུབ་པ་དང་སྤངས་རྟོགས་ཀྱི་ཡོན་ཏན་སྐྱེ་བ།"
1077740,1080020,2280,"ས་དང་རྡོའི་ནང་ནས་གསེར་འཚོལ་འགྲོ་དུས་"
1080020,1083267,3247,"དཀའ་ཚེགས་ངལ་དུབ་གང་འདྲ་ཡིན་ནའང་ཉིན་མི་དལ་མཚན་མི་དལ་"
1083267,1085607,2340,"འཁྱག་ལྟོགས་ནའང་དེ་བྱེད་རྒྱུ་རེད་དུས།"
1085607,1088478,2871,"དཔེ་དེ་བཞིན་དུ་དམ་པའི་ཆོས་ཐོས་བསམ་སྒོམ་གསུམ་བྱས་པ་དེ་"
1088478,1090656,2178,"གསེར་འཚོལ་བ་ལྟ་བུ་དཀའ་ལས་བྱེད་དགོས།"
1090656,1094673,4017,"དམ་པའི་ཆོས་ཀྱི་ལྟ་སྒོམ་སྤྱོད་གསུམ་གནད་དོན་འདི་རྟོགས་སོང་ན།"
1094673,1097766,3093,"གསེར་མང་པོ་ལག་ཏུ་ཐོབ་སྟེ་གསེར་གྱི་སྒྲོམ་བུ་ཞིག་ལག་ལ་ཡོད་ན།"
1097766,1102533,4767,"ང་གང་བྱས་ན་སྤང་གོ་ཆགས་ས་མེད་བསམ་རྒྱུ་དཔའ་གདིང་འདྲ་ཞིག་དང་ང་རྒྱལ་འོང་རྒྱུ་རེད།"
1102533,1105998,3465,"དེ་ལྟ་བུ་ཆོས་ལ་ངེས་ཤེས་ཡང་ཡང་དུ་བསྐྱེད་པ་ཞིག་དགོས།"
1105998,1110153,4155,"ཆོས་ལ་ངེས་ཤེས་སྐྱེས་པ་དེ་རང་གི་རྒྱུད་ལ་ཡང་ནས་ཡང་དུ་འདྲིས་ཏེ་"
1110153,1113880,3727,"དུས་རྟག་པར་མ་བརྗེད་པ་ཞིག་དགོས་དུས། བུད་མེད་ལང་ཚོ་གཞོན་ནུ་རྣམས་ཀྱིས་"
1113880,1117226,3346,"ཡུད་ཙམ་རེ་སོང་ནའང་རང་གི་གདོང་དེ་བྱི་དོར་བྱེད་པ་"
1117226,1120620,3394,"བློས་གཏོང་གི་མ་རེད་དུས་དཔེ་དེ་ལྟ་བུ་ཅན་ཞིག་དགོས།"
1120620,1123513,2893,"དེ་ཐོས་བསམ་སྒོམ་གསུམ་གྱི་ཡོན་ཏན་ཁྱད་པར་ཅན་"
1123513,1126889,3376,"རྒྱུད་ལ་གོང་ནས་གོང་འཕེལ་བར་བྱེད་པ་དེ་ནི།"
1126889,1131538,4649,"བློ་དེ་ལ་བུད་མེད་དེ་ཉིད་ཀྱི་ལང་ཚོ་མཛེས་པས་རྒྱན་ཆ་ཐོགས་པ་ལྟ་བུ་"
1131538,1134679,3141,"རྒྱན་ཆ་སྤུས་རྣམས་གོང་ཆེ་བ་གང་ཡག་དེ་བྱེད་རྒྱུ་རེད།"
1134679,1139322,4643,"དཔེ་དེ་ལྟ་བུ་ཐོས་བསམ་སྒོམ་གསུམ་གྱི་ནང་ནས་ཡོན་ཏན་གང་གནད་ཆེ་བ་འདྲ་ཞིག་"
1139322,1142425,3103,"རང་གི་རྒྱུད་ལ་བྱེད་དགོས། ཡོན་ཏན་དེའི་འབྲས་བུ་འདི་"
1142425,1146180,3755,"མངོན་དུ་གྱུར་སོང་ན་ནོར་བུ་རིན་པོ་ཆེ་གཙུག་གི་ནོར་བུ་ལ་ཡོད་ན་"
1146180,1150066,3886,"ཟས་དགོས་ཀྱི་དགོས་འདོད་ཐམས་ཅད་འབྱུང་བ་འདྲ་བ་ཡིན་པས་དེ་ལྟར་བསྟེན་པར་བྱེད།"
1150066,1154308,4242,"(92) ཐེག་ཆེན་ཆོས་ལ་འབྲེལ་བ་དྲུག་ལྡན་ནི། །དངོས་འཛིན་འཇིག་ལ་ལྟ་བ་ཉམས་མྱོང་འབྲེལ། །"
1154308,1158725,4417,"སྙོམས་ལས་སེལ་ལ་དད་པ་བརྩོན་འགྲུས་འབྲེལ། །ཐེག་དམན་སྐྱོབ་ལ་ཐབས་དང་ཤེས་རབ་འབྲེལ།"
1158725,1163166,4441,"ཁོང་ཁྲོ་འབྱིན་ལ་རང་སྐྱོན་གཞན་བདེན་འབྲེལ། །འཕགས་ལམ་བགྲོད་ལ་མོས་གུས་སྙིང་རུས་འབྲེལ། །"
1163166,1170070,6904,"གོལ་ས་གཅོད་ལ་ཐོས་བསམ་ཉམས་ལེན་འབྲེལ། །ལེགས་པར་དགོས་ཏེ་ཤིན་ཏུ་དཀོན་པ་སྣང༌། །"
1170070,1174806,4736,"ཞེས་པའི་སྒོ་ནས་བསྟན་ཏེ། ཐེག་ཆེན་གྱི་ཆོས་དེ་དང་ཕན་ཚུན་འབྲེལ་སོང་ན་"
1174806,1177328,2522,"འབྲེལ་བའི་རྟགས་ཡོད་རྒྱུ་རེད་དུས། གང་རེད་ཟེར་ན།"
1177328,1183938,6610,"རང་གཞན་ཐམས་ཅད་ཀྱི་འཇིག་རྟེན་ཚེ་འདིའི་དངོས་འཛིན་ཐམས་ཅད་འདི་ཕར་མེད་པ་བྱས།"
1183938,1185773,1835,"བཤིག་པར་བྱས་ནས་འཇིག་དགོས་ནས་བཟུང་སྟེ།"
1185773,1188633,2860,"མཐའ་བྲལ་དབུ་མའི་ལྟ་བ་འདི་ཉམས་སུ་བླང་ན་"
1188633,1194361,5728,"རང་བཞིན་གྱི་སྟོང་ཉིད་ཀྱི་དོན་དེ་རྒྱུད་ལ་ཤུགས་ཀྱིས་ཉམས་མྱོང་སྐྱེ་མི་འོང་བའི་ཐབས་ཡོད་རྒྱུ་མ་རེད།"
1194361,1199806,5445,"རང་བཞིན་གྱི་འཇིག་རྟེན་ཚེ་འདིའི་བྱ་བའི་སོས་དལ་བསྡད་པའི་སྙོམས་ལས་འདི་ཉིད་"
1199806,1203906,4100,"ཕར་མེད་པ་བྱེད་དགོས་ན། ཐར་པ་དང་ཆོས་ལ་དད་པ་དང༌།"
1203906,1207873,3967,"ཉིན་མཚན་མི་དལ་བའི་བརྩོན་འགྲུས་འབྲེལ་བ་འདི་ཡང་ནས་ཡང་དུ་བྱེད་དགོས་པ་ཡིན།"
1207873,1212926,5053,"ཐེག་དམན་ཉན་རང་གི་ལམ་ལྟ་བུ་རང་དོན་ཞི་བདེ་ལ་གོལ་མི་ཁྱེར་བའི་ཐབས་གང་ཡིན་ཟེར་ན།"
1212926,1216813,3887,"ཐབས་སྙིང་རྗེ་ཆེན་པོ་དང་ཤེས་རབ་སྟོང་པ་ཉིད་ཟུང་འབྲེལ་གྱི་སྒོ་ནས་"
1216813,1222793,5980,"ཉམས་སུ་ལེན་དགོས། དེ་ནས་རང་གི་རྒྱུད་ལ་ཁོང་ཁྲོ་རྩ་བ་དྲུང་ནས་འབྱིན་པར་བྱེད་པ་དེ་ལ།"
1222793,1228569,5776,"རང་ལ་ལེ་ལན་ཐམས་ཅད་བློ་སྦྱོང་གི་ནང་ནས་རང་ལ་གདའ་གསུངས་པ་བཞིན་དུ།"
1228569,1232074,3505,"རང་ལ་སྐྱོན་ཕྲ་མོ་ཡོད་པ་རང་གི་སྐྱོན་འདི་ཡང་ནས་ཡང་དུ་གསུང༌།"
1232074,1236305,4231,"གཞན་ཕ་རོལ་པོའི་སྐྱོན་མཐོང་ནའང་སྐྱོན་མེད་པའི་བདེན་པའི་ལམ་ལ་བཞག །"
1236305,1240716,4411,"གཞན་ཁེ་རུ་བཅུག་ན་རང་ཤུགས་ཀྱིས་བཟོད་པ་སྒོམ་ཐུབ་པ་ཡིན།"
1240716,1246217,5501,"འཕགས་པའི་ལམ་གོང་ནས་གོང་དུ་བགྲོད་པར་བྱེད་པ་དེ་"
1246217,1250571,4354,"མོས་གུས་དང་སྙིང་རུས་ཟུང་དུ་འཇུག་པ་ཡོད་ན་བྱའི་གཤོག་པ་གཉིས་ཡོད་ན་"
1250571,1253673,3102,"ནམ་མཁའ་འཕུར་ནུས་པ་ལྟ་བུ་བརྒལ་བར་འགྱུར་པ་ཡིན།"
1253673,1257452,3779,"ཐར་པའི་ལམ་ཡང་དག་པ་སྒྲུབ་པ་དེ་ལ་གེགས་དང་གོལ་ས་གཅོད་དགོས་ན་"
1257452,1262333,4881,"ཐོས་པ་ཕྱོགས་མེད་དུ་བྱས་པ་དང༌། བསམ་པས་ལྟ་སྒོམ་སྤྱོད་གསུམ་གྱི་དོན་རང་གི་རྒྱུད་ལ་"
1262333,1267653,5320,"སྦྱོར་བའི་ཉམས་ལེན་འབྲེལ་བ་ཡིན། དེ་ལྟ་བུའི་དྲུག་པོ་འདི་དགོས་དགོས་རྒྱུ་ཡིན།"
1267653,1271159,3506,"དེ་རྒྱུད་ལ་སྦྱོར་བའི་གང་ཟག་ཤིན་ཏུ་ནས་ཀྱང་དཀོན་པོ་རེད་འདུག །"
1271159,1274994,3835,"(93) གོང་ན་མེད་པའི་གདམས་པ་རྣམ་དྲུག་ནི། །གནས་ལུགས་གོ་ན་ཐོས་པ་གོང་ན་མེད། །"
1274994,1279040,4046,"རྩ་བ་ཆོད་ན་བསམ་པ་གོང་ན་མེད། །ཡེ་ཤེས་སྐྱེས་ན་ཐབས་ལམ་གོང་ན་མེད། །"
1279040,1282589,3549,"ཆོས་ལ་བཀོལ་བཏུབ་བྱིན་རླབས་གོང་ན་མེད། །སྐྱེ་ཤི་མེད་རྟོགས་དངོས་གྲུབ་གོང་ན་མེད། །"
1282589,1287473,4884,"ཐོབ་རྒྱུ་མེད་རྟོགས་གདེང་ཚད་གོང་ན་མེད། །དེ་དག་སྦྱོར་ན་སངས་རྒྱས་རང་ལས་འབྱུང༌། །"
1287473,1293720,6247,"ཞེས་པ་སྟེ། ད་ལྟ་སྒོམ་གྱི་གདེང་ཚོད་འཐོབ་འོང་ན་དེའི་གོང་དུ་གཞན་མི་དགོས་པའི་གདམས་པ་རྣམ་པ་དྲུག་ཡོད།"
1293720,1297080,3360,"གང་རེད་ཟེར་ན། ཆོས་ཐམས་ཅད་ཀྱི་གནས་ལུགས་སྟོང་པ་ཉིད་འདི་གོ་སོང་ན་"
1297080,1300855,3775,"ཐོས་པ་འདི་ལས་ལྷག་ཏུ་སྟོང་ཉིད་རྟོགས་པ་ལས་ལྷག་"
1300855,1303546,2691,"གོང་གི་ཐོས་བསམ་ཞིག་གང་ལའང་བྱ་བ་མེད།"
1303546,1306222,2676,"འཁྲུལ་པའི་གཞི་རྩ་ཐམས་ཅད་བཅད་སོང་ནས་བཟུང་སྟེ་"
1306222,1310061,3839,"དེ་ཐོས་པའི་སྙིང་པོ་བསམ་པ་འདི་དེ་གོང་ན་ཡོད་པ་མ་ཡིན།"
1310061,1313134,3073,"གནས་ལུགས་མ་བཅོས་པའི་ཡེ་ཤེས་དེ་རང་གི་རྒྱུད་ལ་སྐྱེས་འོང་ན།"
1313134,1318881,5747,"གསང་སྔགས་རྡོ་རྗེ་ཐེག་པའི་ཐབས་ལམ་ཟེར་རྒྱུ་འདི་གནས་ལུགས་ཀྱི་ཡེ་ཤེས་སྐྱེས་པ་དེའི་གོང་ན་གཞན་དུ་མེད།"
1318881,1323033,4152,"སྒོ་ལུས་ངག་ཡིད་གསུམ་འདི་ཆོས་ལ་ག་ཚོད་བཀོལ་ཐུབ་ཐུབ་བྱུང་སྟེ།"
1323033,1326266,3233,"དཔེར་ན་རྟ་སྲབ་ཀྱིས་དུལ་སོང་བ་ལྟ་བུ་ཅན་ཞིག་ཡིན་ན་"
1326266,1328899,2633,"བླ་མའི་བྱིན་རླབས་དེ་གོང་ན་གཞན་དུ་གང་ཡང་མེད།"
1328899,1332451,3552,"ཆོས་དབྱིངས་སྐྱེ་བ་མེད་པའི་སྐྱེ་ཤི་མེད་པའི་དོན་འདི་མངོན་སུམ་དུ་རྟོགས་ན།"
1332451,1335974,3523,"མཆོག་དང་ཐུན་མོང་གི་དངོས་གྲུབ་གོང་ན་ཐོབ་རྒྱུ་མེད།"
1335974,1340955,4981,"སངས་རྒྱས་རང་གི་སེམས་ལ་རྫོགས་ཡོད་པ་ཤེས་དུས་ཐོབ་རྒྱུ་མེད་པ་རྟོགས་སོང་ན་"
1340955,1344093,3138,"ལྟ་སྒོམ་གྱི་གདེང་ཚད་གོང་ན་མེད་པ་འགྱུར་བ་ཡིན་པས་"
1344093,1348966,4873,"དེ་དག་སྦྱོར་ན་སངས་རྒྱས་ཕྱིར་འཚོལ་མི་དགོས་པ་རང་གི་སེམས་ལས་འབྱུང་བ་ཡིན།"
1348966,1352700,3734,"(94) མཐར་ཕྱིན་བསྒྲུབ་ལ་མ་ཤོར་རྣམ་དྲུག་ནི། །ཟླར་དགའ་གྲོགས་ཀྱི་དབང་དུ་མ་ཤོར་དང༌། །"
1352700,1356437,3737,"ངོར་བསྟོད་ཟས་ཀྱི་དབང་དུ་མ་ཤོར་དང༌། །འབྲེལ་འདྲིས་རྣམ་གཡེང་དབང་དུ་མ་ཤོར་དང༌། །"
1356437,1360360,3923,"བརྩེ་གདུང་གཉེན་གྱི་དབང་དུ་མ་ཤོར་དང༌། །བཟོ་རིག་བཤེས་གཉེན་དབང་དུ་མ་ཤོར་དང༌། །"
1360360,1364580,4220,"གསོག་བྲུན་ནོར་རྫས་དབང་དུ་མ་ཤོར་དང༌། །དེ་ལྟར་དྲུག་ལྡན་ཆོས་ལམ་མཐར་ཕྱིན་འགྱུར། །"
1364580,1370819,6239,"གསུངས་དུས། ཆོས་མཐར་ཕྱིན་བྱེད་དམ་པའི་ཆོས་བསྒྲུབ་པ་དེ་ལ་"
1370819,1373679,2860,"གེགས་དང་གོལ་ས་དབང་དུ་མ་ཤོར་བ་རྣམ་པ་དྲུག་ཡོད།"
1373679,1376886,3207,"གང་རེད་ཟེར་ན། དེ་རང་ལ་གྲོགས་པོ་མང་པོ་འཚོལ།"
1376886,1380355,3469,"དེའི་ངོ་སྲུང་གི་དོན་དུ་བྱེད་ལས་མང་པོ་སྒྲུབ་དེ་བྱས་ན་"
1380355,1384718,4363,"རང་ལ་ཆོས་ཐག་རིང་དུ་ལུས་འགྲོ་རྒྱུ་རེད་དེ་གྲོགས་ཀྱི་དབང་དུ་མ་ཤོར་པ་དང༌།"
1384718,1389517,4799,"ཕ་རོལ་རྣམས་ཀྱིས་ཁྱེད་མཁས་པ་རེད། གྲུབ་ཐོབ་རེད། མངོན་ཤེས་འདུག་"
1389517,1395805,6288,"གྲུབ་རྟགས་རེད་ཟེར་དེ་ཡིན་སྣང་ཤར་ཏེ་རང་གིས་ཁ་གསག་བྱེད་མཁན་དེ་དག་ལ་"
1395805,1401030,5225,"རྙེད་པ་བཀུར་སྟི་གསོལ་རས་མ་ཤོར་བ་དང༌།"
1401030,1406114,5084,"ཆོས་པ་རི་ཁྲོད་ལ་བསྡད་ན་རི་དྭགས་རྨས་མ་བཞིན་དུ་རང་ཉིད་གཅིག་པུ་བསྡད་དགོས་རྒྱུ་རེད་དུས།"
1406114,1409640,3526,"སྔར་ངོ་ཤེས་པ་མང་པོ་ཡོད། གྲོགས་པོ་རྙིང་པ་མང་པོ་ཐུག་ན་"
1409640,1413457,3817,"རྣམ་གཡེང་འདུ་འཛིའི་དབང་དུ་ཤོར་རྒྱུ་རེད་དུས་དེ་མ་ཤོར་བ་དང༌།"
1413457,1417764,4307,"གཉེན་ལ་བརྩེ་གདུང་ཧ་ཅང་ཆེ་སོང་ན་དེ་དག་བྱམས་སྐྱོང་གི་བྱ་བ་མང་པོས་"
1417764,1421160,3396,"ཆོས་ལ་བཤོལ་འགྲོ་རྒྱུ་རེད་དུས་དེའི་དབང་དུ་མ་ཤོར་བ།"
1421160,1429307,8147,"ཆོས་ཡང་དག་པ་ལ་བརྩོན་པར་བྱེད་ནའང་"
1429307,1433187,3880,"མཚན་ཉིད་དང་ལྡན་པའི་དགེ་བའི་བཤེས་གཉེན་འཚོལ་བ་མ་གཏོགས་ལྷ་འབྲི་བ་ལྟ་བུ་དང༌།"
1433187,1437246,4059,"སྐུ་བཞེངས་པ་ལྟ་བུ་ལས་ཀ་བཟོ་མང་པོ་ལ་བརྩོན་པར་བྱས་ན་"
1437246,1440146,2900,"དེའི་དབང་དུ་བྱས་པས་ཚེ་འདིའི་བྱ་བ་ལ་ཤོར་འགྲོ།"
1440146,1444073,3927,"ནོར་དང་ལོངས་སྤྱོད་གང་ཡོད་པ་དེ་དག་ཐམས་ཅད་མཆོད་སྦྱིན་དུ་མ་རེད་བ།"
1444073,1446450,2377,"ཕུགས་ནོར་དུ་ཡུན་རིང་པོ་གསོག་བྲུན་སྐབས་སུ་"
1446450,1450353,3903,"ཡི་དྭགས་ཀྱི་རྒྱུ་སྐྱེད་བྱེད་འགྲོ་རྒྱུ་རེད་དེའི་དབང་དུ་མ་ཤོར་བ།"
1450353,1453564,3211,"དེ་དྲུག་དང་ལྡན་ན་ཆོས་ཀྱི་ལམ་མཐར་ཕྱིན་པར་འགྱུར་བ་ཡིན།"
1453564,1457950,4386,"(95) མི་གཞིའི་སྐྱོན་དྲུག་བརྟགས་ཏེ་འདོར་བ་ནི། །རང་འཁྲུག་གཞན་སྨོད་དུག་ལྔ་རགས་པ་དང༌། །"
1457950,1461592,3642,"ཅོལ་ཆུང་འདོ་མེད་བློ་སྣ་རགས་པ་དང༌། །དོན་མེད་བྱ་བྱེད་འབྲེལ་འདྲིས་དགའ་བ་དང༌། །"
1461592,1467160,5568,"གྱོང་པོ་ཆིག་ཚུགས་བསྐུལ་ཏུ་མི་བཏུབ་དང༌། །མཐོ་འགྲོགས་གསར་ངས་ཕྱི་བཤོལ་ཆེ་བ་དང༌། །"
1467160,1474573,7413,"ངན་གཡོ་གྱ་གྱུས་ཞེ་བཞག་ཆེ་བ་རྣམས། །དམ་ཆོས་བསྒྲུབ་ལ་སྐྱོན་ཡོན་བརྟགས་ཏེ་སྤང༌། །"
1474573,1478943,4370,"ཞེས་པའི་སྒོ་ནས་གསུངས་དུས།"
1478943,1482784,3841,"སྤྱིར་སློབ་མ་དམ་པའི་ཆོས་ལ་བསྐུལ་བ་དེ་ལ་མི་གཞི་ཡག་པོ་མེད་ན་"
1482784,1487333,4549,"མི་གཞིའི་སྐྱོན་དྲུག་ཡོད་དེ། དེ་སྐྱོན་དྲུག་འདི་རང་གི་རྒྱུད་ལ་བྱུང་ངམ་མ་བྱུང་བལྟ།"
1487333,1490267,2934,"གཉེན་པོས་བཙལ་ཏེ་བསྒོམ་དགོས་པ་ཡིན། གང་ཡིན་ཟེར་ན།"
1490267,1495146,4879,"རང་རྟག་པར་མི་དང་འཁྲུག་རྩོད་བྱས་བསྡད་ན་བག་ཕེབས་པོ་ཞིག་གཏན་ནས་ཡོང་གི་མ་རེད་དུས་"
1495146,1499160,4014,"རང་གིས་འཁྲུག་པ་འགྱུར་བ་དང༌། གཞན་ལ་སྐྱོན་བརྗོད་ཁོ་ན་བྱས་ཏེ་"
1499160,1505600,6440,"དག་སྣང་མེད་ནས་བཟུང་སྟེ་ཉོན་མོངས་པ་དུག་ལྔ་ཇེ་ཆེ་ཇེ་རགས་སུ་འགྲོ་རྒྱུ་ཡིན་པས་དེ་ལྟ་བུ་དང༌།"
1505600,1510120,4520,"དེ་ནས་ལས་ཀ་མང་པོ་ཞིག་དུས་རྟག་ཏུ་བརྩོན་པར་བྱས་ཏེ་ཅོལ་ཆུང་ཟེར་དུས།"
1510120,1512720,2600,"སྤྲེའུ་བཞིན་དུ་སེམས་འདི་དྲན་རྒྱུ་མང་པོ་བྱས་ན་"
1512720,1515673,2953,"རང་གི་དོན་འདི་སྟོར་འགྲོ་རྒྱུ་རེད་དུས་འདོ་མེད་པ་དང༌།"
1515673,1521186,5513,"བློ་སྣ་དྲན་རྒྱུ་མང་པོ་བྱས་ན་བྱ་བ་གཅིག་མཐར་ཕྱིན་རྒྱུ་མ་རེད་དུས་དེ་མེད་པ་དང༌།"
1521186,1524194,3008,"འཇིག་རྟེན་ཚེ་འདིའི་བྱ་བའི་དོན་འབྲས་མེད།"
1524194,1529026,4832,"དམ་པའི་ཆོས་ཀྱི་འབྲས་བུ་མེད་པ་རྣམ་གཡེང་འདུ་འཛི་འབའ་ཞིག་གིས་བྱ་བྱེད་བྱས་པ་དང༌།"
1529026,1533518,4492,"གྲོགས་པོ་དང་འབྲེལ་འདྲིས་ནང་ཁོངས་ནང་ལ་ངོ་དགའ་བྱད་འཛུམ་ལ་བལྟས་ཏེ་"
1533518,1538381,4863,"རྣམ་གཡེང་གཡེངས་བ་དང༌། མི་ཧ་ཅང་གྱོང་ཆེ་སྟེ་གཡག་གི་སྒྱིད་ཁུ་འདྲ་རེད་དུས་"
1538381,1544033,5652,"སུ་ལའང་མཐུན་པོ་འོང་རྒྱུ་མ་རེད་དུས། དེ་ཕྱིར་ན་གྱོང་པོ་ཆིག་ཚུགས་ལས་ཀ་འདི་བྱེད།"
1544033,1547987,3954,"ཐར་པའི་ལམ་དེ་འདྲ་བྱས་སྒྲུབ་བསྡད་ན་དེ་བཞིན་དུ་བརྩོན་དུ་མི་བཏུབ་པ་དང༌།"
1547987,1552453,4466,"རང་གོ་ས་མཐོན་པོ་དང་སྙན་གྲགས་ཆེན་པོ་དེ་ལྟ་བུ་དགོས་འདུག་"
1552453,1556243,3790,"བསམ་རྒྱུ་མཐོ་ས་ལ་འགྲོགས་འགྲོ་བ་དང༌། ཨ་གསར་ཧ་ཅང་ཆེ་ན་"
1556243,1562019,5776,"རྙིང་པ་ཐམས་ཅད་ཕར་གཡུག་བཏང་གཞུང་མེད་པ་རེད་སོང་ན་"
1562019,1564970,2951,"དམ་པའི་ཆོས་ཐམས་ཅད་ཕྱི་བཤོལ་འགྲོ་བ་དང༌།"
1564970,1567883,2913,"གཞན་མགོ་སྐོར་རྒྱུའི་གཡོ་སྒྱུ་མང་པོ་ཡོད་པ་དང་ནི།"
1567883,1571640,3757,"གནོད་པ་ཞིག་བྱས་ན་ཁ་ནས་མི་སྨྲ་བ་ཁོག་པའི་ནང་དུ་བཞག་བསྡད་པ།"
1571640,1575435,3795,"དེ་ཡིན་ན་དམ་ཆོས་སྒྲུབ་པའི་སྐྱོན་ཡིན་ཏེ་མི་གཞི་ངན་པའི་སྐྱོན་དེ་རྣམས་"
1575435,1580694,5259,"རང་གི་རྒྱུད་ལ་བྱུང་ངམ་མ་བྱུང་བལྟ། བྱུང་ན་གཉེན་པོ་བསྟེན་ནས་བརྟགས་ཏེ་སྤང་བར་བྱ་དགོས་པ་ཡིན།"
1580694,1587948,7254,"(96)   ཀུན་སྤྱོད་སྐལ་བ་ངན་པའི་སྐྱོན་དྲུག་ནི། །བྱས་པ་མི་གཟོ་དྲིན་ལན་ཉེས་ཀྱིས་འཇལ། །"
1587948,1593526,5578,"རང་ལ་མི་འཇལ་གཞན་ལ་ཕོད་ཁམ་ཆེ། །འགྱུར་ལྡོག་མང་ཞིང་མི་རྟག་ཁམས་འདུས་ཆེ། །"
1593526,1599200,5674,"གདོང་ལྕང་ངོར་དགའ་ཁ་ཞེ་གཉིས་པ་ཅན། །དོན་ལྡན་མི་ཤེས་བློ་མང་གཏམ་ལ་དགའ། །"
1599200,1603200,4000,"བྱས་པ་མེད་པར་རེ་བ་ཆེ་བ་རྣམས། །སྐལ་ངན་དམ་ཆོས་ཕྱོགས་མིན་རིང་དུ་སྤང༌། །"
1603200,1609347,6147,"ཞེས་པ་སྟེ། མི་གཞི་དམ་པའི་ཆོས་ཀྱི་སྣོད་དུ་མི་རུང་བའི་སྐལ་བ་ངན་པའི་སྐྱོན་དྲུག་ཡོད།"
1609347,1614973,5626,"གང་རེད་ཟེར་ན། ཕ་ལ་ཕན་པ་བྱས་ནའང༌། ཕན་པའི་ལན་དུ་ཚུར་དྲིན་གཟོ་མི་ཤེས་པ་དང༌།"
1614973,1618814,3841,"ཕ་དྲིན་ལན་ཡག་པོ་འཇལ་ནའང་དེ་ལ་ཚུར་གནོད་པ་བྱས་ཏེ་"
1618814,1625526,6712,"ཉེས་པས་འཇལ་བ་དང་ནི། དེ་ནས་རང་གིས་རང་ལ་རང་རྒྱུད་ཀྱི་སྐྱོན་འདི་"
1625526,1627773,2247,"དྲན་ཤེས་བག་ཡོད་ཀྱི་སྒོ་ནས་མི་ལྟ་བ།"
1627773,1635975,8202,"གཞན་ཕ་རོལ་པོ་དེ་ལ་སྐྱོན་དང་ཉེས་པ་གང་ཆོག་ཆོག་བལྟ་བའི་ཕོད་ཁམ་ཆེ་བ་དང༌།"
1635975,1642772,6797,"བློ་རྟག་ཏུ་རིང་ན་དགའ། ཉེ་ན་སྡུག་སྣང་བ་ལྟ་བུ་འགྱུར་ལྡོག་མང་པོ་བྱས་པ་དང་ནི།"
1642772,1646544,3772,"དུས་རྟག་ཏུ་སེམས་སྦུབས་སུ་དོག་སྟེ་འཁྲུག་མི་དགོས་པའི་དུས་ན་"
1646544,1650667,4123,"སེམས་ཅོལ་ཆུང་ཆུང་དུ་འགྱུར་བས་ན་མི་རྟག་པ་ཁམས་འདུས་དང༌།"
1650667,1653933,3266,"གདོང་ལྕང་ངོར་དགའ་གསུངས་དུས། གདོང་པ་གསར་པ་བྱས་ཏེ་"
1653933,1658682,4749,"ཡང་མི་ཞིག་ཐུག་ན་དེ་དགའ་བ་བྱས། གཉིས་ཐུག་ན་དེ་མ་ཡིན་པ་གཞན་དག་ཞིག་བཤད་དེ་"
1658682,1662806,4124,"ཁ་དང་ཞེ་གཉིས་མ་མཐུན་ན་དེ་ཆོས་ལ་བཤོལ་འོང་བ་ཡིན།"
1662806,1666773,3967,"བྱ་བ་དོན་དང་ལྡན་པ་མི་ཤེས་པ་འཇིག་རྟེན་ཚེ་འདིའི་གཏམ་སྨྲ་བ།"
1666773,1671526,4753,"རྣམ་གཡེང་བྱས་པ། དོན་མེད་ཁོ་ན་དགའ་བར་འགྱུར་བ།"
1671526,1678762,7236,"ཕ་ལ་དོན་ཆེན་པོ་བྱས་པ་གང་ཡང་མེད་པ་རང་ལ་མང་པོ་ཞིག་འཐོབ་འོང་བསམ་རྒྱུའི་རེ་བ་ཆེ་བ་རྣམས་"
1678762,1684035,5273,"སྐལ་བ་ངན་པ་དམ་པའི་ཆོས་ལས་ཕྱོགས་པ་ཡིན་པས་ན་དེ་རིང་དུ་སྤང་སྟེ་སྐྱོན་དྲུག་འདི།"
1684035,1687947,3912,"(97)  མཐར་ཕྱིན་སྐྱོན་ལས་གྲོལ་བའི་ཆོས་དྲུག་ནི། །བློ་བརྟན་རང་རྒྱུད་དགེ་ཞིང་བྱ་བ་ཉུང༌། །"
1687947,1691926,3979,"སྙིང་རུས་ཞེ་བཅད་ཆེ་ཞིང་བཟོད་དང་ལྡན། །གཞན་གྱིས་མི་བརྫི་རྐྱེན་གྱིས་འཕྲོག་པ་མེད། །"
1691926,1695515,3589,"ཕྱི་ཐག་རྒྱུན་རིང་དད་གུས་ངོ་ལྐོག་མེད། །བློ་བཟང་གྲོས་འདུན་ཆེ་ཞིང་ཐབས་ལ་མཁས། །"
1695515,1701571,6056,"གཞན་སྐྱོན་མི་བརྗོད་རང་སྐྱོན་མཚང་ནས་འདོན། །དེ་འདྲའི་སྐྱེས་མཆོག་བྱང་ཆུབ་གཏན་གྱི་གྲོགས། །"
1701571,1709118,7547,"གསུངས་པ་བཞིན་དུ་དམ་པའི་ཆོས་མཐར་ཕྱིན་པ་དང་མི་གཞི་ངན་པའི་སྐྱོན་ལས་གྲོལ་བའི་ཆོས་དྲུག་ཡོད།"
1709118,1713815,4697,"གང་རེད་ཟེར་ན། བློ་བརྟན་པོའི་སྒོ་ནས་འགྱུར་ལྡོག་གཏན་ནས་མེད་པ་དང༌།"
1713815,1718538,4723,"རང་གི་རྒྱུད་འདི་དམ་པའི་ཆོས་ལ་ཡ་འགྱུར་སླ་བ་གྲོགས་དང་མཐུན་པ་ནི་དགེ་བ་དང༌།"
1718538,1721780,3242,"འཇིག་རྟེན་ཚེ་འདིའི་བྱ་རྒྱུ་ལས་རྒྱུ་མང་པོ་མི་བྱེད་པ།"
1721780,1727544,5764,"དམ་པའི་ཆོས་ཐོས་བསམ་སྒོམ་གསུམ་བྱེད་ན་དེ་སྙིང་རུས་སྒོ་ནས་ཚུལ་བཞིན་དུ་བརྩོན་པ་དང༌།"
1727544,1729917,2373,"ཞེ་ཡིས་དམ་བཅའ་གཅིག་བཏང་ཚར་ནས་བཟུང་སྟེ།"
1729917,1735331,5414,"དཀའ་ཚེགས་ངལ་དུབ་ག་ཚོད་བྱས་ནའང་དེ་བློས་མི་གཏོང་བའི་ཞེ་བཅད་ཆེ་བ་དང༌།"
1735331,1738027,2696,"ཆོས་ཀྱི་དོན་དག་ལ་དཀའ་སྤྱད་གང་བྱེད་དགོས་ན་"
1738027,1740640,2613,"སྡུག་བསྔལ་ཐམས་ཅད་བཟོད་ནུས་པ་ལྡན་པ་དང༌།"
1740640,1745220,4580,"གཞན་ཕ་རོལ་པོས་དེ་ལ་བར་གཅོད་རྩོམ་ནའང་དེས་དབང་དུ་མི་བརྫི་བ་དང༌།"
1745220,1749733,4513,"རྐྱེན་བཟང་ངན་གང་གི་སྒོ་ནས་བློ་འགྱུར་ཏེ་དམ་པའི་ཆོས་ལས་འཕྲོག་པ་མེད་པ།"
1749733,1754338,4605,"སུ་དང་འགྲོགས་ནའང་ཕྱི་ཐག་རྒྱུན་རིང་པོའི་སྒོ་ནས་"
1754338,1758146,3808,"ལོ་དང་ཟླ་བ་དེ་བཞིན་དུ་ཇེ་ངན་ཇེ་སྡུག་ཏུ་མི་འགྲོ་བ་དང༌།"
1758146,1762710,4564,"བླ་མ་དང་དཀོན་མཆོག་ལ་དད་པ་དང་གུས་པ་བྱས་ནས་ངོ་ལྐོག་གཏན་ནས་མེད་པ་དང༌།"
1762710,1768646,5936,"ཐོས་བསམ་སྒོམ་གསུམ་གྱི་བློ་གྲོས་བཟང་པོས་གཏན་གྱི་འདུན་མ་དམ་པའི་ཆོས་ཀྱི་གྲོས་འདུན་ཆེ་ཞིང་"
1768646,1771233,2587,"གདུལ་བྱ་འདུལ་བའི་ཐབས་ལ་མཁས་པ།"
1771233,1774826,3593,"གཞན་ཕ་རོལ་པོའི་སྐྱོན་མཐོང་ནའང་དེའི་ཆེད་དུ་དར་འཕྱར་འཕྱར།"
1774826,1779020,4194,"དུང་འབུད་འབུད་ཆེད་དུ་མི་བརྗོད་པ་རང་གི་སྐྱོན་དང་མཚང་ལ་བལྟ་སྟེ།"
1779020,1782386,3366,"དེ་ཐམས་ཅད་གཏན་ནས་མེད་པའི་གཉེན་པོའི་ཐབས་"
1782386,1785326,2940,"རྒྱུད་ལ་བསྟེན་པར་བྱེད་པ་དེ་འདྲ་བའི་སྐྱེས་བུ་མཆོག་འདི་ནི་"
1785326,1789621,4295,"བྱང་ཆུབ་གོ་འཕང་གཏན་གྱི་གྲོགས་སུ་འཚོལ་བར་བྱེད་པ་ཡིན།"
1789621,1793432,3811,"(98) ཆོས་བྱེད་རྣམས་ཀྱི་ཕྲག་དོག་སྐྱོན་དྲུག་ནི། །གཞན་ལས་རྙེད་མང་ལོངས་སྤྱོད་འབྱོར་འདོད་དང༌། །"
1793432,1797206,3774,"འཁོར་མང་བུ་སློབ་རྒྱས་པར་འདོད་པ་དང༌། །བསོད་ནམས་ཅི་ཆེ་འདུ་བ་མང་འདོད་དང༌། །"
1797206,1805573,8367,"སྙན་གྲགས་བ་དན་རྒྱལ་ཁམས་ཁྱབ་འདོད་དང༌། །ཀུན་ལས་རབ་འཕགས་ཆེ་ཁྱད་འདོད་པ་དང༌། །"
1805573,1809674,4101,"རང་ལས་གཞན་མིན་གཅིག་ཀྱང་མི་འདོད་པ། །འདི་དག་འདོད་ལྷའི་མེ་ཏོག་མདའ་ཡིས་བཅོམ། །"
1809674,1819171,9497,"ཆོས་བྱེད་པ་རྣམས་ལ་ཆོས་ཀྱི་སྐྱོན་དུ་གྱུར་པའི་ཕྲག་དོག་གི་སྐྱོན་གང་རེད་ཟེར་ན།"
1819171,1825404,6233,"ཕ་རོལ་པོ་གཞན་རང་དང་མཉམ་པ་ཞིག་ཡོད་ན་དེ་བས་རང་རྙེད་པ་མང་པོ་ཞིག་ཐོབ་འདོད་དང༌།"
1825404,1829732,4328,"ལོངས་སྤྱོད་ཀྱིས་ཕ་རོལ་པོ་དེ་ཟིལ་གྱིས་གནོན་ཐུབ་པ་འདོད་པ་ཡོད་པ་དང༌།"
1829732,1835153,5421,"འཁོར་ག་ཚོད་ཡིན་ན་མང་དགོས་པ་དེ་གཞན་ཕན་བསམ་པ་བྱང་ཆུབ་ཀྱི་སེམས་མེད་པའི་སྒོ་ནས་"
1835153,1837786,2633,"བུ་དང་སློབ་མ་མང་པོ་རྒྱས་པར་འདོད་པ།"
1837786,1841639,3853,"དེའི་ཐད་ལ་ཐོབ་དང་གོ་ས་མངའ་ཐང་གཟི་བརྗིད་སྙན་གྲགས་ལ་སོགས་པ་"
1841639,1843826,2187,"བསོད་ནམས་ཅི་ཆེ་མང་པོ་ཡོད་པ།"
1843826,1847013,3187,"མི་མང་པོ་དུས་རྟག་ཏུ་འདུ་ན་བསམ་པ་ཡོད་པ་དང༌།"
1847013,1850013,3000,"དེ་ནས་རང་གི་སྙན་གྲགས་ཀྱིས་རྒྱལ་ཁམས་ཁྱབ་དགོས་རེད་བསམ་"
1850013,1856520,6507,"སྙན་གྲགས་ཁོ་ན་སྒྲུབ་པ་དང༌། མི་སུ་ལ་ཡང་མ་མཐུན་པའི་ཀུན་ལས་ཁྱད་པར་དུ་འཕགས་པ་དགོས་བསམ་"
1856520,1860773,4253,"ཀུན་ལས་རབ་ཏུ་འཕགས་པའི་ཆེ་བའི་ཡོན་ཏན་འདོད་པ།"
1860773,1865444,4671,"རང་ལས་གཞན་མིན་པ་གཅིག་ཀྱང་གོང་དུ་ཤོར་མི་ཉན་པ་ལྟ་བུ་འདོད་པ་འདི་དག་ནི།"
1865444,1870133,4689,"འདོད་པའི་ལྷའི་བདུད་དགའ་རབ་དབང་ཕྱུག་གི་མེ་ཏོག་གི་མདའི་དབང་དུ་བསྒྱུར་པ་ཡིན་པས་ན།"
1870133,1874085,3952,"དམ་པའི་ཆོས་ལས་རྒྱང་རིང་དུ་འགྲོ་བ་ཡིན།"
1874085,1878953,4868,"(99)  དེ་ལ་རྟགས་དྲུག་འཆར་བའི་མྱུ་གུ་ནི། །བསོད་ནམས་འདུ་འཛི་ཅན་ལ་ཡིད་སྨོན་འདིང༌། །"
1878953,1883180,4227,"ཆོས་མཛད་གོང་མ་རྣམས་ལ་ངན་སྐྱོན་བརྗོད། །གཞན་གྱི་ཕུན་ཚོགས་མཐོང་ལ་ཁོང་ཁྲོ་འཁྲུག །"
1883180,1887181,4001,"བྱམས་སེམས་གཞན་དོན་ཅན་ལ་ཟུར་ཟ་གཏོང༌། །སྒོམ་སྒྲུབ་དངོས་གྲུབ་ཅན་ལ་གཤེ་སྐུར་འདེབས། །"
1887181,1893100,5919,"མ་རིག་ལོག་པར་ལྟ་བའི་ཁ་འཛིན་བྱེད། །"
1893100,1899846,6746,"ཅེས་པ་སྟེ། གོང་དུ་བཤད་པ་དེ་ལྟ་བུ་བར་ཆད་བདུད་ཀྱི་དབང་དུ་འགྲོ་བའི་རྟགས་དྲུག་གང་རེད་ཟེར་ན།"
1899846,1906454,6608,"མི་མང་པོ་འཁོར་དུ་འདུ་བ་དང་བྱ་བྱེད་མང་པོ་ལས་ཀ་ཡོད་པ་དེ་ལྟ་བུ་ཞིག་"
1906454,1911277,4823,"ང་རེད་ན་ཨ་རེ་ཆེ་བསམ་བློ་མ་གཏོགས། ཆོས་རྒྱུད་ལ་སྦྱོར་བ་ལ་རེ་བ་མེད་པ་དང༌།"
1911277,1915233,3956,"ཆོས་མཛད་གོང་མ་ཐམས་ཅད་མཁས་པ་གྲུབ་པ་བཟང་པོ་བཙུན་པ་ཡོད།"
1915233,1919673,4440,"དེ་ཐམས་ཅད་རང་གི་མགོ་ལས་ཤོར་དོགས་ཀྱི་སྒོ་ནས་དེ་ལ་སྐྱོན་མང་པོ་བརྗོད་དེ་"
1919673,1926033,6360,"དུས་རྟག་ཏུ་སྐུར་བ་འདེབས་པ་དང༌། རང་ལས་གཞན་དུ་གྱུར་པ་ཐམས་ཅད་ནོར་ལོངས་སྤྱོད་ཆེ་བ།"
1926033,1930268,4235,"ཐོབ་གོ་ས་མཐོ་བ། སྙན་པ་གྲགས་པ་ཡོད་ན་དེས་སེམས་གཏན་ནས་མི་དགའ་སྟེ་"
1930268,1937906,7638,"ཁོང་ཁྲོ་འཁྲུག་པར་འགྱུར་བ་དང༌། བྱམས་སྙིང་རྗེའི་སྒོ་ནས་གཞན་སེམས་ཅན་གྱི་དོན་མཛད་པའི་གང་ཟག་ཐམས་ཅད་ལ་"
1937906,1941561,3655,"ཟུར་ཟ་གཏོང་སྟེ་དེ་ལ་སྐྱོན་མང་པོ་བྱེད་པ་དང༌།"
1941561,1945527,3966,"སྒོམ་དང་སྒྲུབ་པའི་སྒོ་ནས་མཆོག་དང་ཐུན་མོང་གི་དངོས་གྲུབ་ཐོབ་སོང་བ་ཡིན་ན་"
1945527,1949093,3566,"དེ་ལ་ཟོག་པོ་རེད། གཅིག་རེད། གཉིས་རེད། དབང་སྡུད་སྒྲུབ་མཁན་རེད།"
1949093,1952900,3807,"གཤེ་སྐུར་མང་པོ་འདེབས་པ་དང༌། མ་རིག་ལོག་པར་ལྟ་བ་"
1952900,1958666,5766,"ལྟ་བ་ངན་པའི་ཁ་འཛིན་བྱེད་དེ་ལྟ་བ་ངན་པའི་རྗེས་སུ་སྤོབས་པར་འགྱུར་བ་ཡིན་པས་དེ་སྤོངས།"
1958666,1963160,4494,"(100)  དེ་འདྲའི་སྐལ་ངན་བསྟེན་པའི་སྐྱོན་དྲུག་ནི། །མཐོང་བ་ཙམ་གྱིས་ངེས་འབྱུང་དད་པ་འགྲིབ། །"
1963168,1967336,4168,"ཐོས་པ་ཙམ་གྱིས་ཐར་པའི་ལམ་དང་རིང༌། །དྲན་པ་ཙམ་གྱིས་འཁོར་བའི་ས་བོན་འདེབས། །"
1967336,1971092,3756,"རེག་པ་ཙམ་གྱིས་བྱིན་རླབས་དངོས་གྲུབ་ཡལ། །གཏམ་འདྲེས་ཙམ་གྱིས་དག་སྣང་མོས་གུས་འགྲིབ། །"
1971092,1975185,4093,"ཆོས་ཀྱིས་འབྲེལ་ཚད་བདུད་ཀྱིས་བྱིན་བརླབས་པ། །ཤི་བའི་འོག་ཏུ་མནར་མེད་གནས་སུ་འགྲོ། །"
1975185,1977307,2122,"དེ་བས་དེ་འདྲའི་སྐལ་ངན་སྤང་བར་གྱིས། །"
1977307,1982978,5671,"གོང་དུ་བཤད་པ་མི་གཞི་ངན་པའི་སྐྱོན་ལ་སོགས་པ་"
1982978,1990886,7908,"དེ་འདྲ་བའི་གྲོགས་པོ་བསྟེན་ན་སྐྱོན་དྲུག་ཡོད་པ་ཡིན། གང་རེད་ཟེར་ན།"
1990886,1994979,4093,"དེ་དག་ཐམས་ཅད་མཐོང་བ་དང་ཁམས་གསུམ་འཁོར་བ་ལ་ངེས་འབྱུང་"
1994979,1998831,3852,"ཡིད་ཆེས་ཀྱི་དད་པ་མ་འགྲིབ་སྟེ་ཆུང་དུ་འགྲོ་བ་ཡིན་ལ།"
1998831,2002151,3320,"དེ་མི་དེའི་བྱ་བ་སྤྱོད་པ་ཐམས་ཅད་ཐོས་པ་ཙམ་"
2002151,2006003,3852,"དེའི་རྗེས་སུ་སོང་ནས་ཐར་པའི་ལམ་དང་ཐག་རིང་པོ་བྱེད་པ།"
2006003,2009243,3240,"འདི་དེ་འདྲ་བྱེད་ཀྱི་འདུག་བསམ་སྟེ་སེམས་ལ་དྲན་ནས་"
2009243,2013728,4485,"རང་གིས་ཀྱང་དེ་ལྟ་བུ་བྱེད་ན་ཁམས་གསུམ་འཁོར་བ་མཐའ་མེད་དུ་འཁྱམ་རྒྱུ་རེད་དུས་"
2013728,2018178,4450,"ས་བོན་འདེབས་པ་ཡིན། དེ་དང་ལྷན་ཅིག་ཏུ་དགའ་བ་དང་རེག་པ་ཙམ་གྱིས་"
2018178,2021417,3239,"བྱིན་རླབས་དང་དངོས་གྲུབ་ཐམས་ཅད་འཇའ་ཡལ་བ་ལྟར་དུ་འགྲོ།"
2021417,2025575,4158,"དེ་ཡིས་ནང་ཕན་ཚུན་སྐད་ཆ་མང་པོ་བཤད་གཏམ་ཁ་བྱེད་ན་"
2025575,2029511,3936,"དག་སྣང་དང་མོས་གུས་རང་ཤུགས་ཀྱིས་འགྲིབ་པ་དང༌།"
2029511,2033920,4409,"ཆོས་ཞུས་ཏེ་དེ་ལ་འབྲེལ་བ་ཐོབ་སོང་ན་ཁོ་རང་གི་སྤྱོད་ངན་འདི་རང་ལ་གོས་"
2033920,2039478,5558,"བདུད་ཀྱིས་བྱིན་གྱིས་བརླབས་ཏེ་ངན་སོང་དུ་འགྲོ་བར་འགྱུར་བ་ཤི་བའི་འོག་ཏུ་མནར་མེད་ཀྱི་གནས་སུ་འགྲོ་བས་ན།"
2039478,2045321,5843,"དེ་འདྲ་བའི་སྐལ་བ་ངན་པའི་གྲོགས་པོ་རང་གི་སྤྱོད་པ་འདི་གཞན་གྲོགས་པོ་བསྟེན་པ་སྤོང་བར་གྱིས་ཤིག །"
2045321,2049157,3836,"(101)  ངན་པའི་རྟགས་དྲུག་རང་བཞིན་བསྟན་པ་ནི། །ཆོས་ལ་ལྟ་ཅི་ཐ་མལ་བས་ཀྱང་དམན། །"
2049157,2054681,5524,"བསྟན་ཞུགས་ལྟ་ཅི་མ་རབས་བས་ཀྱང་དམན། །ཐེག་ཆེན་ལྟ་ཅི་མུ་སྟེགས་བྱེད་ལས་དམན། །"
2054681,2058525,3844,"གསང་སྔགས་ལྟ་ཅི་ལོག་སྲེད་ཅན་ལས་དམན། །ཉམས་ལེན་ལྟ་ཅི་སྡིག་ཅན་རྣམས་ལས་དམན། །"
2058525,2062878,4353,"ལྟ་སྒོམ་ལྟ་ཅི་ཆོས་དང་གནམ་ས་བཞིན། །བསྟན་པའི་ཆོམ་རྐུན་ཆོས་ལྟར་བཅོས་པ་སྟེ། །"
2062878,2068128,5250,"དད་ལྡན་ལོག་ལམ་ངན་འགྲོར་ཁྲིད་པས་སྤང༌། །"
2068128,2072222,4094,"དེ་ལྟ་བུའི་གང་ཟག་སྐལ་བ་ངན་པ་དང་འགྲོགས་ན་"
2072222,2075389,3167,"ངན་པའི་རྟགས་དྲུག་རང་ལ་འཆར་བ་ཡིན། གང་རེད་ཟེར་ན།"
2075389,2080284,4895,"དམ་པའི་ཆོས་དང་མཐུན་པ་ལྟ་ཅི་སྟེ། ཆོས་ཆོས་བཞིན་དུ་མ་སྤྱད་ན།"
2080284,2083275,2991,"ཆོས་དྲེད་གོ་བས་ཁྱེར་བའི་འཁོར་མ་བསྟེན། །ཟེར་མཁན་འདི་རེད་དུས།"
2083275,2087567,4292,"འཇིག་རྟེན་ཐ་མལ་པ་ཁྱིམ་པ་བས་ཀྱང་དམན་ཏེ་རྒྱུད་ཚོད་ཆོས་ལས་རིང་པ་ཡིན།"
2087567,2090485,2918,"སངས་རྒྱས་ཀྱི་བསྟན་པའི་སྒོར་ཞུགས་པ་ལྟ་ཅི་སྟེ་"
2090485,2094185,3700,"མ་རབས་ཏེ་སྡིག་པ་མི་དགེ་བ་སྤྱོད་པ་གདོལ་པ་དང་སྨད་ཚོང༌།"
2094185,2096886,2701,"བཤན་པ་ལ་སོགས་པ་ནས་ཀྱང་དམན་པ་ཡིན།"
2096886,2099921,3035,"ཐེག་པ་ཆེན་པོ་དང་ཐག་རིང་པོ་ལྟ་སྨོས་ཅི་དགོས།"
2099921,2104095,4174,"ཕྱི་རོལ་མུ་སྟེགས་རྣམས་ཀྱང་སྲོག་གཅོད་སྤོང་བ་དང༌། ཚུལ་ཁྲིམས་སྲུང་བ་ལ་སོགས་པ་"
2104095,2107235,3140,"ཡོད་རྒྱུ་རེད་དུས་དེ་ལས་ཀྱང་དམན་པ་རུ་འགྱུར་བ་ཡིན།"
2107235,2110267,3032,"གསང་སྔགས་རྡོ་རྗེ་ཐེག་པའི་སྒོ་རུ་ཞུགས་པ་ལྟ་ཅི་"
2110267,2115007,4740,"འཇིག་རྟེན་ཚེ་འདིའི་ཆགས་སྡང་རྨོངས་གསུམ་གྱི་ལོག་སྲེད་ཅན་ལས་ཀྱང་དམན་པ་ཡིན།"
2115007,2119864,4857,"ཆོས་ཉམས་ལེན་བྱས་པ་ལྟ་ཅི་དུས་རྒྱུན་དུ་སྲོག་གཅོད་བྱེད་པའི་རྔོན་པ་དང༌།"
2119864,2122289,2425,"རྒྱ་བོ་སྡིག་རྒན་རྣམས་ལས་ཀྱང་དམན་པ་ཡིན།"
2122289,2126530,4241,"ལྟ་སྒོམ་སྤྱོད་པའི་ཉམས་ལེན་ལྟ་ཅི་དམ་པའི་ཆོས་དང་གནམ་ས་བཞིན་དུ་"
2126530,2130502,3972,"རིང་བར་འགྱུར་བ་ཡིན་པས་དེ་ཐམས་ཅད་ནི་སངས་རྒྱས་བསྟན་པའི་ཆོམ་རྐུན་ཡིན།"
2130502,2134831,4329,"ལྟར་སྣང་ཆོས་ལྟར་དུ་བཅོས་ནའང་དོན་དུ་ཆོས་ལས་ལོག་པར་གྱུར་པ་ཡིན་པས་"
2134831,2139143,4312,"དད་པ་དང་ལྡན་པའི་གང་ཟག་ཐམས་ཅད་དེ་ལྟ་བུའི་རྗེས་སུ་སོང་ན།"
2139143,2142971,3828,"ལམ་ངན་པ་དང་ཁྲིད་པ་ཡིན་པས་ན་སྤང་བར་བྱ་བ་ཡིན། 2142.707982"
2142971,2146710,3739,"(102)  ཡ་བྲལ་དྲུག་གིས་མི་འགྲུབ་བསྟན་པ་ནི། །སེམས་བསྐྱེད་ཡོད་ཀྱང་སྨོན་ལམ་མ་བཏབ་ན། །"
2146710,2150800,4090,"གཟུགས་སྐུའི་སྒྲིབ་སྦྱོང་ས་བོན་ཐེབས་མི་འགྱུར། །སྙིང་རྗེ་ཡོད་ཀྱང་རང་འདོད་མ་ཟད་ན། །"
2150800,2154455,3655,"ཐེག་ཆེན་གཞན་དོན་སྤྱོད་པའི་གྲལ་མི་ཚུད། །མཐུན་འཇུག་བྱས་ཀྱང་དུས་ལ་མ་བབས་ན། །"
2154455,2158600,4145,"གཞན་དོན་མི་འགྲུབ་སླར་ལ་འཕྱར་ཀའི་རྒྱུ། །རི་ཁྲོད་བསྟེན་ཀྱང་བློ་སྣ་མ་ལོག་ན། །"
2158600,2162366,3766,"ཆགས་སྡང་མཐུན་འཇུག་འཁྲི་བ་ཆོད་པར་དཀའ། །དད་གུས་མེད་པའི་གསོལ་བ་སྟོང་བཏབ་ཀྱང༌། །"
2162366,2166611,4245,"བྱིན་རླབས་རང་བཞིན་ཆར་ཐིགས་གཅིག་མི་འབབ། །མཁྱེན་པ་ཆེ་ཡང་སྤྲོས་ལས་མ་གྲོལ་ན། །"
2166611,2170878,4267,"འཁོར་འདས་མི་ཕྱེད་གྲུབ་མཐའི་གཟེབ་ཏུ་བཅིངས། །དེ་ཕྱིར་མན་ངག་ཟུང་དུ་འབྲེལ་བ་གཅེས། །"
2170878,2177817,6939,"ཞེས་པ། དེ་ཐབས་ཤེས་ཡ་བྲལ་སོང་ན་དམ་པའི་ཆོས་ཀྱི་འབྲས་བུ་ཚུལ་བཞིན་དུ་རྒྱུད་ལ་འགྲུབ་ཀྱི་མ་རེད།"
2177817,2182211,4394,"གང་རེད་ཟེར་ན། ཁ་ནས་བྱང་ཆུབ་མཆོག་ཏུ་སེམས་བསྐྱེད་པ་མང་པོ་ཞིག་བརྗོད་ནའང༌།"
2182211,2187077,4866,"སེམས་མཆོག་བསྐྱེད་པ་མི་གཙོ་སྐྱེས་པ་གཙོ། །"
2187077,2191078,4001,"གསུངས་རྒྱུ་རེད་དུས། གཞན་སེམས་ཅན་གྱི་དོན་རྒྱ་ཆེན་པོ་འགྲུབ་པའི་བཟང་པོ་སྤྱོད་པ་ལྟ་བུ་"
2191078,2193357,2279,"སྨོན་ལམ་ཡང་ནས་ཡང་དུ་མ་བཏབ་ནས་བཟུང༌།"
2193357,2197439,4082,"སངས་རྒྱས་གཟུགས་ཀྱི་སྐུའི་ཡོན་ཏན་འཐོབ་པའི་སྒྲིབ་པ་སྦྱོང་བྱེད་དང་"
2197439,2201487,4048,"ས་བོན་ཐེབས་པར་མི་འགྱུར། སྙིང་རྗེ་ཡོད་ཀྱང་བདག་གཅེས་འཛིན་གྱི་འཁྲི་བ་འདི་"
2201487,2206050,4563,"གཏན་ནས་མ་ཟད་ན་ནི་ཐེག་པ་ཆེན་པོ་གཞན་དོན་གྲུབ་པའི་གྲལ་དུ་མི་ཚུད།"
2206050,2208949,2899,"འཇིག་རྟེན་དང་མཐུན་འཇུག་བྱས་ཏེ་ཐབས་ག་ཚད་མང་ན་ཡང་"
2208949,2211415,2466,"འགྲོ་དོན་དུས་ལ་མ་བབས་ན་གཞན་དོན་མི་འགྲུབ་སྟེ།"
2211415,2215537,4122,"དེའི་ཐབས་མཁས་བྱིས་པ་འདྲ་ཟེར་མཁན་འདི་སླར་ལ་འཕྱར་ཀའི་རྒྱུ་རུ་འགྲོ་བ་ཡིན།"
2215537,2220147,4610,"རི་ཁྲོད་ཡུན་རིང་པོ་བསྟེན་ཀྱང་ཚེ་འདིའི་བྱ་བ་དང་འཁོར་བ་ལ་བློ་སྣ་མ་ལོག་ན།"
2220147,2223955,3808,"རི་ཁྲོད་དབེན་པ་བསྡད་བཞིན་ཁྱིམ་ཆུང་སྤོངས་བའི་ཁྱིམ་ཆེན་ཟེར་བ་ལྟ་བུ་"
2223955,2228232,4277,"ཆགས་སྡང་གི་མཐུན་འཇུག་གི་འཁྲི་བ་དུས་རྟག་ཏུ་ཆོད་པར་དཀའ་བ་ཡིན།"
2228232,2231911,3679,"དད་གུས་མེད་པའི་སྒོ་ནས་ཁ་ནས་གསོལ་བ་བཏབ་པ་"
2231911,2236765,4854,"གྲངས་ཀྱི་བསྙེན་པ་གང་ཞིག་བྱས་ནའང་བླ་མའི་བྱིན་རླབས་རང་བཞིན་"
2236765,2239833,3068,"རྒྱུད་ལ་ཆར་ཐིགས་པ་ཙམ་ཡང་མི་འབབ་པ་ཡིན།"
2239833,2244878,5045,"མདོ་སྔགས་ཀྱི་མཁྱེན་པ་རྒྱ་ཆེ་ཡང་སྤྲོས་པ་བྲལ་བའི་ཆོས་ཉིད་ཀྱི་དོན་ལ་མ་རྟོགས་ན།"
2244878,2248083,3205,"འཁོར་བ་སྤང་བྱ་དང་མྱ་ངན་འདས་པ་འཐོབ་བྱ་མི་ནུས་ཏེ།"
2248083,2252042,3959,"རང་གི་བློས་བཏགས་པའི་གྲུབ་མཐའ་ངན་པའི་གཟེབ་ཏུ་འགྱུར་བ་ཡིན་པས།"
2252042,2256933,4891,"དེའི་ཕྱིར་ན་མན་ངག་ཐམས་ཅད་ཐབས་ཤེས་ཟུང་དུ་འབྲེལ་བ་ཤིན་ཏུ་གཅེས་པ་ཡིན།"
2256933,2261610,4677,"(103)  ཆོས་བྱེད་རྣམས་ཀྱི་དགོས་པ་རྣམ་དྲུག་ནི། །འཁོར་བས་སྐྲག་པས་གཤེད་མས་དེད་འདྲ་དང༌། །"
2261610,2265428,3818,"དགེ་སྦྱོར་བརྩོན་པས་སོ་ནམ་བྱེད་འདྲ་དང༌། །གཉེན་པོར་འགྲོ་བ་ནད་པ་སྨན་བཞིན་དང༌། །"
2265428,2269566,4138,"གཞན་ཕན་ལྷུར་ལེན་བུ་ཆུང་སྐྱོང་འདྲ་དང༌། །རང་རྒྱུད་འདུལ་མཁས་ཀོ་བ་ཉེད་འདྲ་དང༌། །"
2269566,2273905,4339,"ངར་འཛིན་དགྲ་གསོད་མི་ཤ་འདོན་འདྲ་སྟེ། །འདི་རྣམས་དགོས་པ་རྟག་ཏུ་རྒྱུད་ལ་བསྟེན། །"
2273905,2279855,5950,"ཞེས་པ་ཆོས་བྱེད་པའི་གང་ཟག་རྣམས་ཀྱི་རྒྱུད་ལ་དུས་རྟག་ཏུ་ཡོད་དགོས་པའི་དགོས་པ་དྲུག་ཡོད།"
2279855,2283343,3488,"གང་རེད་ཟེར་ན། ཁམས་གསུམ་འཁོར་བའི་སྡུག་བསྔལ་འདི་ལ་སྐྲག་ཚར་ནས་"
2283343,2288461,5118,"དཔེར་ན་བཙོན་པ་ཞིག་བཙོན་ཁང་ནས་ཐར་འོང་ན་དེ་གཤེད་མ་ཡིས་རྗེས་སུ་ཟིན་འདེད་འོང་བསམ་སྟེ།"
2288461,2292189,3728,"ཐག་རིང་པོ་ཞིག་ལ་མ་སླེབས་བར་བག་ཕེབས་བསྡད་འདོད་ཡོད་རྒྱུ་མ་རེད་དུས།"
2292189,2295743,3554,"དེ་ལྟ་བུ་ཁམས་གསུམ་འཁོར་བ་ལ་དུས་རྟག་ཏུ་དགྲ་རུ་ལྟ་བ་དང༌།"
2295743,2300105,4362,"དེ་ནས་ཞིང་པ་རྣམས་ཀྱིས་སོ་ནམ་བྱས་ན་དཀའ་ཚེགས་ངལ་དུབ་ག་ཚོད་བྱས་ན་"
2300105,2304255,4150,"སོ་ནམ་ལེགས་པར་ཞིག་མ་གྲུབ་བར་དུ་བརྩོན་འགྲུས་འདི་བློས་བཏང་གི་མ་རེད།"
2304255,2307861,3606,"དེ་བཞིན་དུ་དགེ་སྦྱོར་བརྩོན་ཏེ་ཉམས་དང་རྟོགས་པ་མ་སྐྱེས་ཀྱི་བར་དུ་"
2307861,2314000,6139,"བརྩོན་འགྲུས་མི་ལྷོད་པ་དགོས་པ་དང༌། ཉོན་མོངས་པ་དང་འཁྲུལ་སྣང་ཐམས་ཅད་ཀྱི་གཉེན་པོ་འགྲོ་བ་"
2314000,2316668,2668,"སྨན་པ་མཁས་པ་ཞིག་ནད་པ་ལ་ཕན་བྱུང་ན།"
2316668,2321255,4587,"རླུང་མཁྲིས་བད་ཀན་གང་ཡོད་ན་དེའི་གཉེན་པོ་དེ་དུས་རྟག་ཏུ་ཡང་ནས་ཡང་དུ་བསྟེན།"
2321255,2324879,3624,"གཏར་བསྲེག་ལ་སོགས་བྱེད་རྒྱུ་རེད་དུས་དཔེ་དེ་བཞིན་དུ་ཤེས་པ་དང༌།"
2324879,2330383,5504,"གཞན་སེམས་ཅན་གྱི་དོན་དུ་དུས་རྟག་ཏུ་བྱམས་པ་འབའ་ཞིག་ལྷུར་ལེན་པ་འདི།"
2330383,2334372,3989,"ཕ་མ་ཡིས་བུ་ཆུང་སྐྱོང་བ་ན་བུ་ཆུང་གིས་ལོག་སྒྲུབ་ཐམས་ཅད་བཟོད།"
2334372,2338173,3801,"རང་གི་སྡུག་བསྔལ་ཐམས་ཅད་དང་དུ་ལེན་བུ་ཆུང་སྐྱོང་རྒྱུ་རེད་དུས།"
2338173,2342926,4753,"དཔེ་དེ་ལྟ་བུ་བྱེད་པ་དང༌། རང་གི་རྒྱུད་འདི་ཡང་ནས་ཡང་དུ་འདུལ་ཏེ་"
2342926,2348633,5707,"དྲན་ཤེས་བག་ཡོད་ཀྱིས་འདུལ་བར་བྱེད་པ་སྟེ། དཔེར་ན་ཀོ་བ་ཉེད་མཁས་པས་ཀོ་བ་འདི་དང་པོ་རློན་པ་བྱས།"
2348633,2351295,2662,"མཉེ་བསྐུ་མང་པོ་བརྫིས་འཕུར་དེ་འདྲ་བྱས།"
2351295,2355622,4327,"ཀོ་བ་གྱོང་པོ་དེའང་མཉེན་པོ་འགྲོ་བ་རེད་དུས་དེ་ལྟ་བུ་འགྱུར་བ་དང༌།"
2355622,2359267,3645,"ཁམས་གསུམ་འཁོར་བ་འཁྱམ་བྱེད་ཀྱི་རྩ་བ་གང་རེད་ཟེར་ན་ངར་འཛིན་རེད།"
2359267,2364694,5427,"ངར་འཛིན་འདི་དགྲ་རུ་བལྟ་སྟེ། དཔེར་ན་དགྲ་རང་གི་སེམས་ལ་བརྣག་པ་ཞིག་གསད་དགོས་ན།"
2364694,2369872,5178,"ཡང་ནས་ཡང་དུ་ཐབས་གང་དྲག་ཅིག་གི་སྒོ་ནས་དགྲ་བོ་འདིའི་སྙིང་ཟོས་བཞག་ནའང་"
2369872,2373672,3800,"མི་ཚིམས་པའི་སྒོ་ནས་དགྲ་བོ་ཆམ་ལ་ཕབ་ཐུབ་ཐབས་བྱེད་རྒྱུ་རེད།"
2373672,2379150,5478,"དེ་རྣམས་དགོས་པ་ཡིན་པས་དུས་རྟག་ཏུ་རྒྱུད་ལ་བསྟེན་པར་བྱ་དགོས་པ་ཡིན།"
2379150,2384352,5202,"(104) མཐར་ཐུག་དྲུག་གིས་རང་རྒྱུད་གདུལ་བ་ནི། །བཙོན་བུའི་མཐར་ཐུག་ཡུལ་ལ་ཆགས་ཞེན་སྤངས། །"
2384352,2390511,6159,"སོ་ནམ་མཐར་ཐུག་དགེ་ལ་བརྩོན་པ་བསྟེན། །གཏན་ཡུལ་མཐར་ཐུག་གནས་ལུགས་ས་འཛིན་མཛོད། །"
2390511,2396582,6071,"སྲུང་བའི་མཐར་ཐུག་ངར་འཛིན་གཅེས་འཛིན་བོར། །དགྲ་ཡི་མཐར་ཐུག་དུག་ལྔ་རང་རྒྱུད་ཐུལ། །"
2396582,2400889,4307,"ཉམས་ལེན་མཐར་ཐུག་དྲན་པ་ཡེང་མེད་སྐྱོངས། །འདི་དང་ལྡན་ན་དགོས་འདོད་ཡིད་བཞིན་འགྲུབ། །"
2400889,2409750,8861,"ཅེས་པ་སྟེ། ཆོས་བྱེད་པ་ནི་མཐར་ཐུག་རྣམ་པ་དྲུག་དང་ལྡན་ན་ཆོས་མཐར་ཕྱིན་རྒྱུ་རེད།"
2409750,2415794,6044,"གང་རེད་ཟེར་ན། ངེས་འབྱུང་སྐྱོ་ཤས་མཐར་ཐུག་པ་དེ་རང་གི་ཕ་ཡུལ་ལ་གཉེན་ལ་ཆགས་པ་དང་"
2415794,2418878,3084,"ཞེན་པ་སྤང་ན་གཡེང་བ་དང་འདུ་འཛི་འབྲལ་འགྲོ་རྒྱུ་རེད།"
2418878,2424219,5341,"སོ་ནམ་གྱི་མཐར་ཐུག་དེ་གང་རེད་ཟེར་ན། ཞིང་པ་རྣམས་སོ་ནམ་བྱས་ན་འཕྲལ་གྱི་ལྟོ་གོས་ཙམ་མ་གཏོགས་"
2424219,2428182,3963,"ཡོད་རྒྱུ་མ་རེད་དུས། དུས་རྟག་ཏུ་དགེ་བ་ལ་བརྩོན་འགྲུས་རྩེ་གཅིག་ཏུ་བྱེད་པ་དང༌།"
2428182,2431684,3502,"ཁྱིམ་པ་རྣམས་ཀྱིས་གཏན་གྱི་ཡུལ་བཟུང་བ་ལྟ་བུ་ཡང་"
2431684,2436075,4391,"ཆོས་ཉིད་ཀྱི་གནས་ལུགས་ཀྱི་རང་བཞིན་དེ་ས་འཛིན་སོང་ན།"
2436075,2439984,3909,"གཏན་གྱི་ཡུལ་འཁོར་བ་ཕྱིར་ལྡོག་རྒྱུ་མ་རེད་དུས་ས་འཛིན་འབད་པ་དང༌།"
2439984,2443659,3675,"སྲུང་བའི་མཐར་ཐུག་ངར་འཛིན་གཅེས་འཛིན་འདི་བོར་བ་མ་གཏོགས།"
2443659,2446228,2569,"སྲུང་འཁོར་དུ་སྒོམ་པ་ལ་སོགས་པས་སྲུང་བ་"
2446228,2448857,2629,"གནས་སྐབས་ནད་གདོན་མ་གཏོགས་མཐར་ཐུག་བསྲུང་མི་ཐུབ་པས་ན།"
2448857,2450960,2103,"བདག་གཅེས་འཛིན་གྱི་ངར་འཛིན་བོར་བ་དང༌།"
2450960,2453968,3008,"དགྲའི་མཐར་ཐུག་པ་དེ་ཉོན་མོངས་པ་དུག་ལྔ་རེད་དུས་"
2453968,2458635,4667,"དེ་བཏུལ་སོང་ན་ཕྱི་རོལ་གྱི་དགྲ་བོ་གཏན་ནས་བཏུལ་དགོས་རྒྱུ་མ་རེད་དུས།"
2458635,2460850,2215,"དེ་ཕྱིར་ན་དུག་ལྔ་རང་རྒྱུད་པ་འདུལ་བ་དང༌།"
2460850,2465299,4449,"ཉམས་ལེན་གྱི་མཐར་ཐུག་དེ་དྲན་པ་ཤེས་བཞིན་གཉིས་དུས་རྟག་ཏུ་ཡེང་པ་མེད་པ་འབྱུང་ན་"
2465299,2467969,2670,"དེའི་ངང་ནས་གྲོལ་བ་འཐོབ་འགྲོ་རྒྱུ་རེད་དུས།"
2467969,2471073,3104,"དེ་མཐར་ཐུག་དྲུག་པོ་དང་ལྡན་ན་གནས་སྐབས་ཕན་པ་དང༌།"
2471073,2476231,5158,"མཐར་ཐུག་བདེ་བའི་དགོས་འདོད་ཐམས་ཅད་ཡིད་བཞིན་དུ་འགྲུབ་པར་འགྱུར་བ་ཡིན།"
2476231,2480150,3919,"དེ་ལྟར་བསྟེན་པར་བྱའོ། །"
2480150,2484722,4572,"(105)  ཆོས་བྱེད་རྣམས་ཀྱི་འཆོར་བའི་ཉེན་དྲུག་ནི། །དད་པ་ཡོད་ཀྱང་ཁེ་གྲགས་མ་སྤངས་ན། །"
2484722,2490922,6200,"མཐར་ཐུག་མི་ཆོས་འཆོར་བའི་ཉེན་ཡོད་གཟབ། །དགོན་པ་བསྟེན་ཡང་ཞེ་བཅད་མི་ལྡན་ན། །"
2490922,2496025,5103,"མཐར་ཐུག་ཡེང་བར་འཆོར་བའི་ཉེན་ཡོད་གཟབ། །གྲུབ་རྟགས་ཐོན་ཡང་རློམ་སེམས་མ་སྤངས་ན། །"
2496025,2499889,3864,"མཐར་ཐུག་བདུད་ཀྱིས་འཁྱེར་བའི་ཉེན་ཡོད་གཟབ། །དམ་ཅན་འདུ་ཡང་སྙིང་རྗེ་མི་ལྡན་ན། །"
2499889,2504650,4761,"མཐར་ཐུག་ལས་མཐའ་ལོག་པའི་ཉེན་ཡོད་གཟབ། །དགོངས་པ་མཐོ་ཡང་ཞེན་པ་མ་ལོག་ན། །"
2504650,2508639,3989,"མཐར་ཐུག་དྲེད་པོར་འཆོར་བའི་ཉེན་ཡོད་གཟབ། །འགྲོ་དོན་བརྩོན་ཡང་རང་འདོད་ཁྲིས་ཞུགས་ན། །"
2508639,2512891,4252,"མཐར་ཐུག་ཟོག་པོར་སོང་བའི་ཉེན་ཡོད་གཟབ། །"
2512891,2519497,6606,"ཅེས་གསུངས་པ་སྟེ། དམ་པའི་ཆོས་བྱེད་པ་དེ་ལ་གེགས་དང་གོལ་ས་ལ་འཆོར་བ་སྐྱོན་དྲུག་ཡོད།"
2519497,2523766,4269,"གང་ཡིན་ཟེར་ན། བླ་མ་དཀོན་མཆོག་ལ་དད་པ་ཡོད་ཀྱང་"
2523766,2526726,2960,"འཇིག་རྟེན་གྱི་ཁེ་གྲགས་སྒྲུབ་པ་བློས་བཏང་མ་ཕོད་ནས་"
2526726,2534218,7492,"མཐར་ཐུག་འཇིག་རྟེན་ན་ཐོབ་དང་གོ་ས་སྲིད་ཇུས་མཁས་པ་རུ་འཆོར་བའི་ཉེན་ཡོད་པས་"
2534218,2537994,3776,"དུས་རྟག་ཏུ་གཟབ་དགོས་པ་ཡིན། རི་ཁྲོད་དབེན་པའི་གནས་སུ་"
2537994,2542994,5000,"རྟག་ཏུ་བསྟེན་པར་བྱས་ན་ཡང་ཐུན་བཞི་ལ་སོགས་པའི་དགེ་སྦྱོར་གང་བྱེད་པ་ལ་"
2542994,2546772,3778,"རྣམ་གཡེང་དང་འདུ་འཛི་མེད་པའི་ཞེ་བཅད་དམ་བཅའ་དང་མི་ལྡན་ན།"
2546772,2549936,3164,"མཐར་ཐུག་རི་ཁྲོད་གནས་སུ་ཕག་ཉལ་བ་བཞིན་དུ་"
2549936,2552685,2749,"སྐྱིད་ཉལ་བྱེད་པའི་འཆོར་ཡོད་པས་ན་ཡག་པོ་བྱེད་དགོས།"
2552685,2557668,4983,"ནམ་མཁའ་ནས་འཕུར་བ་དང་རྡོ་ལ་ཞབས་རྗེས་མངོན་ཤེས་ལ་སོགས་པའི་གྲུབ་རྟགས་ཡོད་ཀྱང་"
2557668,2561628,3960,"ཡོན་ཏན་དེ་རྣམས་ལ་རློམ་སེམས་དང་མཆོག་འཛིན་མ་སྤངས་ན།"
2561628,2564507,2879,"མཐར་ཐུག་ཚེ་འདིའི་འདུན་མ་འགྲུབ་པའི་རྐྱེན་དུ་འགྱུར་ཏེ་"
2564507,2568716,4209,"ཟོག་པོ་རུ་འགྱུར་བདུད་ཀྱིས་འཁྱེར་བའི་ཉེན་ཡོད་པས་གཟབ་དགོས་པ་ཡིན།"
2568716,2572347,3631,"དམ་ཅན་ཆོས་སྐྱོང་ཐམས་ཅད་རང་ལ་ལུས་དང་གྲིབ་མ་བཞིན་དུ་འགྲོགས་ཀྱང༌།"
2572347,2576316,3969,"བསྟན་པ་སེམས་ཅན་གྱི་དོན་དུ་སྙིང་རྗེའི་བསམ་པ་དང་མི་ལྡན་ན།"
2576316,2579852,3536,"མཐར་ཐུག་ཆོས་སྐྱོང་རྦད་བསྐུལ་མང་པོ་བྱས་ཏེ་"
2579852,2584670,4818,"དགྲ་བདུད་ཆམ་ལ་ཕབ་པ་ལ་སོགས་ལས་ངན་མང་པོ་གསོག་སྟེ་"
2584670,2587108,2438,"ལས་མཐའ་ལོག་པའི་ཉེན་ཡོད་པས་ན་གཟབ།"
2587108,2590361,3253,"ལྟ་དགོངས་ཀྱི་རྟོགས་པ་མཐོན་པོ་ལ་སླེབས་ཀྱང་"
2590361,2592760,2399,"འཇིག་རྟེན་ཚེ་འདིའི་ཆོས་ལ་ཞེན་པ་དང༌།"
2592760,2595544,2784,"ལྟ་བ་ལ་མཆོག་འཛིན་ལ་སོགས་པ་མ་ལོག་ན།"
2595544,2599867,4323,"མཐར་ཐུག་ཆོས་ཀྱིས་མི་ཐུལ་བའི་དྲེད་པོར་འཆོར་བའི་ཉེན་ཡོད་པས་གཟབ་དགོས་པ་ཡིན།"
2599867,2604505,4638,"འགྲོ་བ་སེམས་ཅན་གྱི་དོན་དུ་དུས་རྟག་ཏུ་བརྩོན་པར་བྱས་ན་ཡང་"
2604505,2606128,1623,"ལྟར་སྣང་འཁོར་སློབ་མང་བ་དང༌།"
2606128,2609311,3183,"ཆོས་སྦྱིན་ལ་སོགས་པ་རྒྱ་ཆེན་པོ་བྱས་ན་ཡང་"
2609311,2613049,3738,"རང་གིས་གཞན་ཕན་གྱི་བསམ་པ་བཟང་པོ་ཞིག་མ་བྱས་པ་"
2613049,2618744,5695,"རང་འདོད་རེད་སོང་ན། མཐར་ཐུག་ནོར་ལ་ལོངས་སྤྱོད་བསྡད་པའི་ཟོག་པོ་འཆོར་བའི་ཉེན་ཡོད་པས་གཟབ་པ་ཡིན།"
2618744,2622463,3719,"(106)  སྒྲིབ་པ་དྲུག་པོ་སྤོང་བའི་དགོས་པ་ནི། །དམ་ཆོས་མི་འཛིན་སྤངས་བའི་སྒྲིབ་པ་ཡིན། །"
2622463,2629233,6770,"བདུད་ལས་གང་ཡིན་མི་ཤེས་སྒྲིབ་པ་ཡིན། །བླ་མའི་མོས་གུས་མེད་པ་སྒྲིབ་པ་ཡིན། །"
2629233,2632871,3638,"མཆེད་གྲོགས་དག་སྣང་མེད་པ་སྒྲིབ་པ་ཡིན། །ཐེག་མཆོག་ཞུགས་ལ་སྨོད་པ་སྒྲིབ་པ་ཡིན། །"
2632871,2639055,6184,"སྒོ་གསུམ་ཉེས་སྤྱོད་གཡོ་སྒྱུ་སྒྲིབ་པ་ཡིན། །དེ་དག་སྤངས་ནས་ཐར་ལམ་བསྒྲུབ་པ་གཅེས། །"
2639055,2643857,4802,"ཞེས་པ་འདི་ནི། དམ་པའི་ཆོས་ལྟར་དུ་བཅོས་ན་རང་ཐར་པའི་ལམ་ནས་"
2643857,2647672,3815,"ཕྱིར་ལོག་བརྒྱབ་སྟེ་བདུད་ཀྱི་ལས་གང་ཡིན་པ་ཤེས་དགོས་ཡིན།"
2647672,2652994,5322,"དེ་མ་ཤེས་ནས་དམ་པའི་ཆོས་སྒྲིབ་པ་དྲུག་ཡོད་པས་དེ་སྤོང་དགོས་པ་ཡིན་ཏེ།"
2652994,2656360,3366,"དམ་པའི་ཆོས་ཕྱོགས་མེད་དུ་མི་འཚོལ་བ་ཆོས་ལ་ཆོག་ཤེས་བྱས་ན་"
2656360,2660284,3924,"དམ་པའི་ཆོས་སྤོང་བའི་སྒྲིབ་པ་ཡིན་པས་ཉེས་པ་ཆེ་ཤོས་དེ་ཡིན།"
2660284,2663936,3652,"དེ་ནས་རྣམ་གཡེང་དང་འདུ་འཛི་ཁེ་གྲགས་དང་ལོ་འདོད་ལ་སོགས་པ་"
2663936,2669389,5453,"བདུད་ཀྱི་ལས་མི་ཤེས་པ། དེ་རང་མཚན་སྙན་པ་ཆེན་པོ་དང་འགྲོ་དོན་ཕྲིན་ལས་རྒྱས་བསམ་"
2669389,2673372,3983,"རློམ་སེམས་ཞུགས་སོང་ན་དེ་ཆོས་ཀྱི་སྒྲིབ་པ་རུ་འགྱུར་པ་ཡིན།"
2673372,2679389,6017,"རང་གི་བཀའ་དྲིན་ཅན་གྱི་བླ་མ་འདི་ཉིད་སངས་རྒྱས་ཀུན་འདུས་ཀྱི་མོས་གུས་མེད་ན་"
2679389,2683460,4071,"ཐར་ལམ་བྱང་ཆུབ་ཀྱི་ཡོན་ཏན་གང་ཡང་མི་སྐྱེ་བས་སྒྲིབ་པར་འགྱུར་པ་ཡིན།"
2683460,2689578,6118,"རྡོ་རྗེ་མཆེད་གྲོགས་ཐམས་ཅད་ལ་སྤུན་དང་ཕ་མ་ལྟ་བུའི་བརྩེ་གདུང་"
2689578,2692916,3338,"དག་སྣང་ཡང་དག་པ་མེད་དེ་མཆེད་གྲོགས་ལ་ལོག་པར་ལྟ་ན་"
2692916,2695298,2382,"དམ་ཚིག་ལ་སྐྱོན་དུ་འགྱུར་བས་སྒྲིབ་པ་ཡིན།"
2695298,2699944,4646,"ཐེག་པ་མཆོག་གི་ལམ་ལ་ཞུགས་པའི་གང་ཟག་མཐོང་ན་འཕྱ་སྨོད་དང༌།"
2699944,2706164,6220,"ཡ་ག་མང་པོ་སྒྲུབ་པར་བྱས་ན་ཤིན་ཏུ་ཉེས་པ་ཆེ་བས་སྒྲིབ་པ་ཡིན།"
2706164,2709759,3595,"སྒོ་གསུམ་གྱིས་སྡིག་པ་མི་དགེ་བ་ཉེས་པར་སྤྱོད་དེ་"
2709759,2711606,1847,"འཇིག་རྟེན་ན་ཉེས་པ་མེད་མདོག་བྱས་ཏེ།"
2711606,2714886,3280,"ཞི་ཞིང་དུལ་བ་དང་བྱ་བྲལ་ཡིན་པའི་ཚུལ་སྟོན་ན་"
2714886,2719405,4519,"གཡོ་སྒྱུའི་སྒྲིབ་པ་ཡིན་པས་དེ་དག་སྤངས་ནས་ཐར་ལམ་སྒྲུབ་པ་གཅེས་པ་ཡིན་ནོ།"
2719405,2725726,6321,"(107) །སྒྲིབ་བྲལ་རིན་ཐང་མཐའ་ཡས་ཆོས་དྲུག་ནི། །ལན་ལ་མི་རེ་སྦྱིན་པ་ཕྱོགས་མེད་གཏོང༌། །སྲིད་པ་མི་གཉེར་ཚུལ་ཁྲིམས་རྣམ་དག་བསྲུང༌། །སེམས་ཅན་མི་གཏོང་བྱམས་དང་སྙིང་རྗེ་སྐྱེ། །དམ་ཆོས་ཤེས་པས་ནམ་ཡང་ངོམས་པ་མེད། །རྙེད་བཀུར་མི་གཉེར་འགྲོ་ལ་ཆོས་རབ་སྟོན། །ཕྱོགས་རིས་མི་བྱེད་ཀུན་ལ་སེམས་བཟང་སྙོམས། །རབ་དགེ་འདི་འདྲའི་སྤྱོད་པ་དམ་པ་ལགས། །"
2725726,2732407,6681,"གོང་དུ་བཤད་པའི་སྒྲིབ་པ་ཐམས་ཅད་དང་བྲལ་སོང་སྟེ་ཡོན་ཏན་རིན་ཐང་མཐའ་ཡས་པ་དེ་ནི་ཆོས་དྲུག་ཡོད།"
2732407,2735322,2915,"གང་རེད་ཟེར་ན། སེམས་ཅན་གཞན་ལ་ཕར་ཕན་པ་བཏགས་ན།"
2735322,2739686,4364,"རང་ལ་དེའི་ལན་ལ་ཚུར་ཕན་ལན་ཞིག་བྱེད་འོང་བསམ་རྒྱུའི་རེ་བ་མེད་པ་"
2739686,2744144,4458,"ཕྱོགས་མེད་ཀྱི་སྦྱིན་པ་གཏོང་ན་དེ་སྒྲིབ་པ་དང་བྲལ་བའི་རྟགས་ཡིན།"
2744144,2747926,3782,"ཚུལ་ཁྲིམས་ཡང་དག་པ་སྡོམ་པ་ཞིག་བསྲུངས་ནས་སྐྱེ་བ་ཕྱི་མ་"
2747926,2752568,4642,"ལྷ་དང་མིའི་ལུས་ལྟ་བུ་དོན་དུ་མི་གཉེར་བ། རྣམ་མཁྱེན་སངས་རྒྱས་ཀྱི་གོ་འཕང་དོན་དུ་"
2752568,2756405,3837,"ཚུལ་ཁྲིམས་རྣམ་དག་བསྲུང་བ་དེ་ཉིད་སྒྲིབ་པ་དང་བྲལ་བ་ཡིན།"
2756405,2759311,2906,"སེམས་ཅན་བློས་མི་གཏོང་བའི་གཞན་ཕན་གྱི་བསམ་པ་བཟང་པོ་"
2759311,2764966,5655,"དུས་དང་རྣམ་པ་ཀུན་ཏུ་རྒྱུད་ལ་བསྐྱེད། བདེ་བ་དང་ལྡན་འདོད་ཀྱི་བྱམས་པ།"
2764966,2768013,3047,"སྡུག་བསྔལ་འབྲལ་འདོད་ཀྱི་སྙིང་རྗེ་རྒྱུན་ཆད་མེད་པ་སྐྱེ་ན་"
2768013,2774192,6179,"དེ་ཐེག་པ་ཆེན་པོའི་ལམ་གྱི་སྒྲིབ་པ་ཉིད་དང་བྲལ་བ་ཡིན།"
2774192,2777740,3548,"དམ་པའི་ཆོས་ཀྱི་གནད་དོན་ཚུལ་བཞིན་དུ་ཤེས་པས་"
2777740,2781093,3353,"ཆོས་ཇི་ཙམ་ཐོས་དང་ཇི་ཙམ་མྱོང་ན་ཡང་ངོམས་པ་མེད་པ་"
2781093,2784042,2949,"མཐའ་ཡས་རྒྱ་མཚོ་ཆེན་པོ་ན་ཆུ་སོང་བ་ལྟ་བུ་བྱེད།"
2784042,2788488,4446,"དེ་མང་དུ་ཐོས་པ་རྒྱ་མཚོའི་ཕ་རོལ་ཏུ་ཕྱིན་ཏེ་ཆོས་ཀྱི་གནད་རྣམས་ཐམས་ཅད་རྟོགས་པས་"
2788488,2791462,2974,"ངོམས་པ་མེད་པས་དེ་ཡང་སྒྲིབ་པ་དང་བྲལ་བ་ཡིན།"
2791462,2797386,5924,"འགྲོ་བ་སེམས་ཅན་གཞན་ལ་ཇི་ལྟ་བུ་ཆོས་ཤིག་བསྟན་ན་རང་ལ་རྙེད་པ་དང་བཀུར་སྟི་ཡོན་དང་འབུལ་ཡ།"
2797386,2801466,4080,"སྙན་པ་དང་གྲགས་པ་མི་གཉེར་བ་ཆོས་རབ་ཏུ་སྟོན་པར་འགྱུར་བས་"
2801466,2805422,3956,"སྒྲིབ་པ་དང་བྲལ་བ་ཡིན། རང་ཕྱོགས་དང་གཞན་ཕྱོགས་ཀྱི་ཕྱོགས་རིས་དང་"
2805422,2809816,4394,"གྲུབ་མཐའི་ཆགས་སྡང་མི་བྱེད་པ་སེམས་ཅན་ཀུན་ལ་སེམས་སྙོམས་པའི་སྒོ་ནས་"
2809816,2816893,7077,"བཏང་སྙོམས་ཆེན་པོ་བསྒོམ་ན་དེ་སྒྲིབ་པ་དང་བྲལ་བའི་རྟགས་ཡིན་པས།"
2816893,2821244,4351,"དེ་ལྟ་བུ་སྒྲིབ་པ་བྲལ་བའི་རྟགས་དྲུག་པོ་ཚང་ན་དགེ་བ་ཐམས་ཅད་ཀྱི་ནང་ནས་"
2821244,2826540,5296,"མཆོག་ཏུ་གྱུར་པའི་སྤྱོད་པ་དམ་པ་ལགས། (108)   ཐེག་ཆེན་བསྟན་པའི་ཡོན་ཏན་རྣམ་དྲུག་ནི། །"