0,7350,7350,"(161)  ཡང་དག་ཆོས་ལ་གྱིས་པ་རྣམ་དྲུག་ནི། །འཁོར་བའི་ཉེས་ལྟོས་ཞེན་པ་ལོག་པ་གྱིས། །བདེན་མེད་རྩལ་སྦྱངས་སྒྱུ་མར་ཤེས་པ་གྱིས། །བྱང་ཆུབ་སེམས་བསྐྱེད་གཞན་དོན་ལྟོས་མེད་གྱིས། །དགོངས་པ་བློ་འདས་འཁོར་འདས་ཕྱེད་པ་གྱིས། །རྣམ་རྟོག་གང་ཤར་རང་གྲོལ་ཡེ་ཤེས་གྱིས། །བྱིན་རླབས་རང་འབར་གཞན་སྣང་བསྒྱུར་བ་གྱིས། །ཞེས་པ་སྟེ། 2.983899"
7350,11077,3727,"དེས་བྱ་བ་དེ་བྱེད་དགོས་པའི་ཆོས་རྣམ་པ་དྲུག་ཡོད། གང་རེད་ཟེར་ན།"
11077,15116,4039,"ཁམས་གསུམ་འཁོར་བའི་ཉེས་དམིགས་་འདི་སེམས་ལ་ཡང་ནས་ཡང་དུ་བཞག་སྟེ་"
15116,17972,2856,"འཁོར་བ་ལ་ཞེན་པ་ལོག་པ་ཞིག་གྱིས་ཤིག །"
17972,23477,5505,"ཚེ་འདིའི་བདེ་སྡུག་གི་སྣང་བ་ཐམས་ཅད་བདེན་པ་མེད་པ་རྩལ་སྦྱོང་སྟེ་"
23477,28788,5311,"དེ་ཆགས་སྡང་གི་གྲོགས་སུ་མི་སོང་བ་སྒྱུ་མ་དང་རྨི་ལམ་ལྟ་བུའི་རང་བཞིན་དུ་ཤེས་པ་ཡིན།"
28788,31891,3103,"བྱང་ཆུབ་ཀྱི་སེམས་རིན་པོ་ཆེ་རྒྱུད་ལ་སྐྱེས་ཚར་ནས་བཟུང་"
31891,35746,3855,"གཞན་དོན་རྒྱ་ཆེ་ཆུང་ག་ཚོད་བསྒྲུབས་ནའང་ངས་གཞན་དོན་བྱས་བཞག་ཡོད།"
35746,39776,4030,"དེ་ཙམ་ཆོག་གསུང་རྒྱུ་ཆོག་ཤེས་ལ་སོགས་པ་ལྟོས་པ་མེད་པ་དང༌།"
39776,44466,4690,"ཕར་གཞན་ལ་ཕན་པ་བྱས་པ། ཚུར་རང་ལ་ཕན་པ་བྱེད་པའི་རེ་བ་མེད་པ་གཅེས།"
44466,47362,2896,"དགོངས་པ་བློ་འདས་ཀྱི་ངང་དུ་མཉམ་པར་བཞག་ཚར་ན།"
47362,51567,4205,"འཁོར་བའི་འཁྲུལ་སྣང་འདི་རེད། མྱ་ངན་ལས་འདས་པའི་ཡོན་ཏན་འདི་རེད་"
51567,54100,2533,"བསམ་སྟེ་འཁོར་འདས་གཉིས་ཤན་ཕྱེད་པ་གཅེས་པ་ཡིན།"
54100,58788,4688,"རྣམ་རྟོག་གང་ཤར་བར་འགྱུར་ནའང་དེ་ལ་ཆེད་དུ་བཀག་སྟེའང་མི་དགག །"
58788,66522,7734,"རྣམ་རྟོག་རང་གིས་རང་གྲོལ་བ་སྦྲུལ་མདུད་རང་སར་ལྟར་ཡེ་ཤེས་རྒྱུད་ལ་སྐྱེ་བ་ཡིན།"
66522,69838,3316,"བླ་མའི་མོས་གུས་ཀྱིས་བྱིན་རླབས་དེ་རང་ལ་འབབ་འོང་ན་"
72555,76249,3694,"རང་གི་སྣང་བ་དེ་བསྒྱུར་འགྲོ་དུས། གཞན་ཐམས་ཅད་དེ་ཚོ༌སྣང་བ་ཡང་"
76249,78823,2574,"རྒྱུད་ལ་རང་ཤུགས་ཀྱིས་བསྒྱུར་བར་འགྱུར་བ་ཡིན།"
78823,84577,5754,"(162)  སྒོམ་པའི་གོལ་ས་བཅད་པའི་ཆོས་དྲུག་ནི། །འཕྲོ་རྒོད་མ་སོང་སྤྲོས་མེད་དོན་ལ་གནས། །"
84577,89272,4695,"ལྟེང་པོར་མ་སོང་རིག་པའི་གསལ་ངར་གདགས། །ཕྱལ་བར་མ་སོང་དྲན་པའི་རྩི་ཡིས་གཟུང༌། །"
89272,93549,4277,"ཧད་པོར་མ་སོང་བདེ་གསལ་ཉམས་དང་ལྡན། །རེ་དོགས་མ་སོང་ལྷུན་གྲུབ་འོད་གསལ་ངང༌། །"
93549,105488,11939,"སྒོར་ཚེ་མ་སོང་རྒྱ་བསྐྱེད་དཔངས་གཏོད་༼བསྟོད་༽སྒོམ། །དེ་ལྟར་བྱས་ན་མ་ནོར་ལམ་གྱི་མཆོག །"
105488,109790,4302,"ཅེས་པ་སྟེ། རྩེ་གཅིག་ཏུ་སྒོམ་པ་ཉམས་ལེན་བཤད་པའི་ཚེ་ན་"
109790,113383,3593,"གོལ་ས་རྒྱུན་གཅོད་བྱེད་ཆོས་དྲུག་ཡོད། གང་རེད་ཟེར་ན།"
113383,119522,6139,"རྣམ་རྟོག་འཕྲོ་རྒོད་ཀྱི་དབང་དུ་སོང་བཞག་ན་ཆོས་ཉིད་རྣལ་མའི་དོན་ལ་གནས་རྒྱུ་མ་རེད་དུས།"
119522,123872,4350,"སྤྲོས་མེད་མཉམ་པ་ཉིད་ཀྱི་དོན་ལ་གནས་པ། ཞི་གནས་འདི་ཉིད་སྒོམ་བཞག་ན་"
123872,129951,6079,"གཉིད་ཁུག་པ་ལྟ་བུའི་ལྟེང་པོར་མ་སོང་བ་ལྷག་མཐོང་གི་གསལ་ངར་དང་ལྡན་པ་དགོས་པ་ཡིན།"
129951,134209,4258,"སྒོ་ལུས་ངག་ཡིད་གསུམ་གྱི་བྱ་བྱེད་གང་བྱེད་ཀྱང་"
134209,139520,5311,"སྤང་བླང་གང་ཡང་མེད་པའི་དབང་དུ་མ་སོང་བ་དྲན་པའི་རྩི་ཡིས་རྩེ་གཅིག་ཏུ་གཟུང་བར་འགྱུར་བ་དང༌།"
139520,145551,6031,"སྟོང་ལྟ་དེ་ཉིད་ཀྱང་ཧད་པོའི་རང་བཞིན་དུ་མ་སོང་བ་བདེ་གསལ་གྱི་ཉམས་དང་ལྡན་པར་བྱེད་པ་དང༌།"
145551,149543,3992,"ཉམས་རྟོགས་ཀྱི་ཡོན་ཏན་དེ་ལ་རེ་དོགས་ཀྱི་འདོད་པའི་དབང་དུ་མ་སོང་བ་"
149543,152714,3171,"ཡེ་ནས་ཆོས་ཉིད་ཀྱི་ངོ་བོ་ལྷུན་གྱིས་གྲུབ་པའི་རང་བཞིན་"
152714,156087,3373,"ཉི་མ་ལ་འོད་ཟེར་བཞིན་དུ་གསལ་བར་ཤེས་པར་བྱ་བ་དང༌།"
156087,159293,3206,"སྐབས་སྐབས་ལ་ཉམས་ལེན་ཡོད། སྐབས་སྐབས་ལ་མེད་པ་ལྟར་"
159293,164316,5023,"སྒོར་ཚེ་རུ་མ་སོང་བ་ནམ་མཁའ་ལྟ་བུ་རྒྱ་སྐྱེད་ལ་དཔངས་གཏོད་པ་སྒོམ་པར་བྱེད།"
164316,167543,3227,"དེ་ལྟར་བྱས་ན་མ་ནོར་ལམ་གྱི་མཆོག་ཏུ་གྱུར་པ་ཡིན།"
167543,171736,4193,"(163)  ལམ་ཞུགས་རྣམས་ཀྱི་མ་སོང་རྣམ་དྲུག་ནི། །འགྱུར་མེད་དད་པ་གཟུང་འཛིན་མ་སོང་དང༌། །"
171736,177450,5714,"འཁོར་བའི་སྐྱོ་ཤས་སྡུག་བསྔལ་མ་སོང་དང༌། །ཐོས་བསམ་མཁྱེན་རྒྱ་ཐ་སྙད་མ་སོང་དང༌། །"
177450,181409,3959,"སྙིང་རུས་སྒྲུབ་པ་སྐྱིད་འདོད་མ་སོང་དང༌། །གཞན་དོན་སེམས་བསྐྱེད་མཚན་མར་མ་སོང་དང༌། །"
181409,185195,3786,"མཐོན་པོའི་ལྟ་བ་རློམ་སེམས་མ་སོང་བ། །ཤིན་ཏུ་གཅེས་ཏེ་རབ་ཏུ་ཉུང་བར་གདའ། །"
185195,191523,6328,"གསུངས་དུས། ལམ་དུ་ཞུགས་པའི་གང་ཟག་དེ་ལ་མ་སོང་བའི་གནད་རྩེ་གཅིག་ཏུ་ཡོད་དགོས་ཏེ།"
191523,195988,4465,"གང་རེད་ཟེར་ན། བློ་གཏད་འགྱུར་བ་མེད་པའི་བླ་མ་དང་དཀོན་མཆོག་ལ་དད་པ་ཡོད་ན།"
195988,200538,4550,"དེ་རང་ཕྱོགས་དང་གཞན་ཕྱོགས་ལྟ་བུའི་གཟུང་འཛིན་གྱི་དབང་དུ་མ་སོང་བ་གཅེས་པ་ཡིན།"
200538,203366,2828,"ཁམས་གསུམ་འཁོར་བའི་སྡུག་བསྔལ་གྱི་སྐྱོ་ཤས་སླེབས་འོང་ན་"
203366,207406,4040,"དེ་རང་ལ་སེམས་སྡུག་སློང་བྱེད་ཀྱི་སྡུག་བསྔལ་ལྟ་བུའི་རྣམ་པ་མ་སོང་བ་དང༌།"
207406,210044,2638,"ཐོས་བསམ་གྱི་མཁྱེན་པ་རྒྱ་ཆེན་པོ་ཡོད་ན་"
210044,213450,3406,"དེ་རང་རྒྱུད་ལ་ཚུར་སྦྱར་ཏེ་རང་སེམས་འདུལ་བ་མ་གཏོགས་པའི་"
213450,216483,3033,"ཐ་སྙད་ཁ་ཚིག་ཙམ་དུ་མ་སོང་བ་དང༌།"
217611,221044,3433,"དབེན་པའི་གནས་སུ་སྙིང་རུས་བྱས་ཏེ་སྒྲུབ་པ་ལ་བཞག་ནའང་"
221044,224131,3087,"རང་དགར་ཟ་ཉལ་སྐྱིད་འདོད་ལྟ་བུའི་དབང་དུ་མ་སོང་བ་དང༌།"
224131,231672,7541,"གཞན་དོན་གྱི་སེམས་བསྐྱེད་བྱེད་དགོས་ནའང་ཕྱོགས་དང་རིས་སུ་ཞེན་པ་ལྟ་བུའི་མཚན་མར་མ་སོང་དང༌།"
231672,234925,3253,"ལྟ་བ་མཐོན་པོ་རྟོགས་པ་མཐོན་པོ་ལ་སོན་ནའང་"
234925,239481,4556,"དེ་ང་གྲུབ་པ་ཐོབ་ཡོད། ཆོས་ཉིད་རྟོགས་ཡོད་སྙམ་པའི་ང་རྒྱལ་གྱི་རློམ་སེམས་མ་སོང་བ་སྟེ་"
239481,242150,2669,"རྣམ་པ་དྲུག་ཤིན་ཏུ་གཅེས་པ་ཡིན་ཏེ།"
242150,246202,4052,"དེ་ལྟ་བུ་མ་སོང་བ་དྲུག་དང་ལྡན་པ་རྣམས་རབ་ཏུ་ཉུང་བར་གདའ།"
246202,250961,4759,"(164)  ཡང་ཟབ་གནད་དུ་འགྲོ་བའི་ཆོས་དྲུག་ནི། །ང་སོད་རྟག་ཏུ་རང་ཕམ་འབའ་ཞིག་ལོང༌།"
250961,256111,5150,"ཁོ་ཕྱུང་ཁོང་པར་བདེན་པའི་ཡུས་མ་བཞག །གོ་ཆོད་དོན་མེད་གཡེང་བའི་སྨྲ་བ་བོར། །"
256111,260827,4716,"ཀུན་མཐོང་སྤྲོས་བྲལ་སེམས་ཉིད་ངང་ལ་ལྟོས། །འབྲེལ་ཆོད་ཡུལ་དྲུག་གཟུང་འཛིན་རྗེས་མ་སྙེགས། །"
260827,265127,4300,"སྟུག་སྤོངས་ཆོས་ཉིད་དོན་གྱིས་གཏན་ཡུལ་ཟུངས། །དེ་ལྟར་བྱས་ན་རང་དོན་མྱུར་དུ་འགྲུབ། །"
265127,268538,3411,"ཅེས་པ་འདི། ང་བསམ་པའི་གཅེས་འཛིན་འདི་ཕར་བསད་སོང་ན་"
268538,272397,3859,"གདམས་ངག་ཡང་ཟབ་གནད་དུ་འགྲོ་བའི་ཆོས་དྲུག་ཡོད་པ་ཡིན་ཏེ།"
272397,278998,6601,"གང་རེད་ཟེར་ན། ཁེ་དང་རྒྱལ་ཁ་གཞན་ལ་སྦྱིན། །གྱོང་དང་བུབ་ཁ་རང་གིས་ལེན། །"
278998,282639,3641,"གསུངས་པ་ལྟར། ང་ངར་འཛིན་འདི་ཚེ་རབས་ཐོག་མེད་ནས་ད་ལྟ་ཡན་ཆད་དུ་"
282639,286911,4272,"འཁོར་བ་འཁྱམས་པའི་རྒྱུ་རུ་འགྲོ་ཡི་རེད་དུས་དེའི་དབང་དུ་མ་སོང་བ།"
286911,289833,2922,"རང་ཕམ་ཁ་འབའ་ཞིག་ལེན་པར་ཤེས་པ་དང༌།"
289833,295853,6020,"ཕ་རོལ་པོ་གཞན་ལ་འདི་ལྟར་ཕན་བཏགས་པ་དང༌།"
295853,301216,5363,"ཡོན་ཏན་འདི་ལྟ་བུ་རྒྱུད་ལ་སྦྱོར་བཞག་ཡོད་དེ་རང་དྲིན་ཆེན་པོ་ཡིན་བསམ་པའི་ཡུས་མ་བདའ་སྟེ།"
301216,303344,2128,"བྱས་ལོ་མ་འདོན་ཞེས་པ་དང༌།"
303344,309666,6322,"ཆོས་ཀྱི་གནད་དོན་གང་གོ་ཡོད་ན་དེ་རང་གི་རྒྱུད་ལ་ཚུལ་བཞིན་དུ་"
309666,313550,3884,"མི་སྦྱོར་བ་རྣམ་གཡེང་དོན་མེད་ཀྱི་དབང་དུ་སྨྲ་བ་བོར་བ་དང༌།"
313550,317433,3883,"ཐོས་པ་ཕྱོགས་མེད་ཀུན་མཐོང་བ་ཡིན་ན་"
317433,321184,3751,"སྤྲོས་བྲལ་སེམས་ཉིད་ཀྱི་ངོ་བོ་དེ་དུས་རྟག་ཏུ་སྐལ་བ་ཡོད་པ་དང༌།"
321184,324503,3319,"རྣམ་གཡེང་དང་འདུ་འཛིའི་འབྲེལ་བ་གཅད་པར་བྱ་བའི་ཕྱིར་དུ་"
324503,328836,4333,"ཡུལ་གཟུགས་སྒྲ་དྲི་རོ་རེག་བྱ་ཆོས་ཁམས་རྣམས་ལ་གཟུང་འཛིན་གྱིས་རྗེས་མ་སྙེག་པ་དང༌།"
328836,335388,6552,"མུན་ནག་སྟུག་པོ་དང་བླུན་སྒོམ་མུན་རྡོ་འཕེན་པ་སྤང་ལ་"
335388,337850,2462,"ཆོས་ཉིད་དོན་གྱི་གཏན་ཡུལ་བཟུང་བར་བྱས་ན།"
337850,340969,3119,"དེ་ལྟར་བྱས་ན་རང་ཉིད་ཀྱི་དོན་མྱུར་དུ་འགྲུབ་པ་ཡིན།"
340969,345210,4241,"(165)  ཡིན་པ་དྲུག་གིས་ལེགས་པར་བསྟན་པ་ནི། །གྲོས་ཕུགས་བླ་མ་ལ་གཏོད་འཁྲུལ་བ་མི་འབྱུང་ཡིན། །"
345210,350044,4834,"དགེ་སྦྱོར་ཕྱི་དུས་མ་བཞག་ཤི་ཡང་མི་འགྱོད་ཡིན། །དགྲ་གཉེན་ཕྱོགས་རིས་མ་འཛིན་ཀུན་སྣང་མཐུན་པ་ཡིན། །"
350044,355716,5672,"བཟང་བྱས་དྲིན་ལན་ལོན་དང་གར་ཡང་དྲིན་པ་ཡིན། །ཕྲག་དོག་གནོད་འཛུགས་སྤོངས་དང་རང་རྒྱུད་དུལ་བ་ཡིན། །"
355716,358261,2545,"དམ་པའི་རྣམ་ཐར་སྐྱོངས་དང་ཅི་བསམ་འགྲུབ་པ་ཡིན། །"
358261,365677,7416,"གསུངས་དུས། རང་གི་གྲོས་ཕུགས་འདི་བླ་མ་ལ་གཏད་དེ་"
365677,368595,2918,"བླ་མས་གང་གསུངས་པ་དེ་བསྟེན་ན་འཁྲུལ་པ་གཏན་ནས་"
368595,371340,2745,"མི་འབྱུང་སྟེ་ཐར་པའི་ལམ་ལ་ཡང་དག་པ་སྐྱེལ་བ་ཡིན།"
371340,374538,3198,"དགེ་སྦྱོར་གང་བསྒྲུབ་ན་རྗེས་ནས་ཡིན། རྗེས་ནས་ཡིན་བསམ་ནས་"
374538,380911,6373,"ཕྱི་བཤོལ་གྱི་དུས་སུ་མ་བཞག་པ་ད་ལྟ་དྲན་མ་ཐག་ཆོས་ལམ་དུ་བསླང་ན།"
380911,384661,3750,"ཤི་བའི་གནས་སྐབས་ཡིན་ན་འགྱོད་པ་མེད་པ་རུ་འགྱུར་བ་ཡིན།"
384661,389500,4839,"དགྲ་ལ་གནོད་པ་བྱས། གཉེན་ལ་ཆགས་པ་བྱས་པའི་"
389500,394866,5366,"དགྲ་གཉེན་ཕྱོགས་རིས་མ་འཛིན་པ་ཐམས་ཅད་ཆ་མཉམ་པ་བྱས་ན་མི་ཀུན་དང་མཐུན་པ་ཡིན།"
394866,403251,8385,"ཚུར་ལ་བཟང་པོ་བྱས་ན་ཕར་ལ་དྲིན་ལན་ཡག་པོ་བསབ་སྟེ་ཕན་པར་བྱས་ན་"
403251,406704,3453,"གང་ཡང་དེ་ཐམས་ཅད་ཀྱིས་ཤེས་པ་དང་ལྡན་པ་དང༌།"
406704,408979,2275,"དཔལ་འཛོམས་ཀྱི་གྲལ་དུ་བཞག་པར་འགྱུར་པ་ཡིན།"
408979,411860,2881,"དེ་ནས་རང་ཤུགས་ཀྱིས་ཡོན་ཏན་ཅན་གྱི་གང་ཟག་གཞན་ལ་"
411860,414686,2826,"ཕྲག་དོག་གིས་གནོད་འཛུགས་འདི་ཉིད་སྤོངས་ལ།"
414686,417812,3126,"རང་གི་རྒྱུད་ཞི་ཞིང་དུལ་ཏེ་བག་ཕེབས་པོ་རུ་འབྱུང་བ་ཡིན།"
417812,421805,3993,"བླ་མ་གོང་མ་མཁས་བཙུན་བཟང་པོའི་རྣམས་ཀྱི་རྣམ་ཐར་ཅི་འདྲ་མཛད་པ་"
421805,425103,3298,"དེ་བཞིན་དུ་སྐྱོང་ན་ཆོས་ཅི་བསམ་ཐམས་ཅད་འགྲུབ་པར་འགྱུར།"
425103,429724,4621,"(166) ཡང་ཟབ་ཤེས་རྒྱུད་གྲོལ་བའི་ཆོས་དྲུག་ནི། །ལྟ་བ་སེམས་ཉིད་ཡིན་གྱིས་རང་ངོ་ཤེས་པར་གྱིས། །"
429724,434500,4776,"སྒོམ་པ་འོད་གསལ་ཡིན་གྱིས་ངང་དངས་ཕྱིན་པར་གྱིས། །སྤྱོད་པ་སྒྱུ་མ་ཡིན་གྱིས་ཅིར་སྣང་ལམ་དུ་སློང༌། །"
434500,440455,5955,"ཉམས་མྱོང་ཆོས་ཉིད་འཆར་གྱིས་ཞེན་འཛིན་རྩད་ནས་ཆོད། །འབྲས་བུ་རང་ཆས་ཡིན་གྱིས་རེ་དོགས་འཛིན་པ་ཤོལ། །"
440455,443677,3222,"འཕྲིན་ལས་གཞན་དོན་ཡིན་གྱིས་ཐུགས་རྗེས་འགྲོ་བ་དྲོངས། །"
443677,448944,5267,"གསུངས་པ་སྟེ། ཆོས་ཡང་ཟབ་སྙིང་པོ་རུ་གྱུར་པས་རང་གི་ཤེས་རྒྱུད་ཉོན་མོངས་པ་ལས་"
448944,452644,3700,"གྲོལ་བའི་ཆོས་དྲུག་ཡོད། གང་རེད་ཟེར་ན། ལྟ་བ་ཞེས་བྱ་བ་"
452644,457381,4737,"རང་གི་སེམས་ཉིད་ཀྱི་གནས་ལུགས་འདི་རྟོགས་དགོས་པ་ཡིན་མ་གཏོགས་དེ་ལས་གཞན་དུ་མེད་པའི་ཕྱིར་ན།"
457381,460250,2869,"ལྟ་བ་རང་ལ་ཡེ་ནས་ཡོད་པའི་རང་ངོ་འདི་ཤེས་ཏེ་"
460250,464268,4018,"ཕྱི་རོལ་འཚོལ་བར་མ་བྱེད་ཅིག །སྒོམ་པ་ཉམས་མྱོང་མཐར་ཕྱིན་པ་དེ་ལ་"
464268,466988,2720,"སེམས་ཀྱི་ཆོས་ཉིད་འོད་གསལ་བའི་གནས་ལུགས་དེ་"
466988,470275,3287,"རྟོགས་དགོས་པ་ཡིན་མ་གཏོགས། བྱིང་རྒོད་ལ་སོགས་པའི་དབང་དུ་སོང་བ་"
470275,474438,4163,"མ་ཡིན་པའི་རང་དངས་འོད་གསལ་བའི་རིག་པའི་ངོ་བོ་ཡིན།"
474438,479033,4595,"སྤྱོད་པ་དགེ་བ་དང་སྡིག་པ་ཅི་བྱས་ན་སྒྱུ་མ་ལྟ་བུ་ཡིན་པའི་ཕྱིར་ན་"
479033,485022,5989,"དགེ་བ་རྟེན་འབྲེལ་སྒྱུ་མ་ལྟ་བུ་ལ་ཡིད་ཆེས་ཀྱི་སྒོ་ནས་སྒྲུབ་ཅི་ནུས་པ་དང༌།"
486644,491064,4420,"ཟས་གོས་ནོར་ལ་སོགས་པ་བདེ་སྐྱིད་འོང་ན་དེ་ཐམས་ཅད་སྒྱུ་མ་དང་རྨི་ལམ་ཡིན་བསམ་སྟེ་"
491064,493436,2372,"ཞེན་ཆགས་མེད་པའི་སྒོ་ནས་ཅིར་སྣང་ལམ་དུ་སློང༌།"
493436,497812,4376,"རྟོགས་པའི་ཉམས་མྱོང་འདི་རང་གི་སེམས་ལ་འཆར་བར་འགྱུར་བར་ཡིན་པས་ན།"
497812,501245,3433,"དེ་ལ་ཕྱོགས་འཛིན་གྱི་ཞེན་པ་དང་ང་རྒྱལ་ལ་སོགས་པ་རྩད་ནས་ཆོད།"
501245,505021,3776,"འབྲས་བུ་སངས་རྒྱས་ཀྱི་གོ་འཕང་ཞེས་བྱ་བ་འདིའང་རང་ལ་ཡོད་པ་"
505021,507455,2434,"རང་ཆས་མ་གཏོགས་གཞན་ལས་འཚོལ་མི་དགོས་པས།"
507455,510308,2853,"འབྲས་བུ་མ་འོངས་པ་ན་འཐོབ་རྒྱུ་ཡོད་རེད་བསམ་སྟེ་"
510308,514107,3799,"རེ་དོགས་ཀྱི་འཛིན་པ་ཐམས་ཅད་སྤོངས། འཕྲིན་ལས་ཟེར་མཁན་འདི་"
514107,517677,3570,"གཞན་སེམས་ཅན་གྱི་དོན་བྱེད་པ་ཡིན་པས་དེའི་ཐུགས་རྗེའི་སྒོ་ནས་"
517677,520941,3264,"འབྲེལ་ཚད་ཀྱི་འགྲོ་བ་ཐམས་ཅད་ཐར་པའི་ལམ་དུ་དྲང་བར་བྱ།"
520941,525316,4375,"(167)  ཆོས་མཛད་རྣམས་ཀྱི་རང་བཞིན་རྣམ་དྲུག་ནི། །གཞན་དོན་སེམས་བསྐྱེད་ཡོད་ན་འགྲོ་བ་བྱམས། །"
531744,536111,4367,"སྡང་བ་འབྱུང་སྲིད་བཟོད་པའི་གྲོགས་ཤེས་དགོས། །"
536111,540911,4800,"བྱམས་པའི་གཏོང་ཕོད་ཡོད་ན་འཁོར་ཚོགས་འདུ། །མ་འདུས་དགེ་སྦྱོར་འཕེལ་བའི་གྲོགས་ཤེས་དགོས། །"
540911,545085,4174,"རྟོགས་པ་ཡོད་ན་དམ་ཅན་སྤྲིན་བཞིན་འདུ། །མ་འདུས་དམ་ཚིག་ཉམས་པའི་རྟགས་ཤེས་དགོས། །"
545085,548785,3700,"ཞེན་པ་སྙིང་ནས་ལོག་ན་ནོར་རྫས་འདུ། །མ་འདུས་སྲིད་ན་སྔོན་གྱི་ལས་ཤེས་དགོས། །"
548785,553716,4931,"དངོས་གྲུབ་ཐོབ་ཁར་བར་ཆད་སྣ་ཚོགས་འབྱུང༌། །མ་བྱུང་གོང་མའི་བྱིན་རླབས་ཡིན་ཤེས་དགོས། །"
553716,561994,8278,"སྒྲུབ་པ་བརྩོན་འགྲུས་ཅན་ལ་བདུད་རྣམས་འཇུག །མ་ཞུགས་དགེ་སྦྱོར་གནད་དུ་ཚུད་ཤེས་དགོས། །"
561994,564194,2200,"དེ་ལྟར་མ་ཤེས་ལོག་པར་ལྟས་ཉེན་ཆེ། །"
569916,576133,6217,"ཞེས་པ་སྟེ། གཞན་སེམས་ཅན་གྱི་དོན་བྱ་བའི་སེམས་བསྐྱེད་ཀྱི་བསམ་པ་ཡོད་ན་"
576133,579266,3133,"རང་གི་ནང་དུ་གཞན་ཕན་གྱི་བསམ་པ་བཟང་པོ་ཡོད་ན་"
579266,582770,3504,"འགྲོ་བ་ཐམས་ཅད་ཀྱིས་རང་ལ་ཚུལ་བཞིན་དུ་བྱམས་པ་བྱེད་ཀྱི་རེད།"
582770,586150,3380,"དེ་ལྟར་བྱམས་པ་བྱས་པའི་ནང་ནས་ཁ་ཤས་ཀྱིས་"
586150,589411,3261,"སྡང་བ་བྱས་ཏེ་རང་ལ་གནོད་པ་བྱས་ཚར་དུས།"
589411,592650,3239,"དེ་ལ་གནོད་ལན་དུ་ཁོང་མི་ཁྲོ་བ་བཟོད་པའི་གྲོགས་བྱས་"
592650,596470,3820,"བཟོད་པའི་གསལ་འདེབས་ཡིན་པ་ཤེས་ནས་གནོད་ལན་ལ་ཕན་པར་བྱེད་དགོས་པ་ཡིན།"
596470,600522,4052,"སེམས་ཅན་སྡུག་བསྔལ་ཅན་ལ་བྱམས་པའི་སྒོ་ནས་ནོར་མེད་པ་ལ་ནོར།"
600522,602947,2425,"ཟས་མེད་པ་ལ་ཟས་ལ་སོགས་གཏོང་ཕོད་ཡོད་ན།"
602947,608604,5657,"དེ་གཏོང་ཕོད་ཀྱི་ནུས་པ་དེ་ལ་བརྟེན་ནས་འཁོར་ཚོགས་མང་པོ་རང་གི་རྒྱུད་ལ་རྟག་ཏུ་འདུ་བ་ཡིན།"
608604,610988,2384,"དེ་ལྟ་བུ་སྦྱིན་པ་རྒྱ་ཆེན་པོ་གཏོང་ནའང་"
610988,613705,2717,"འཁོར་ཚོགས་འདུ་མ་བྱུང་ན། རང་ཉིད་གཅིག་པུ་"
613705,619984,6279,"དགེ་སྦྱོར་དུ་ཉམས་སུ་ལེན་པ་ལ་རྣམ་གཡེང་འདུ་འཛི་མེད་པ་འཕེལ་བའི་གྲོགས་ཡིན་པ་ཤེས་དགོས།"
619984,623716,3732,"རྟོགས་པ་ཡོད་ན་དམ་ཅན་ཆོས་སྐྱོང་སྲུང་མ་ཐམས་ཅད་སྤྲིན་བཞིན་དུ་འདུ་བ་ཡིན།"
623716,626305,2589,"ཆོས་ཉིད་ཀྱི་དོན་རྟོགས་ཏེ་འདུས་མ་བྱུང་ན་"
626305,629095,2790,"རང་ལ་དམ་ཚིག་ཉམས་པའི་རྟགས་ཤིག་ཡིན་པ་ཤེས་ཏེ།"
629095,632389,3294,"དེ་ལ་བཤགས་པ་དང་བསགས་སྦྱང་བསྐང་བ་ལ་སོགས་དགོས།"
632389,639250,6861,"ཟས་དང་གནས་དང་ལུས་དང་སེམས་ཞེན་ཆགས་འདི་སྙིང་ནས་ལོག་སོང་ན་"
639250,643261,4011,"ནོར་རྫས། ཆོག་ཤེས་ཅན་གྱི་སྒོ་ཁ་ན། །ཕྱུག་པོ་སྒོ་ཉལ་བྱས་ནས་ཡོད། །གསུངས།"
643261,646171,2910,"ནོར་རྫས་མི་འདོད་བཞིན་དུ་རང་ལ་འདུ་འོང་རྒྱུ་ཡིན།"
646171,650227,4056,"དེ་མ་འདུས་སོང་ན་ནི་སྐྱེ་བ་སྔ་མ་"
650227,654983,4756,"གཞན་གྱི་ནོར་མང་པོ་འཕྲོག་བཅོམ་རྡུང་རྡེག་བྱས་པའི་འབྲས་བུ་ཡིན་པ་ཤེས་པ་དགོས།"
654983,659281,4298,"དངོས་གྲུབ་ཐོབ་རན་པའི་སྐབས་བར་ཆད་སྣ་ཚོགས་པ་འབྱུང་བར་འགྱུར་པ་ཡིན་ལ།"
659281,661689,2408,"དེ་ལྟར་བར་ཆད་མ་བྱུང་ཡག་པོ་འབྱུང་ན་ནི།"
661689,665544,3855,"བླ་མ་གོང་མའི་ཐུགས་རྗེའི་བྱིན་རླབས་ལས་བྱུང་བ་ཡིན་པར་ཤེས་དགོས།"
665544,669594,4050,"སྒྲུབ་པ་བརྩོན་འགྲུས་ཅན་གྱི་གང་ཟག་དེ་ལ་བདུད་རྣམས་ལྷག་པར་འཇུག་སྟེ་"
669594,672957,3363,"ལུས་དང་སེམས་ལ་ན་ཚ་མང་པོ་གཏང་འོང༌།"
676894,681655,4761,"བདུད་ཀྱི་བར་ཆད་ཞུགས་མ་བྱུང་ན་དགེ་སྦྱོར་གནད་དུ་ཚུད་པའི་རྟགས་ཡིན་པ་ཤེས་དགོས།"
681655,686255,4600,"དེ་ལྟར་མ་ཤེས་ན་དམ་པའི་ཆོས་སྒྲུབ་པ་ལ་འབྲས་བུ་མི་འདུག་སྙམ་པ་དང༌།"
686255,690075,3820,"དགེ་སྡིག་བསླུ་མེད་རེད་མིན་འདུག་སྙམ་པའི་ལོག་པར་ལྟ་བའི་ཉེན་ཆེ་བ་ཡིན།"
690075,694283,4208,"(168)  མཐར་ཐུག་དོན་གྱི་གདམས་པ་རྣམ་དྲུག་ནི། །ལྟ་བ་རྟོགས་པར་འདོད་ན་རྟོགས་མཁན་ཚོལ། །"
694283,698212,3929,"དེ་ཉིད་མ་རྙེད་མཐའ་བཞིའི་རྒྱ་ལས་གྲོལ། །ཏིང་འཛིན་བསྒོམ་པར་འདོད་ན་སྒོམ་མཁན་ཚོལ། །"
698212,702025,3813,"དེ་ཉིད་མ་རྙེད་འགྱུ་བ་དངོས་མེད་བསམ། །སྤྱོད་པ་སྤྱད་པར་འདོད་ན་སྤྱོད་མཁན་ཚོལ། །"
702025,705884,3859,"དེ་ཉིད་མ་རྙེད་དབྱེར་མེད་རང་སར་གྲོལ། །འབྲས་བུ་བསྒྲུབ་པར་འདོད་ན་སྒྲུབ་མཁན་ཚོལ། །"
705884,709367,3483,"དེ་ཉིད་མ་རྙེད་སྐུ་གསུམ་རང་ལ་རྫོགས། །འཕྲིན་ལས་བསྒྲུབ་པར་འདོད་ན་སྒྲུབ་མཁན་ཚོལ། །"
709367,713620,4253,"དེ་ཉིད་མ་རྙེད་མ་བཙལ་ལྷུན་གྱིས་གྲུབ། །ས་ལམ་བགྲོད་པར་འདོད་ན་བགྲོད་མཁན་ཚོལ། །"
713620,719639,6019,"དེ་ཉིད་མ་རྙེད་གནས་ལུགས་རང་སར་སྐྱོལ། །དེ་ཉིད་མཐར་ཐུག་སྙིང་པོའི་གདམས་པ་སྟེ། །"
719639,721711,2072,"ཐམས་ཅད་རིག་པའི་ཆོ་འཕྲུལ་ཤེས་པར་མཛོད། །"
721711,729789,8078,"གསུངས་པ་འདི། ལྟ་སྒོམ་སྤྱོད་པ་མཐར་ཐུག་པ་དེ་ལ་དོན་གྱི་གདམས་ངག་རྣམ་པ་དྲུག་ཡོད་པ་ཡིན།"
729789,733874,4085,"གང་རེད་ཟེར་ན། ཆོས་ཉིད་ཀྱི་ལྟ་བ་མངོན་སུམ་དུ་རྟོགས་པར་འདོད་ན་"
733874,738898,5024,"ལྟ་བ་རྟོགས་སོ་སྙམ་པའི་འཛིན་པ་འདི་རྟོགས་མཁན་འདི་ཉིད་གང་དུ་འདུག །"
738898,743422,4524,"ཡང་ནས་ཡང་དུ་འཚོལ་ན་རྟོགས་མཁན་ཞེས་བྱ་བ་ཞིག་མ་རྙེད་ན་ནི།"
743422,747617,4195,"ཡོད་པ་གཟུགས་དངོས་པོ་མཚན་མ་ཡང་མ་གྲུབ།"
747617,752355,4738,"མེད་པ་ཕྱང་ཆད་དུ་ཡང་མ་གྲུབ་གཉིས་འཛིན་གྱི་རྒྱ་ལས་རྣམ་པར་གྲོལ་བ་ཡིན།"
752355,754955,2600,"ཏིང་འཛིན་བསྒོམ་པར་འདོད་ན་སྒོམ་མཁན་གྱི་སེམས་འདི་"
754955,760163,5208,"གང་འདྲ་འདུག་འཚོལ་ཏེ་སྒོམ་མཁན་སེམས་མ་རྙེད་ན་ནི་འགྱུ་བ་དངོས་མེད་དུ་དག་སྟེ་"
760163,762127,1964,"རྣམ་རྟོག་གིས་འཁྲུལ་པ་སྐྱེ་མི་ནུས།"
762127,767122,4995,"གཞན་ཕན་སྤྱོད་པར་འདོད་ན་སྤྱོད་པ་ཞེས་པ་གང་ཟག་སྤྱོད་མཁན་འདི་ཉིད་ཚོལ།"
767122,771483,4361,"སྤྱོད་པ་འདི་ནི་སྒྱུ་མ་དང་རྨི་ལམ་ལྟ་བུ་ཡིན་པས་སྤྱོད་མཁན་མ་རྙེད་ན་ནི་"
771483,775900,4417,"དབྱེར་མེད་རང་ས་རུ་གྲོལ་བ་ཡིན། འབྲས་བུ་སངས་རྒྱས་ཀྱི་གོ་འཕང་བསྒྲུབ་པར་འདོད་ན་"
775900,781000,5100,"སྒྲུབ་མཁན་གར་འདུག་འཚོལ་ཏེ་སྒྲུབ་མཁན་ལོགས་སུ་མེད་པར་འགྱུར་ན།"
781000,784328,3328,"རང་གི་སེམས་ཉིད་ངོ་བོ་སྟོང་པ་ཆོས་སྐུ། རང་བཞིན་གསལ་བ་ལོངས་སྐུ།"
784328,788061,3733,"ཐུགས་རྗེ་འགག་མེད་སྤྲུལ་སྐུ་སྐུ་གསུམ་ཡོངས་སུ་རྫོགས་པ་ཡིན།"
788061,791077,3016,"འཕྲིན་ལས་བསྒྲུབ་པར་འདོད་ན་འཕྲིན་ལས་སྒྲུབ་མཁན་སུ་རེད་ཅེས་"
791077,794505,3428,"ཡང་ནས་ཡང་དུ་འཚོལ་བར་བྱེད་ན་འཕྲིན་ལས་སྒྲུབ་མཁན་འདི་རེད་ཟེར་"
794505,798922,4417,"ལོགས་སུ་གཡོག་ལྟ་བུ་བཀོལ་རྒྱུ་མ་རྙེད་ན་མ་བཙལ་ལྷུན་གྱིས་གྲུབ་པ་ཡིན།"
798922,801266,2344,"ས་ལམ་གོང་ནས་གོང་དུ་བགྲོད་པར་འདོད་ན་"
801266,809279,8013,"བགྲོད་མཁན་འདི་ཇི་ལྟར་གྲུབ་བསམ་དེ་ཉིད་མ་རྙེད་ན་ནི་"
809279,812238,2959,"གནས་ལུགས་རང་སར་སྐྱོལ་ཏེ་ས་ལམ་ངམ་ངམ་གྱིས་རྫོགས་པ་ཡིན།"
812238,816578,4340,"དེ་ལྟ་བུ་བསྟེན་ན་མཐར་ཐུག་གི་སྙིང་པོའི་གདམས་པ་སྟེ་"
816578,819433,2855,"མདོར་ན་གཞི་ལམ་འབྲས་བུ་གསུམ་གྱི་ཆོས་ཐམས་ཅད་"
819433,821394,1961,"རིག་པའི་ཆོ་འཕྲུལ་ཙམ་དུ་ཤེས་པར་མཛོད།"
821394,825677,4283,"(169)  རང་སེམས་མཆོག་ཏུ་འདུལ་བའི་ཆོས་དྲུག་ནི། །རང་གི་ང་རྒྱལ་རློམ་སེམས་རི་བོ་བསྒྱེལ། །"
825677,829822,4145,"གཞན་ལ་ཕྲག་དོག་ཡི་དམ་ལྷ་རུ་ཁུར། །གཞན་དོན་ཆགས་ཞེན་ཤེས་རབ་མཚོན་གྱིས་ཆོད། །"
829822,835439,5617,"རྒྱུ་འབྲས་ཁྱད་གསོད་དགེ་སྡིག་ཤན་ཐང་ཕྱེད། །སྐུར་འདེབས་སྒྲོ་སྐུར་བག་ཡོད་ཞི་དུལ་བསྟེན། །"
835439,840411,4972,"གཞན་སྐྱོན་སེམས་འཁྲུག་སྣང་བ་མ་དག་སོམས། །དེ་ལྟར་བྱས་ན་རང་རྒྱུད་ཆོས་དང་འདྲེས། །"
840411,846700,6289,"ཞེས་པ་སྟེ། རང་སེམས་མཆོག་ཏུ་འདུལ་བར་བྱེད་པའི་ཆོས་དྲུག་ཡོད་དེ།"
846700,852350,5650,"རང་གི་རྒྱུད་ལ་ང་རྒྱལ་དང་རློམ་སེམས་རི་བོ་ལྟ་བུ་སྐྱེས་སོང་ན་"
852350,855848,3498,"དེ་མ་བཤིག་ནས་བསྒྱེལ་ཏེ་མེད་པ་བྱེད་པ་དང༌།"
855848,859232,3384,"གཞན་ལ་ཕྲག་དོག་སྐྱེ་འོང་ན་ཕྲག་དོག་བྱེད་སའི་ཡུལ་དེ་"
859232,863622,4390,"ཡི་དམ་གྱི་ལྷ་བཞིན་དུ་གུས་པའི་སྒོ་ནས་སྤྱི་བོའི་གཙུག་ཏུ་འཁུར་དགོས་པ་ཡིན།"
863622,867116,3494,"གཞན་དོན་རྒྱ་ཆེན་པོ་བྱས་པ་དེ་ལ་གཞན་དོན་གྲུབ་སོང༌།"
867116,869883,2767,"གཞན་དོན་བྱུང་བསམ་སྟེ་ཆགས་ཞེན་ལྟ་བུ་སྐྱེ་ན་"
869883,874633,4750,"དེ་བདེན་པར་གྲུབ་པ་གང་ཡང་མེད་པ་རྨི་ལམ་དང་སྒྱུ་མ་ལྟ་བུའི་ཤེས་རབ་ཀྱི་སྒོ་ནས་"
874633,879771,5138,"མཚོན་གྱིས་མཆོག་འཛིན་གྱིས་གཞན་དོན་བྱས་པའི་འཛིན་པ་དེ་ཕར་བཤིག་དགོས་པ་ཡིན།"
879771,883511,3740,"ལས་རྒྱུ་འབྲས་ལ་ཁྱད་དུ་གསོད་དེ་སྤྱོད་པ་འཆོལ་བར་གྱུར་པ་ཤེས་ན།"
883511,887833,4322,"དགེ་སྡིག་ཤན་ཐང་ཕྱེད་དེ་བསླུ་བ་མེད་པ་ལ་ཡིད་ཆེས་བསྐྱེད་པ་དགོས་པ་ཡིན།"
887833,890605,2772,"རང་ལ་སྐུར་འདེབས་དང་སྒྲོ་སྐུར་བྱུང་ན་"
890605,894139,3534,"སྐུར་འདེབས་སྒྲོ་སྐུར་དེ་དག་སེམས་ལ་འཁོན་འཛིན་གྱི་སྒོ་ནས་"
894139,899824,5685,"གཞན་ལ་དེའི་རྗེས་སུ་མི་དཔྱོད་པ་བག་ཡོད་པ་བྱེད་དེ་ཞི་དུལ་དང་བསྟེན་ན་"
899824,901715,1891,"རང་ཤུགས་ཀྱིས་འབྱུང་བ་ཡིན།"
901715,906159,4444,"གཞན་གྱི་སྐྱོན་གྱིས་རང་སེམས་འཁྲུག་ན་རང་གི་སྣང་བ་མ་དག་པ་ཡིན་མ་གཏོགས།"
906159,909972,3813,"སེམས་འཁྲུག་བྱེད་ཀྱི་སྐྱོན་དེ་གཞན་གྱིས་བསྟན་གྱི་མེད།"
909972,913827,3855,"དེ་ལྟར་བྱས་ན་རང་རྒྱུད་དམ་པའི་ཆོས་དང་འདྲེས་པའི་རྟགས་སུ་འགྱུར་བ་ཡིན།"
913827,918077,4250,"(170)  ངོ་སྤྲོད་དྲུག་གི་ཤན་ཐང་དབྱེ་བ་ནི། །རིག་པ་གསལ་དག་གྲུབ་མཐའ་ཀུན་ལས་གྲོལ། །"
918077,923064,4987,"ལྟ་བའི་ངོ་སྤྲོད་ཡིན་ནོ་ཕུ་ཐག་ཆོད། །རང་དངས་བདེ་ཆེན་དམིགས་གཏད་གཉིས་འཛིན་གྲོལ། །"
923064,927260,4196,"སྒོམ་པའི་ངོ་སྤྲོད་ཡིན་ནོ་ངང་ལ་སྐྱོངས། །ཐབས་ཤེས་ཟུང་འབྲེལ་བྱང་ཆུབ་ལམ་དུ་སློང༌། །"
927260,931416,4156,"སྤྱོད་པའི་ངོ་སྤྲོད་ཡིན་ནོ་སྒྱུ་མར་སྦྱོངས། །སྣང་སྲིད་ཞིང་ཁམས་ཐ་མལ་ཞེན་རྟོག་ལོག །"
931416,935582,4166,"དམ་ཚིག་ངོ་སྤྲོད་ཡིན་ནོ་རྣམ་དག་གྱིས། །ཅིར་སྣང་རང་བྱུང་ཡེ་ཤེས་བདེ་བའི་ངང༌། །"
935582,939733,4151,"དབང་བཞིའི་ངོ་སྤྲོད་ཡིན་ནོ་ས་ལམ་བགྲོད། །དེ་ལྟར་གང་བྱས་གསང་སྔགས་རྣལ་འབྱོར་ཆེ། །"
939733,948939,9206,"ཞེས་པ་སྟེ། རིག་པ་གསལ་དག་གི་ངོ་བོ་དེ་ཚུལ་བཞིན་དུ་སེམས་ལ་བྱས་ན།"
948939,954489,5550,"ཐེག་པ་གོང་འོག་གི་གྲུབ་མཐའ་ཞེན་པ་ཐམས་ཅད་རང་སར་དུ་གྲོལ་བ་ཡིན།"
954489,957761,3272,"དེ་ལྟར་རང་སར་གྲོལ་ཐུབ་ན་ལྟ་བའི་ངོ་སྤྲོད་ཡིན་པས་ན་"
957761,960544,2783,"ལྟ་བ་ལ་ཐེ་ཚོམ་མེད་པའི་ཕུ་ཐག་ཆོད་པར་བྱེད།"
960544,964394,3850,"ལྟ་བའི་རང་དངས་འདི་ཉིད་བདེ་བ་ཆེན་པོའི་ཡེ་ཤེས་ཡིན་ནའང་"
964394,969539,5145,"དེ་ལ་ཟག་བཅས་ཀྱི་བདེ་བ་ལྟ་བུ་དམིགས་གཏད་དང་གཟུང་འཛིན་གཉིས་ཆོས་འཛིན་པ་"
969539,973272,3733,"རང་ས་རུ་གྲོལ་བ་ཞིག་དགོས་པ་ཡིན། དེ་རང་སར་གྲོལ་བ་འདི་ཉིད་"
973272,977669,4397,"སྒོམ་པའི་ངོ་སྤྲོད་ཡིན། དེ་མ་བཅོས་གཉུག་མའི་ངང་ལ་བབ་ཀྱིས་སྐྱོངས།"
977669,984194,6525,"ཐབས་སྙིང་རྗེ་དང་ཤེས་རབ་སྟོང་པ་ཉིད་ཟུང་དུ་འབྲེལ་བ་འདི་བྱང་ཆུབ་སངས་རྒྱས་གོ་འཕང་ལམ་དུ་སློང་བ་ཡིན་པས།"
984194,989268,5074,"དེ་ཉིད་སྤྱོད་པའི་ངོ་སྤྲོད་ཡིན་པས་སྤྱོད་པ་སྣང་བ་ཐམས་ཅད་སྒྱུ་མ་དང་རྨི་ལམ་ལྟ་བུ་སྦྱོངས།"
989268,994922,5654,"སྣང་སྲིད་ཞིང་ཁམས་ཐམས་ཅད་དགྲ་གཉེན་ཐ་མལ་གྱི་འཛིན་པ་ཞེན་པ་ལོག་པར་བྱས་ན་"
994922,998816,3894,"དམ་ཚིག་དེ་ཉིད་ངོ་སྤྲོད་པ་ཡིན་པས་ན་རྣམ་པར་དག་པར་གྱིས།"
998816,1002483,3667,"ཚོགས་དྲུག་གི་སྣང་བ་ཅི་ཤར་ནའང་ངེས་པར་དཔྱད་ཤེས་ན་"
1002483,1005287,2804,"རང་བྱུང་ཡེ་ཤེས་ཆེན་པོའི་བདེ་བའི་རྩལ་ཡིན་པས་ན།"
1009744,1014013,4269,"སྣང་ཆ་དེ་ཉིད་བུམ་པའི་དབང་དང༌། སྟོང་ཆ་འདི་ཉིད་གསང་བའི་དབང།"
1014013,1018113,4100,"སྣང་སྟོང་ཟུང་འཇུག་གི་ངོ་བོ་འདི་ཉིད་ཤེས་རབ་ཡེ་ཤེས་ཀྱི་དབང་དང༌།"
1018113,1021261,3148,"གནས་ལུགས་མཐར་ཐུག་རྟོགས་པ་བཞི་པའི་དབང་ངོ་སྤྲོད་པ་ཡིན་པས་"
1021261,1024175,2914,"དེ་ལྟ་བུ་ས་ལམ་བགྲོད་པར་བྱས་ན་"
1024175,1028873,4698,"གང་བྱས་གསང་སྔགས་རྡོ་རྗེ་ཐེག་པའི་རྣལ་འབྱོར་པ་ཡིན་པས་ཤིན་ཏུ་གལ་ཆེའོ།"
1028873,1035789,6916,"(171)  །ཆོས་བཞིན་སྤྱོད་ལ་རབ་དྲུག་ཚང་བ་ནི། །ཆགས་ཞེན་མེད་པས་སྦྱིན་པའི་རབ་ཏུ་གདའ། །རང་རྒྱུད་དྲི་མེད་ཚུལ་ཁྲིམས་རབ་ཏུ་གདའ། ཁོང་ཁྲོས་མི་འཁྲུགས་བཟོད་པ་རབ་ཏུ་གདའ། །ངེས་འབྱུང་སྐྱོ་ཤས་བརྩོན་འགྲུས་རབ་ཏུ་གདའ། །དགོངས་པའི་ངང་གནས་བསམ་གཏན་རབ་ཏུ་གདའ། །སེམས་ཉིད་དོན་རྟོགས་ཤེས་རབ་རབ་ཏུ་གདའ། །གང་ཟག་དབང་པོ་རབ་ཏུ་གྱུར་པ་ཆོས་པ་རབ་ཀྱི་མཚན་ཉིད་ནི།"
1035789,1040094,4305,"ཟས་ནོར་བདག་ལུས་སེམས་གང་ལའང་ཆགས་ཞེན་མེད་པས་ན་"
1040094,1042894,2800,"སྦྱིན་པའི་རབ་ཏུ་གདའ་སྟེ་སྦྱིན་པའི་ཕ་རོལ་དུ་ཕྱིན་པ་དང༌།"
1042894,1048641,5747,"རང་གི་རྒྱུད་ལ་ལས་དང་ཉོན་མོངས་ཀྱི་དྲི་མ་མེད་ན་ཚུལ་ཁྲིམས་རྣམ་པར་དག་པ་རབ་ཏུ་གདའ་བ་སྟེ།"
1048641,1051566,2925,"དུས་རྟག་ཏུ་སེམས་ལ་ཁོང་ཁྲོས་མི་འཁྲུགས་ན་"
1051566,1054524,2958,"བཟོད་པ་མཆོག་ཏུ་གྱུར་པ་རབ་ཏུ་གདའ་བ་དང༌།"
1054524,1059066,4542,"ཁམས་གསུམ་འཁོར་བ་ལ་ངེས་འབྱུང་དང་ནི། འཆི་བ་མི་རྟག་པ་དྲན་པའི་སྐྱོ་ཤས་ཡོད་ན་"
1059066,1062477,3411,"བརྩོན་འགྲུས་མི་འབྱུང་བའི་ཐབས་མེད་པས་བརྩོན་འགྲུས་རབ་ཏུ་གདའ།"
1062477,1065590,3113,"ཆོས་ཉིད་ཀྱི་དགོངས་པའི་ངང་ན་དུས་རྟག་ཏུ་མི་གཡོ་བར་གནས་ན་"
1065590,1070827,5237,"བསམ་གཏན་རབ་ཏུ་གདའ། སེམས་ཀྱི་གནས་ལུགས་སྒྲ་ཇི་བཞིན་དུ་རྟོགས་ན་"
1070827,1075656,4829,"ཤེས་རབ་ཀྱི་མཐར་ཐུག་བདག་མེད་རྟོགས་པའི་ཤེས་རབ་ཡིན་པས་རབ་ཏུ་གདའ་འོ།"
1075656,1082050,6394,"(172)  །ཐེག་ཆེན་སྤྱི་ཡི་གདམས་ངག་རྣམ་དྲུག་ནི། །རྟག་ཏུ་འཆི་བསམ་བརྩོན་འགྲུས་ལྕག་གིས་བྲབ། །ཅི་བྱེད་གོམས་གཙོ་ཆོས་ཀྱི་ཕྱོགས་སུ་བསླབ། །"
1082050,1086572,4522,"བསགས་པ་བགྲང་ཞིང་དགེ་སྡིག་གསོ་སྦྱོང་བྱ། །"
1086572,1090550,3978,"དམ་པ་གསུམ་མཆོད་ཚོགས་གཉིས་བསག་ལ་འབད། །དགེ་སྦྱོར་སྲང་གཞུག་སྣང་བ་ཆོས་ལ་བསྒྱུར། །"
1090550,1094877,4327,"ཅི་བྱེད་གཞན་དོན་བདག་མེད་དོན་དང་སྤྲད། །དེ་ལྟར་སུ་བྱེད་ཐེག་མཆོག་སྙིང་པོར་ཞུགས། །"
1094877,1099522,4645,"ཞེས་གསུངས་པ་སྟེ། ད་ཐེག་པ་ཆེན་པོའི་གདམས་ངག་ཟབ་ཅིང་རྒྱ་ཆེ་བ་མང་པོ་ཡོད་ནའང་"
1099522,1103689,4167,"དེ་གདམས་ངག་སྤྱིའི་གཅེས་པའི་གདམས་ངག་རྣམ་པ་དྲུག་ཡོད།"
1103689,1108266,4577,"གང་རེད་ཟེར་ན། དུས་རྟག་ཏུ་འཆི་བ་མི་རྟག་པ་ནམ་འཆི་ཆ་མེད།"
1108266,1111933,3667,"འཆི་རྐྱེན་ངེས་མེད། དོ་དགོང་ཙམ་དུའང་མི་འཆིའི་ངེས་པ་མེད་བསམ་སྟེ་"
1111933,1116541,4608,"རང་གིས་བརྩོན་འགྲུས་དྲག་པོའི་སྒོ་ནས་ལུས་ངག་ཡིད་གསུམ་དགེ་བ་ལ་བྱས་ན།"
1116541,1119227,2686,"དཔེར་ན་རྟ་ལ་ལྕག་གིས་བྲབ་ན་མགྱོགས་པོ་འགྲོ་ཡི་རེད་དུས།"
1119227,1126005,6778,"དཔེ་དེ་བཞིན་དུ་ཆོས་པ་ཆོས་ལ་བསྐུལ་བྱེད་བརྩོན་འགྲུས་ཀྱི་ལྕག་གིས་བྲབ་དགོས་པ་ཡིན།"
1126005,1128589,2584,"ལུས་ངག་ཡིད་གསུམ་གྱིས་བྱ་བ་ཅི་བྱས་ན་"
1128589,1132129,3540,"ཡང་ནས་ཡང་དུ་གོམས་སོང་ན་དེ། ཐོག་མེད་ནས་ད་ལྟ་ཡན་ཆད་དུ་"
1132129,1135112,2983,"འཁོར་བའི་འཁྲུལ་སྣང་མེད་པ་ཞིག་ལ་ཡོད་བསམ་གོམས་སོང་དུས།"
1135112,1137653,2541,"ད་ལྟ་འཁྲུལ་སྣང་འདི་བྱུང་བ་ཡིན་དུས། དཔེ་དེ་བཞིན་དུ་"
1137653,1141340,3687,"དམ་པའི་ཆོས་ཐོས་བསམ་སྒོམ་གསུམ་གྱི་སྒོ་ནས་འདི་སྣང་ཐམས་ཅད་"
1141340,1146555,5215,"སྒྱུ་མ་དང་རྨི་ལམ་ཡིན་པ། དམ་པའི་ཆོས་ཕན་ཡོན་ཡོད་པ་དེ་ཡང་ནས་ཡང་དུ་གོམས་བསྡད་ན།"
1146555,1150397,3842,"དེས་རང་གི་ལུས་ངག་ཡིད་གསུམ་ཆོས་ལ་ཕྱོགས་པས་"
1150397,1154390,3993,"རང་ཤུགས་ཀྱིས་བསྐུལ་འོང་བ་ཡིན། དེ་ནས་ཉི་མ་རེ་རེ་བཞིན་དུ་རང་གི་རྒྱུད་ལ་"
1154390,1158233,3843,"དགེ་བ་ག་ཚོད་བསགས་འདུག་ཅིག་བསགས་པ་འདི་ཡང་དག་བགྲང་བསྡད་ན།"
1158233,1162801,4568,"དཔེར་ན་དོ་དགོང་ཉལ་བའི་ཚེ་ན། དེ་རིང་དགེ་བ་ག་ཚོད་བྱས་འདུག །"
1162801,1167250,4449,"སྡིག་པ་ག་ཚོད་བྱས། སྡིག་པ་བྱས་ཡོད་ན་བཤགས་སྦྱོང་བྱ།"
1167250,1171424,4174,"དགེ་བ་བྱས་ན་ནི་ཡ་ཁ་གསོ་བྱ། ཡང་སང་ཉིན་དེ་བས་ལྷག་བྱེད་བསམ་"
1171424,1173666,2242,"དེ་ལྟ་བུ་གསོ་སྦྱོང་བྱེད་དགོས་པ་ཡིན།"
1173666,1178105,4439,"དགེ་བ་གང་བྱེད་པ་དེ་ལ་སྦྱོར་བ་སེམས་བསྐྱེད་དམ་པ། དངོས་གཞི་དམིགས་མེད་དམ་པ།"
1178105,1180820,2715,"རྗེས་བསྔོ་བ་དམ་པ་གསུམ་གྱིས་རྗེས་སུ་ཟིན་པ་དང༌།"
1180820,1184081,3261,"དེ་ལའང་དམིགས་བཅས་བསོད་ནམས་ཚོགས་ཀྱི་སྦྱིན་པ་བཏང་"
1184081,1187064,2983,"ཚུལ་ཁྲིམས་སྲུང་བ་ལ་སོགས་པ་དང༌། དམིགས་མེད་ཡེ་ཤེས་ཀྱི་ཚོགས་"
1187064,1189966,2902,"སྟོང་ཉིད་ཀྱི་ལྟ་བ་ཚོགས་གཉིས་ཟུང་འཇུག་བསག་པ་"
1189966,1193250,3284,"འབད་དེ་ཟུང་འཇུག་གི་ངང་ལ་བསྡད་དགོས་ཡིན།"
1193250,1196553,3303,"དེ་ནས་དགེ་སྦྱོར་གང་བྱས་པ་དེ་དག་ཐམས་ཅད་"
1196553,1200932,4379,"དཔེར་ན་སྲང་ཞིག་བཀྱག་ན་མཐོ་དམན་མེད་པ་མཉམ་པོ་བྱེད་རྒྱུ་རེད་དུས།"
1200932,1203926,2994,"དཔེ་དེ་བཞིན་དུ་རང་གིས་དགེ་སྦྱོར་གང་བྱས་པ་དེ་ཐམས་ཅད་"
1203926,1207359,3433,"ལུས་ངག་ཡིད་གསུམ་ཆ་མཉམ་གྱིས་དགེ་བ་བྱས་ཨེ་འདུག །"
1207359,1211371,4012,"ཡང་ནས་ཡང་དུ་བྱས་ན་ལུས་ངག་ཡིད་གསུམ་ཆོས་ལ་བསྐུལ་ཏེ་དེ་རེད་ན།"
1211371,1214892,3521,"རང་གི་ཇི་ལྟར་སྣང་བ་ཐམས་ཅད་ཆོས་ལ་རང་ཤུགས་ཀྱིས་བསྒྱུར་འོང་བ་ཡིན།"
1214892,1217289,2397,"སྒོ་ལུས་ངག་ཡིད་གསུམ་གྱིས་བྱ་བ་ཅི་བྱེད་ན་"
1217289,1221163,3874,"རང་དོན་ཁོ་ན་ལ་མི་དམིགས་པ་གཞན་སེམས་ཅན་གྱི་དོན་ཁོ་ན་ལ་དམིགས།"
1221163,1224555,3392,"དེ་ལ་བདག་གཅེས་འཛིན་གྱི་འཁྲི་བ་མེད་པའི་ངང་ནས་"
1224555,1228178,3623,"གཞན་ཕན་གྱི་བསམ་པ་བཟང་པོའི་དོན་དང་སྤྲད་ན།"
1228178,1234339,6161,"དེ་ལྟར་སུ་བྱེད་ཐེག་པ་ཆེན་པོའི་ལམ་གྱི་སྙིང་པོ་ཐམས་ཅད་འདི་དྲུག་གི་ནང་དུ་འདུས་པ་ཡིན།"
1234339,1237644,3305,"དེ་ལ་གཙོ་ཆེ་བར་བྱེད། ད་མན་ངག་མཛོད་ཟེར་ན་"
1237644,1243278,5634,"དྲུག་ཚན་རེ་རེས་ཉམས་སུ་ལེན་ན་མི་ཚེ་གཅིག་གི་སྔོན་འགྲོ་དངོས་གཞི་ཐམས་ཅད་ཡོད་རེད་དུས་དེ་རེད།"
1243278,1247666,4388,"(173)  ཡ་བྲལ་ཉེས་པ་རྣམ་དྲུག་སྤང་བ་ནི། །བསྟེན་པ་མཚན་ལྡན་བླ་མ་མ་བྲལ་དགོས། །"
1247666,1252373,4707,"དེ་དང་བྲལ་ན་ཐར་པའི་ལམ་མི་ཚུད། །རང་རྒྱུད་བརྟན་པའི་དད་པ་མ་བྲལ་དགོས། །"
1252373,1256985,4612,"དེ་དང་བྲལ་ན་ཆོས་ཉིད་ཡུལ་མི་ཕྱིན། །ཉམས་ལེན་ཟབ་མོའི་གདམས་ངག་མ་བྲལ་དགོས། །"
1256985,1261822,4837,"དེ་དང་བྲལ་ན་བྱང་ཆུབ་མྱུ་གུ་མེད། །སྤྲོས་སྤྱོད་ཐོས་བསམ་ཤེས་རབ་མ་བྲལ་དགོས། །"
1261822,1266191,4369,"དེ་དང་བྲལ་ན་ཐེ་ཚོམ་སྒྲོག་མི་ཁྲོལ། །འདུག་ས་རི་ངོགས་དབེན་པ་མ་བྲལ་དགོས། །"
1266191,1270539,4348,"དེ་དང་བྲལ་ན་རྣམ་གཡེང་འདུ་འཛིས་འཁྱེར། །བརྩོན་འགྲུས་སྙིང་རུས་དམ་བཅའ་མ་བྲལ་དགོས། །"
1270539,1274728,4189,"དེ་དང་བྲལ་ན་ཡོན་ཏན་ཐོབ་དུས་མེད། །དེ་ཡི་ཕྱིར་ན་ཡ་བྲལ་མ་སོང་གཅེས། །"
1274728,1279772,5044,"ཞེས་པ་སྟེ། དགེ་སྦྱོར་གང་བྱས་ན་ལམ་ཐམས་ཅད་ཚང་དགོས་རྒྱུ་མ་གཏོགས།"
1279772,1284416,4644,"དེ་མེད་ན་ཡ་བྲལ་ཟེར་དུས། དཔེར་ན་རྐང་པ་ཡ་གཅིག་གིས་ས་གཅིག་ཏུ་འགྲོ་དགོས་ན་"
1284416,1288342,3926,"འགྲོ་ནུས་ཀྱི་མ་རེད་དུས། ཡ་བྲལ་རེད་སོང་ན་ཉེས་པ་ཆེན་པོ་རྣམ་པ་དྲུག་ཡོད།"
1288342,1290388,2046,"ཡ་མི་བྲལ་བའི་ཐབས་ལ་གང་རེད་ཟེར་ན།"
1290388,1295739,5351,"རང་གིས་དུས་རྟག་ཏུ་བསྟེན་ས་འདི་མཚན་ཉིད་དང་ལྡན་པའི་བླ་མ་ཞིག་དང་མི་བྲལ་བ་"
1295739,1299850,4111,"ལུས་དང་གྲིབ་མ་བཞིན་དུ་འགྲོགས་ཏེ་དེ་མཉེས་པ་གསུམ་བསྟེན་དགོས་པ་ཡིན་མ་གཏོགས།"
1299850,1303655,3805,"བླ་མ་དེ་དང་བྲལ་ན་ངེས་འབྱུང་སྐྱོ་ཤས་བྲལ་"
1303655,1306498,2843,"ཆོས་ཀྱི་མོས་པ་དང་བྲལ་ཐར་པའི་ལམ་ལ་མི་ཚུད་པ་ཡིན།"
1306498,1310523,4025,"རང་རྒྱུད་བརྟན་པོ་བྱས་ནས་བཟུང་སྟེ་དགེ་སྦྱོར་གང་བྱེད་པ་དེ་"
1310523,1315922,5399,"ལུས་དང་སྲོག་ལ་མི་ལྟ་བ་བརྩོན་འགྲུས་གཅིག་གི་སྒོ་ནས་ཡང་དག་པའི་དགེ་སྦྱོར་དེ་ལ་"
1315922,1319085,3163,"དང་འདོད་ཡིད་ཆེས་ཀྱི་དད་པ་དང་མི་བྲལ་བ་དགོས་མ་གཏོགས།"
1319085,1325291,6206,"དད་པ་དང་བྲལ་སོང་ན་ཆོས་ཉིད་རྣམ་པར་རྟོགས་པའི་སྟོང་ཉིད་རྟོགས་པའི་ཡུལ་དུ་གཏན་ནས་ཕྱིན་རྒྱུ་མེད།"
1325291,1328339,3048,"དེ་ནས་ཉམས་ལེན་བྱས་ན་ཉམས་སུ་ལེན་རྒྱུ་དེ་ལའང་"
1328339,1331278,2939,"བརྒྱུད་ལྡན་གྱི་བླ་མའི་མན་ངག་ཟབ་མོ་ཞིག་དགོས་རྒྱུ་རེད་མ་གཏོགས།"
1331278,1334850,3572,"ཐོས་པ་རྒྱ་ཆེན་པོ་དང༌། རིག་གནས་མང་པོ་ཤེས་སོང་ནའང་"
1334850,1337961,3111,"མན་ངག་མེད་ན་གནད་ཐོག་ཏུ་འགྲོ་ཤེས་རྒྱུ་མ་རེད་དུས་"
1337961,1343118,5157,"དེ་ཕྱིར་ན་མན་ངག་དེ་དང་བྲལ་ན་བྱང་ཆུབ་ཀྱི་མྱུ་གུ་རང་གི་རྒྱུད་ལ་འཁྲུང་པ་མེད།"
1343118,1347010,3892,"སྤྲོས་པའི་སྤྱོད་པ་ཟེར་སྤྲོས་བཅས་ཀྱི་སྤྱོད་པ་ག་ཚོད་བྱས་ན་"
1347010,1350761,3751,"དེ་ལ་ཐོས་པ་དང་བསམ་པ་གཉིས་ཀྱི་ཤེས་རབ་ཡ་མ་བྲལ་བའི་སྒོ་ནས་"
1350761,1356427,5666,"ཆོས་དང་རྒྱབ་འགལ་མ་རེད་པ་ཞིག་དགོས།"
1356427,1358861,2434,"ཐོས་བསམ་གྱི་ལྟ་བ་དེ་དང་བྲལ་སོང་ན་"
1358861,1362500,3639,"སྤྱོད་པ་བྱེད་བསྡད་པ་དེ་ལ་སྣང་ལ་མ་ངེས་པའི་སྒོ་ནས་"
1362500,1365742,3242,"ཐེ་ཚོམ་དང་སྒྲོག་མི་ཁྲོལ་བ་ཡིན། དུས་རྟག་ཏུ་འདུག་ས་འདི་"
1365742,1368505,2763,"རི་ངོགས་དབེན་པ་གཅིག་པུ་མ་གཏོགས་མེད་ན། དེ་ནས་"
1368505,1373511,5006,"རྣམ་གཡེང་དང་འདུ་འཛི་མེད། ཅི་བྱེད་ཐམས་ཅད་དགེ་བ་རུ་ཤུགས་ཀྱིས་འགྱུར་འོང་རྒྱུ་མ་གཏོགས།"
1373511,1376361,2850,"དེ་མིན་ཚོང་འདུ་ཆེན་པོ་དང་མི་མང་ས་ལ་བསྡད་དེ་"
1376361,1380089,3728,"དབེན་པ་དེ་དང་བྲལ་ན་རྣམ་གཡེང་དང་འདུ་འཛིས་འཁྱེར་འགྲོ་ཡིན།"
1380089,1385189,5100,"ཆོས་བྱེད་པ་དེ་ལ་ཉིན་མི་དལ། མཚན་མི་ཉལ་བའི་བརྩོན་འགྲུས་དང་ནི།"
1385189,1388783,3594,"དེ་ནས་ན་ཚ་སྡུག་བསྔལ་ལྟ་བུ་འབྱུང་ན་བཟོད་སེམས་ཀྱི་སྒོ་ནས་"
1388783,1394011,5228,"སྙིང་རུས་དགེ་བ་དེ་ལྟ་བུ་བྱེད་སྙམ་པའི་དམ་བཅའ་འདི་རྟག་ཏུ་བློས་མ་བྲལ་ཞིག་དགོས་མ་གཏོགས།"
1394011,1397011,3000,"དེ་དང་བྲལ་སོང་ན་བརྩོན་འགྲུས་སྙིང་རུས་དམ་བཅའ་མེད་ན་"
1397011,1402416,5405,"གོང་མའི་ཡོན་ཏན་རྒྱུད་ལ་ཐོབ་པ་མེད། དེའི་ཕྱིར་ན་དེ་ཐམས་ཅད་ཡ་མ་བྲལ་བ་གཅེས་སོ།"
1402416,1409116,6700,"(174)  །འབྲལ་མེད་བསྟེན་ལ་བདུད་དྲུག་སྤང་བ་ནི། །བླ་མ་བསྟེན་ལ་གོ་དྲེད་བདུད་མ་ཞུགས། །"
1409116,1413372,4256,"དཀོན་མཆོག་བསྟེན་ལ་མ་གུས་བདུད་མ་ཞུགས། །དགོན་པ་བསྟེན་ལ་བཏང་སྙོམས་བདུད་མ་ཞུགས། །"
1413372,1416933,3561,"ཐོས་བསམ་བསྟེན་ལ་སྣ་དྲེད་བདུད་མ་ཞུགས། །བསམ་གཏན་བསྟེན་ལ་འཕེལ་མེད་བདུད་མ་ཞུགས། །"
1416933,1422272,5339,"གཞན་དོན་བསྟེན་ལ་རྣམ་གཡེང་བདུད་མ་ཞུགས། །དགོས་པར་སྣང་སྟེ་ཉིན་མོའི་སྐར་ཚོགས་བཞིན། །"
1423983,1430261,6278,"གསུངས་དུས། དུས་རྟག་ཏུ་རང་གི་རྒྱུད་ལ་འབྲལ་བ་མེད་པ་མ་བསྟེན་ནས་བཟུང་སྟེ་"
1430261,1433989,3728,"བར་ཆད་ཀྱི་བདུད་ཟེར་མཁན་འདི། དངོས་སུ་ལྷ་འདྲེ་གཞི་བདག་འདྲ་ཁ་བགྲད་"
1433989,1435777,1788,"མིག་གདངས་བསྡད་རྒྱུ་ཞིག་ཡོད་རྒྱུ་མ་རེད་དེ།"
1435777,1438661,2884,"ཆོས་ལ་ཕྱི་བཤོལ་བྱས་ན་དེ་བར་ཆད་རེད།"
1438661,1442083,3422,"དེ་བར་ཆད་གང་རེད་ཟེར་ན། བླ་མ་དགེ་བའི་བཤེས་གཉེན་བསྟེན་ན་"
1442083,1444499,2416,"དེ་ཅི་མཛད་ལེགས་པ་མཐོང་བའི་མོས་གུས་དང༌།"
1444499,1446841,2342,"ཅི་གསུངས་ཚད་མར་འཛིན་པའི་ཡིད་ཆེས་མེད་ནས་བཟུང༌།"
1446841,1450305,3464,"ཆོས་མང་པོ་ཐོས་ནས་དད་པ། ཐོས་རྒྱུ་དེ་སེམས་རྒྱུད་ནི་"
1450305,1453928,3623,"འདུལ་རྒྱུ་མེད་པ་ཞིག་རེད་འགྲོ་དུས། ཆོས་དྲེད་ཆོས་ཀྱིས་མི་ཐུལ་ཟེར་ཏེ་"
1453928,1456839,2911,"བདུད་ཞུགས་སོང་རེད། དཀོན་མཆོག་རྣམ་པ་གསུམ་པོ་དེ་ལ་"
1456839,1460716,3877,"སྐྱབས་སུ་འགྲོ་ཚར་ནས་བཟུང་དུས་རྟག་ཏུ་དཀོན་མཆོག་གསུམ་ལ་"
1460716,1463498,2782,"ཡིད་ཆེས་ཀྱི་དད་པ་ཡག་པོ་ཞིག་དགོས་རྒྱུ་རེད་མ་གཏོགས།"
1463498,1466978,3480,"ཁ་ཡིས་བླ་མ་ལ་སྐྱབས་སུ་མཆིའོ། །ཟེར་དཀོན་མཆོག་བགྲང་བསྡད་ན་"
1466978,1471583,4605,"སེམས་ཀྱིས་མ་གུས་པ་ཡོད་དེ། ཡིད་ཆེས་མེད་ན་སྐྱབས་འགྲོ་མཚན་ཉིད་པ་རེད་རྒྱུ་མ་རེད་དུས་"
1471583,1473713,2130,"ཡིད་ཆེས་མེད་པས་དེའི་བདུད་ཞུགས་འགྲོ་ཡིན།"
1473713,1477108,3395,"རི་ཁྲོད་དབེན་པ་ལ་བསྟེན་ན་འདྲ་རང་གིས་རང་ལ་རྩིས་གདབ་སྟེ་"
1477108,1479178,2070,"དགེ་སྦྱོར་ཡག་པོ་མཛད་དགོས་རྒྱུ་མ་གཏོགས།"
1479178,1482800,3622,"རང་དགར་ཟ་ཉལ་གཉིས་ཀྱི་སྤྲད་ནས་སྐྱིད་པོ་བྱས་ཉལ་བསྡད་ན་"
1482800,1485148,2348,"བཏང་སྙོམས་ཀྱི་བདུད་ཞུགས་འགྲོ་རྒྱུ་རེད་དུས་དེ་རེད།"
1485148,1488563,3415,"ཐོས་པ་དང་བསམ་པ་ཡང་དག་པ་ཞིག་བྱས་ན།"
1488563,1492863,4300,"ཐོས་བསམ་གྱིས་རང་གི་སེམས་རྒྱུད་འདི་ལ་ཡང་ནས་ཡང་དུ་འདུལ་ཏེ།"
1492863,1498711,5848,"ངེས་འབྱུང་སྐྱོ་ཤས་ས་ལམ་གྱི་རྣམ་བཞག་ལ་སོགས་པ་ཡོན་ཏན་རྒྱུད་ལ་སྐྱེ་དགོས་མ་གཏོགས།"
1498711,1501950,3239,"ཐོས་པ་མང་པོ་རེད་སོང་ན་གང་ན་ཡང་འདི་འདྲ་མང་པོ་གསུངས་འདུག་"
1501950,1504700,2750,"བསམ་ནས་སྣང་མེད་འདྲ་ཞིག་རེད་སོང་ན་"
1504700,1511322,6622,"སྣ་དྲེད་ཀྱི་བདུད་ཞུགས་འགྲོ་བ་ཡིན། རི་ཁྲོད་དབེན་པའི་གནས་སུ་བསམ་གཏན་ཏིང་ངེ་འཛིན་རྒྱུད་ལ་བསྟེན་ནས་བཟུང༌།"
1511322,1513855,2533,"ཆོས་པ་རབ་ཡིན་ན་ཞག་གི་སྐྱེད་འཐོན་བྱེད།"
1513855,1517616,3761,"འབྲིང་ཡིན་ན་ཟླ་བའི་སྐྱེད་འཐོན་བྱེད་ཀྱི་གོང་ནས་གོང་དུ་འཕེལ་བ་མེད་ན།"
1517616,1522237,4621,"སྔ་མའི་རྒྱུད་ཆགས་སྡང་རྨོངས་གསུམ་ཡོད་པ།"
1522237,1525004,2767,"ཕྱིས་སུ་ལོ་མང་པོ་སྒྲུབ་པ་བྱས་ནས་དེ་ཙམ་རེད་སོང་ན།"
1525004,1530689,5685,"ལོ་ཁ་གྲངས་འདུག་ཙམ་ཉམས་ལེན་འདི་ཙམ་མིན་ཕན་པ་མེད་པས་ན་དེ་བདུད་མ་ཞུགས།"
1530689,1534851,4162,"གཞན་དོན་བསྟེན་ལ་རྣམ་གཡེང་བདུད་མ་ཞུགས། །ཟེར་སེམས་ཅན་གཞན་གྱི་དོན་བྱས་ན་"
1534851,1538850,3999,"རང་གི་ཏིང་ངེ་འཛིན་ཐམས་ཅད་ཡལ་བར་དོར་རྣམ་གཡེང་རེད་སོང་ན།"
1538850,1544383,5533,"རྣམ་གཡེང་གི་བདུད་ཞུགས་ཚར་དུས་རང་གི་སེམས་རྒྱུད་འདུལ་རྒྱུ་མེད་པ་"
1544383,1548589,4206,"ལྟར་སྣང་ཙམ་འགྲོ་རྒྱུ་རེད། དེ་ལྟ་བུའི་བདུད་མ་ཞུགས་པ་དགོས་པར་སྣང་སྟེ།"
1548589,1551473,2884,"དེང་སང་ཆོས་པ་རྣམས་བསམ་ན་དེ་བདུད་མ་ཞུགས་པ་འདི་"
1551473,1553665,2192,"ཉིན་མོའི་སྐར་མ་ཙམ་དུ་ཤིན་ཏུ་དཀོན་པ་ཡིན།"
1553665,1558378,4713,"(175)  བསླབ་པའི་མཐའ་དྲུག་འགྲོགས་པར་བསྟན་པ་ནི། །ཕུ་ཐག་འཁྲུས་པའི་ལྟ་བ་མཆོག་དང་འགྲོགས། །"
1558378,1562321,3943,"དེ་མེད་ཆོས་ཉིད་གནམ་འཕང་ཆོད་མི་ནུས། །གཞི་རྟེན་བསླབ་གསུམ་དམ་ཚིག་གཙང་དང་འགྲོགས། །"
1562321,1566398,4077,"དེ་མེད་འདོད་པའི་དངོས་གྲུབ་ཐོབ་མི་ནུས། །དུས་ཚོད་ཤེས་པའི་སྤྱོད་པ་མཆོག་དང་འགྲོགས། །"
1566398,1570070,3672,"དེ་མེད་འཁོར་བའི་ཕ་རོལ་སྒྲོལ་མི་ནུས། །ཉམས་ལེན་རང་བྱུང་ཡེ་ཤེས་གདིང་དང་འགྲོགས། །"
1570070,1575650,5580,"དེ་མེད་གཟུང་འཛིན་ཉོན་མོངས་གདོས་མི་ཆོད། །ཉམས་མྱོང་གོང་འཕེལ་བོགས་འབྱིན་རྩལ་སྦྱོང་འགྲོགས། །"
1575650,1579696,4046,"དེ་མེད་ཉོན་མོངས་གཡུལ་ངོ་བཟློག་མི་འགྱུར། །ཟབ་མོའི་མན་ངག་ཕྱོགས་མེད་ཀུན་དང་འགྲོགས། །"
1579696,1583535,3839,"དེ་མེད་གང་དགོས་འདོད་པའི་དོན་མི་འགྲུབ། །དེ་ཕྱིར་ཡང་དག་སྙིང་པོའི་དོན་འདིར་བསླབ། །"
1583535,1588616,5081,"གསུངས་ནས་བཟུང༌། ད་རང་གིས་དམ་པའི་ཆོས་ལ་བསླབ་ན།"
1588616,1591075,2459,"ཚུལ་ཁྲིམས་ཏིང་འཛིན་ཤེས་རབ་ཀྱི་བསླབ་པ་གསུམ་ཡོད།"
1591075,1594498,3423,"བསླབ་པ་གསུམ་གྱི་ཡོན་ཏན་འདི་མཐའ་དྲུག་མ་རྫོགས་ཀྱི་བར་"
1594498,1597414,2916,"ཇི་སྲིད་འཚོའི་བར་དུ་ལུས་དང་གྲིབ་མ་བཞིན་དུ་འགྲོགས་དགོས།"
1597414,1602678,5264,"གང་རེད་ཟེར་ན། རང་གིས་ཉམས་ལེན་བྱེད་པ་འདི་ལ་ཐེ་ཚོམ་མེད་པའི་ཕུ་ཐག་ཆོད་པ་ཞིག་དགོས་རྒྱུ་རེད།"
1602678,1606722,4044,"ཕུ་ཐག་ཆོད་ས་དེའང་ལྟ་བ་ཡང་དག་པ་"
1606722,1608661,1939,"ནོར་འཁྲུལ་མེད་པ་ཞིག་ཆོད་དགོས་རྒྱུ་རེད་མ་གཏོགས།"
1608661,1611705,3044,"ལྟ་བ་ནོར་སོང་ན་ཐར་པའི་ལམ་འཐོབ་བྱེད་དཔེར་ན་"
1611705,1613726,2021,"ལུས་ཀྱི་མིག་ལྟ་བུ་ལྟ་བ་རེད་དུས།"
1613726,1616964,3238,"དེ་ཕྱིར་ལྟ་བ་ཡང་དག་པ་ཞིག་དགོས།"
1616964,1621234,4270,"ལྟ་བ་ཡང་དག་པ་ཞིག་མེད་ན་ཆོས་ཉིད་ཀྱི་གོ་འཕང་འདི་ནམ་ཡང་རྟོགས་རྒྱུ་མེད་པ་"
1621234,1625133,3899,"གནམ་དང་ས་གཉིས་ཀྱི་བར་ལ་ཐག་རིང་པོ་ལྟ་བུ་རེད་ཚར་དུས་"
1625133,1629611,4478,"ལྟ་བའི་དོན་འདི་རྟོགས་མི་ནུས། དེ་ནས་ལྟ་བ་འདི་རྒྱུད་ལ་རྟོགས་པར་བྱེད་པའི་གཞི་རྟེན་འདི་ལ་"
1629611,1633833,4222,"ཚུལ་ཁྲིམས་ཏིང་འཛིན་བསླབ་པ་གསུམ་དམ་ཚིག་གཙང་མ་ཞིག་དགོས་རྒྱུ་རེད་མ་གཏོགས།"
1633833,1637792,3959,"དམ་ཚིག་གཙང་མ་མེད་ན་ཟས་བཟང་པོ་ཞིག་དུག་བསྲེས་བཞག་ཡོད་ན།"
1637792,1639384,1592,"དེ་སུས་ཀྱང་ཟ་རྒྱུ་མ་རེད་དུས།"
1639384,1643722,4338,"དེ་ཕྱིར་ན་རང་གིས་ཇི་ལྟར་འདོད་པའི་མཆོག་དང་ཐུན་མོང་གི་དངོས་གྲུབ་ཐོབ་པར་མི་ནུས།"
1643722,1647900,4178,"སྤྱོད་པ་དུས་ཚོད་དང་འབྲེལ་ཟེར་རང་གི་ནང་གི་ལྟ་སྒོམ་སྤྱོད་གསུམ་གྱི་"
1647900,1653528,5628,"རྒྱུད་ཚོད་དང་འབྲེལ་བའི་སོ་བྱང་སྔགས་གསུམ་གྱི་སྤྱོད་པ་དེ་བྱེད་དགོས་མ་གཏོགས།"
1653528,1656712,3184,"དུས་ཚོད་དང་འབྲེལ་བའི་སྤྱོད་པ་མཆོག་དང་མ་འགྲོགས་ན་ནི།"
1656712,1662711,5999,"ཆང་འཐུང༌། བུད་མེད་བསྟེན། ཤ་ཟ། ཁྱིམ་པ་ཐ་མལ་པ་ཞིག་རེད་དུས་འཁོར་བའི་ཕ་རོལ་དུ་"
1662711,1666115,3404,"སྒྲོལ་བར་མི་ནུས་པ་ཡིན། ཉམས་ལེན་རྒྱུད་ལ་བྱེད་པ་དེ་ལ་"
1666115,1668750,2635,"རང་བྱུང་གི་ཡེ་ཤེས་ཁོང་ནས་ཤར་བ། དཔེར་ན་"
1668750,1670777,2027,"རྟོགས་པའི་ཉི་མ་ཁོང་ནས་ཤར་འོང་ན།"
1670777,1676405,5628,"ཉི་མ་ནམ་མཁའ་ནས་ཤར་འོང་ན་ས་གཞི་དངོས་པོ་ཆེ་ཆུང་ཐམས་ཅད་"
1676405,1679983,3578,"མིག་གིས་མཐོང་བ་ཙམ་ཞིག་གི་ཤེས་འགྲོ་བ་མ་གཏོགས།"
1679983,1683822,3839,"ནོར་འཁྲུལ་ཡོད་མ་རེད། དཔེ་དེ་ལྟ་བུ་ཉམས་ལེན་རང་བྱུང་གི་ཡེ་ཤེས་དེ་ནང་ནས་"
1683822,1688216,4394,"རྟོགས་ཚར་ན་དེ་རང་གིས་ཆོས་ཉིད་ཀྱི་བདེན་པ་རྟོགས་ཚར་དུས་"
1689933,1692929,2996,"གཟུང་འཛིན་གྱི་འཁྲུལ་པ་རང་ཤུགས་ཀྱིས་ཞི་འགྲོ་རྒྱུ་རེད་མ་གཏོགས།"
1692929,1695944,3015,"ཡང་དག་པའི་ཉམས་ལེན་གྱི་ཡེ་ཤེས་ཀྱི་གདིང་འདི་མེད་ན་"
1695944,1698502,2558,"གཟུང་འཛིན་ཉོན་མོངས་ཀྱི་གདོས་ཐག་དེ་མི་ཆོད་དེ།"
1698502,1703616,5114,"ལོ་མང་པོ་སྒོམ་ལོ་བྱེད་བསྡད་ནའང་བདག་འཛིན་དང་ཉོན་མོངས་སྔ་མ་ལྟར་དུ་རེད་འགྲོ་ལེ་ཡིན།"
1703616,1706739,3123,"ཉམས་མྱོང་གོང་ནས་གོང་དུ་འཕེལ་བར་བྱེད་པ་དེ་ལ།"
1706739,1711166,4427,"བླ་མ་ལ་མོས་གུས་ཡིད་ཆེས་ཀྱི་བརྩོན་འགྲུས་ཀྱི་སྒོ་ནས་བོགས་འདོན་དགོས་རྒྱུ་རེད་མ་གཏོགས།"
1711166,1713109,1943,"བོགས་འདོན་གྱི་རྩལ་སྦྱོང་མེད་ནས་བཟུང་སྟེ་"
1713109,1716394,3285,"རང་གི་རྒྱུད་ཀྱི་ཉོན་མོངས་པའི་གཡུལ་ངོ་དེ་བཟློག་པར་མི་ནུས་དུས།"
1716394,1719239,2845,"རྟག་པར་ཉོན་མོངས་ཀྱི་གཞན་དབང་དུ་འགྱུར་བ་ཡིན།"
1719239,1724122,4883,"ཟབ་མོའི་མན་ངག་སྒོམ་པ་དེ་ལའང་ཕྱོགས་རིས་མེད་པ་ཀུན་དང་མཐུན་པའི་སྒོ་ནས།"
1724134,1728578,4444,"དཔེར་ན་བུང་བ་མེ་ཏོག་གི་ཚལ་དུ་སོང་ན་"
1728578,1732410,3832,"མེ་ཏོག་གང་ཡག་ཡག་གང་མཛེས་མཛེས་ཐམས་ཅད་ཀྱི་སྦྲང་རྩི་ལེན་འགྲོ་རྒྱུ་རེད།"
1732410,1736066,3656,"དཔེ་དེ་བཞིན་དུ་ཟབ་མོའི་མན་ངག་ཟབ་ཅིང་རྒྱ་ཆེ་བ་མང་པོ་ཞིག་ཡོད་ན་"
1736066,1741828,5762,"དེ་གཅིག་གཅིག་རེད། དཔེར་ན་མགར་རའི་སྒྲོས་སློང་བྱེད་ཀྱི་གྱོང་པོ་ཐོ་བ་ལྟ་བུ་གྲུབ་ཡོད་རེད།"
1741828,1745205,3377,"དེ་ལྟ་བུའི་གདམས་ངག་ཟབ་མོ་ཕྱོགས་མེད་དུ་མ་རེད་ན།"
1745205,1749644,4439,"རང་ཇི་ལྟར་དགོས་པའི་མཆོག་དང་ཐུན་མོང་གི་དངོས་གྲུབ་འགྲུབ་པ་མ་ཡིན་པས།"
1749644,1754566,4922,"དེ་ཕྱིར་ན་ཡང་དག་སྙིང་པོ་དོན་དྲུག་པོ་འདི་དག་ལ་ཚུལ་བཞིན་དུ་བསླབ་པར་བྱའོ།"
1754566,1763027,8461,"(176)  །གཙོ་བོ་རྣམ་དྲུག་གདམས་ངག་བསྟན་པ་ནི། །འདུག་སའི་གཙོ་བོར་རི་ངོགས་དབེན་པ་བསྟེན། །"
1763027,1766531,3504,"དེ་ལས་གཞན་དུ་ཡུལ་འཁོར་སྡུག་བསྔལ་རྒྱུ། །ལམ་གྱི་གཙོ་བོར་བླ་མ་སངས་རྒྱས་ཁུར། །"
1766531,1771450,4919,"དེ་ལས་གཞན་དུ་ལམ་རྟགས་རྟེན་འབྲེལ་འཆུག །དམ་ཚིག་གཙོ་བོར་གང་ཡང་ཟུང་འཇུག་གཅེས། །"
1771450,1774964,3514,"དེ་ལས་གཞན་དུ་ཡ་བྲལ་དོན་མི་འགྲུབ། །ཉམས་རྟོགས་གཙོ་བོར་རྣམ་རྟོག་ཡེ་ཤེས་བསྒྱུར། །"
1774964,1779178,4214,"དེ་ལས་གཞན་དུ་སྤང་བྱའི་དཔུང་མི་ཆོམ། །འདུ་ཤེས་གཙོ་བོར་འཁོར་བའི་ཞེན་པ་བཟློག །"
1779178,1783138,3960,"དེ་ལས་གཞན་དུ་ཚེ་འདིའི་དབང་དུ་འཆོར། །ལྟ་བའི་གཙོ་བོར་རྟོགས་མཁན་རང་ངོ་གྲོལ། །"
1783138,1787439,4301,"དེ་ལས་གཞན་དུ་རྟག་ཆད་མཐའ་མི་གྲོལ། །འདི་དག་གཅེས་པའི་མཛོད་ཡིན་གུས་པར་ཟུངས། །"
1787439,1794370,6931,"གསུངས་དུས། ད་ལམ་ཉམས་ལེན་ཐམས་ཅད་ཀྱི་གཙོ་བོ་ཐུན་མོང་མ་ཡིན་པ་རྣམ་པ་དྲུག་ཡིན།"
1794370,1799600,5230,"གང་ཡིན་ཟེར་ན། འདུག་ས་གཙོ་བོ་དེ་དུས་རྟག་པར་རི་ཁྲོད་དབེན་པ་ཅན་ཞིག་བསྟེན་ན་"
1799600,1803120,3520,"རྣམ་གཡེང་དང་འདུ་འཛི་ཉུང༌། ཆོས་དང་མཐུན་པའི་བྱ་བ་འཕེལ་བ་ཡིན།"
1803120,1806572,3452,"དེ་ལས་གཞན་དུ་གྲོང་གསེབ་དང་མི་མང་པོ་ཡོད་ས་ཡིན་ན་"
1806572,1812405,5833,"ཡུལ་འཁོར་ལ་ཆགས་སྡང་གི་རྣམ་གཡེང་མང་པོ་འཕེལ་བ་སྡུག་བསྔལ་གྱི་རྒྱུར་འགྱུར་བ་ཡིན།"
1812405,1817439,5034,"ལམ་ཉམས་ལེན་བྱས་ན་གཙོ་བོ་བླ་མ་སངས་རྒྱས་དངོས་མཐོང་གི་མོས་གུས་སྒོ་ནས་"
1817439,1821544,4105,"བླ་མའི་རྣལ་འབྱོར་དེ་ལ་བརྩོན་པར་བྱས་ན། ལམ་གྱི་གེགས་སེལ་བོགས་འདོན།"
1821544,1824610,3066,"ལམ་རང་དངོས་ཀྱི་ཉམས་ལེན་ཐམས་ཅད་དེ་ཡིན།"
1824610,1827572,2962,"དེ་ལས་གཞན་དུ་ཡིན་ན་ལམ་རྟགས་ཀྱི་རྟེན་འབྲེལ་འཆུག་འགྲོ་བ་ཡིན།"
1827572,1832467,4895,"དམ་ཚིག་གི་གཙོ་བོ་ཡིན་ན་ཐབས་དང་ཤེས་རབ་"
1832467,1836228,3761,"སྟོང་ཉིད་སྙིང་རྗེ་ཟུང་དུ་འཇུག་པ་འདི་ཉིད་གཙོ་བོ་གྱུར་པ་ཡིན།"
1836228,1839844,3616,"དེ་ལས་གཞན་ཟུང་འཇུག་གི་དོན་ཉམས་སུ་མ་ཤེས་ན་"
1839844,1842393,2549,"ཐབས་ཤེས་ཡ་བྲལ་བས་དོན་མི་འགྲུབ།"
1842393,1844826,2433,"ཉམས་རྟོགས་ཀྱི་གཙོ་བོ་འཁྲུལ་པའི་རྣམ་རྟོག་ཐམས་ཅད་"
1844826,1848539,3713,"ཡེ་ཤེས་ཀྱི་ངོ་བོ་རུ་རང་ཤར་རང་གྲོལ་བསྒྱུར་དགོས་པ་ཡིན།"
1848539,1854239,5700,"དེ་ལས་གཞན་དུ་ན་རྣམ་རྟོག་གྲོལ་མ་ཐུབ་ན་སྤང་བྱ་ཉོན་ཤེས་ཀྱི་སྒྲིབ་པ་མི་ཆོམ།"
1854239,1858066,3827,"འདུ་ཤེས་ཀྱི་གཙོ་བོ་ཁམས་གསུམ་འཁོར་བ་ལ་ཞེན་པ་ལོག་གེ་བ་ཞིག་དགོས།"
1858066,1861758,3692,"དེ་ལས་གཞན་དུ་ཚེ་འདིའི་དབང་དུ་འཆོར་འགྲོ་བ་ཡིན།"
1861758,1866139,4381,"ལྟ་བའི་གཙོ་བོ་དེ་ལ་རྟོགས་བྱ་དང༌། རྟོགས་མཁན་ཐམས་ཅད་"
1866139,1869170,3031,"ཆོས་ཉིད་རང་ངོ་ན་གྲོལ་བ་ཞིག་གྱིས། དེ་ལས་གཞན་དུ་ཡིན་ན་"
1869170,1872600,3430,"རྟག་ལྟ་དང་ཆད་ལྟའི་མཐའ་མི་གྲོལ་བ་ཡིན།"
1872600,1874729,2129,"འདི་དག་གཅེས་པའི་མཛོད་ཡིན་གུས་པས་ཟུངས།"
1874729,1878734,4005,"(177)  ཤུགས་ཀྱིས་འགྲུབ་པའི་ཆོས་དྲུག་བསྟན་པ་ནི། །བྱ་བ་བཏང་ན་དགེ་སྦྱོར་ཤུགས་ཀྱིས་འགྲུབ། །"
1878734,1882194,3460,"བསླབ་གསུམ་གཙང་ན་དམ་ཅན་ཤུགས་ཀྱིས་འདུ། །སྙིང་རྗེ་འབྱོངས་ན་འགྲོ་དོན་ཤུགས་ཀྱིས་འབྱུང༌། །"
1882194,1885980,3786,"བསྙེན་སྒྲུབ་ཐེམ་ན་འཕྲིན་ལས་ཤུགས་ཀྱིས་འབྱུང༌། །ལྷུག་པར་གློད་ན་ཆོས་ཉིད་ཤུགས་ཀྱིས་མཐོང༌། །"
1885980,1888161,2181,"མཆོག་ཉིད་བསྒྲུབས་ན་ཐུན་མོང་ཤུགས་ཀྱིས་འགྲུབ། །"
1888161,1892672,4511,"ཅེས་པ་སྟེ། ཆེད་དུ་འབད་རྩོལ་མི་དགོས་པ་ལམ་གྱི་གཙོ་བོ་གཅིག་"
1892672,1895576,2904,"ཉམས་ལེན་བྱས་ན་རང་ཤུགས་ཀྱིས་འབྱུང་འོང་བ་ཡིན་ཏེ།"
1895576,1897989,2413,"ཚེ་འདིའི་བྱ་བ་ཐམས་ཅད་བློས་བཏང་བཞག་ན་"
1897989,1902789,4800,"དགེ་སྦྱོར་ཤུགས་ཀྱིས་འགྲུབ་འོང་བའི་ཚེ་ན་ཆོས་མ་གཏོགས་བྱ་རྒྱུ་ཡོད་མ་རེད་དུས་འགྲུབ་པ་ཡིན།"
1902789,1905950,3161,"ཚུལ་ཁྲིམས་ཏིང་འཛིན་ཤེས་རབ་གསུམ་ལ་བསླབ་པ་འདི་"
1905950,1909294,3344,"གཙང་བ་རེད་སོང་ན། རྣམ་དག་དམ་ཚིག་གཙང་བ་དམ་ཅན་གྱི་བླ་རྡོ།"
1909294,1913278,3984,"གསུངས་པ་ཡིན་པས་ཆོས་སྐྱོང་སྲུང་མ་རང་ཤུགས་ཀྱིས་རང་ལ་མགུ་འོང་བ་ཡིན།"
1913278,1919971,6693,"མཁའ་ཁྱབ་སེམས་ཅན་ཐམས་ཅད་ལ་གཞན་ཕན་སྙིང་རྗེ་ཆེན་པོ་ཅན་ཞིག་ཡོད་ན།"
1919971,1922628,2657,"དེ་སྙིང་རྗེའི་དབང་གིས་འགྲོ་དོན་རང་ཤུགས་ཀྱིས་འབྱུང༌།"
1922628,1924389,1761,"འགྲོ་དོན་ཆེད་དུ་མི་དགོས།"
1924389,1926793,2404,"ཡི་དམ་གྱི་ལྷག་པའི་ལྷ་ལ་བསྙེན་སྒྲུབ་བསྟེན་"
1926793,1930611,3818,"ཡང་ནས་ཡང་དུ་ཐེམ་སྟེ་བསྙེན་སྒྲུབ་གྲངས་མང་པོ་རེད་ན།"
1930611,1934366,3755,"ཞི་རྒྱས་དབང་དྲག་གི་འཕྲིན་ལས་ཤུགས་ཀྱིས་འགྲུབ་མ་གཏོགས་ཆེད་དུ་རྩོལ་མི་དགོས།"
1934366,1938166,3800,"སྒོ་གསུམ་ལྷུག་པར་གློད་ན་ཆོས་ཉིད་ཀྱི་ངོ་བོ་ཤུགས་ཀྱིས་"
1938166,1940944,2778,"མཐོང་བ་ཡིན་མ་གཏོགས། ཧ་ཅང་དམ་པ་དང་བཅུན་ཆེ་ན་"
1940944,1944789,3845,"ཆོས་ཉིད་ཀྱི་དོན་ལ་འགྲིབ་འགྲོ་བ་ཡིན། མཆོག་གི་དངོས་གྲུབ་རྩེ་གཅིག་ཏུ་བསྒྲུབས་ན་"
1944789,1949028,4239,"ཐུན་མོང་ཞི་རྒྱས་དབང་དྲག་ཤུགས་ཀྱིས་འགྲུབ་འགྲོ་བ་ཡིན། ཆེད་དུ་འབད་མི་དགོས་གསུངས།"
1949028,1954183,5155,"(178)  མང་བ་དྲུག་ཏུ་མ་སོང་ཆོས་དྲུག་ནི། །ཞེན་པ་མ་ལོག་འདི་བར་འཁྱོག་པ་མང༌། །"
1954183,1957944,3761,"ཤེས་བྱ་མི་སྒྲུབ་ཐ་མལ་ཤི་བ་མང༌། །གཉེན་པོ་མ་བསྟེན་བསླབ་གསུམ་རལ་བ་མང༌། །"
1957944,1961939,3995,"ཐོས་བསམ་མ་བྱས་སྒོམ་པ་གོལ་བ་མང༌། །རྒྱུ་འབྲས་ཁྱད་གསོད་ངན་སོང་ལྟུང་བ་མང༌། །"
1961939,1965889,3950,"འདུ་འཛི་བདུད་ཀྱིས་སྒྲུབ་པ་བསླུས་པ་མང༌། །མང་པོའི་གསེབ་དེར་བདག་ཉིད་མ་སོང་འཚལ། །"
1965889,1974133,8244,"ཞེས་པ་སྟེ། མང་བ་དྲུག་ཏུ་སོང་ན་སྐྱོན་ཡིན་པས་ན་དེ་ཆོས་དྲུག་ནི།"
1974133,1977550,3417,"གང་རེད་ཟེར་ན། འཇིག་རྟེན་ཚེ་འདིའི་བྱ་བ་ལ་ཞེན་པ་མ་ལོག་ན་"
1977550,1980784,3234,"བྱ་བ་གང་བྱས་ན་ཚེ་འདིའི་ལྟོ་གོས་ཀྱི་དོན་དག་ལ་"
1980784,1988428,7644,"འཁྲུལ་འགྲོ་བ་མ་གཏོགས་མི་ནུས། ཤེས་པར་བྱ་བའི་ཆོས་དེ་ཚུལ་བཞིན་དུ་"
1988428,1990211,1783,"ཐོས་བསམ་སྒོམ་གསུམ་མ་བསྒྲུབས་ནས་"
1990211,1994889,4678,"ཆོས་ཀྱི་གཟུགས་བརྙན་ཙམ་ཞིག་བྱས་ན་ཆོས་མ་བསྒྲུབས་པ་ཐ་མལ་དུ་ཤི་བ་མང་བ་ཡིན།"
1994889,1998305,3416,"ཉོན་མོངས་པའི་གཉེན་པོ་ཚུལ་བཞིན་དུ་རྒྱུད་ལ་མ་བསྟེན་ནས་"
1998305,2003496,5191,"ཉོན་མོངས་ཀྱི་དབང་དུ་ཤོར་ན་བསླབ་པ་གསུམ་འདི་སྲུང་སྡོམ་རྣམ་པར་མ་དག་པ་རལ་བ་མང་བ་ཡིན།"
2003496,2006528,3032,"ཐོས་བསམ་ཡག་པོ་ཅན་ཞིག་སྔོན་དུ་མ་བྱས་ན་"
2006528,2011491,4963,"བླུན་སྒོམ་མུན་རྡོ་འཕང་པ་ཙམ་གྱིས་སྒོམ་པ་ལ་གོལ་བ་མང་བ་ཡིན།"
2011491,2014575,3084,"ལས་རྒྱུ་འབྲས་ཕྲ་ཞིབ་ནས་བཟུང་སྟེ་ཚུལ་བཞིན་དུ་བསྲུང་མ་ནུས་ཏེ་"
2014575,2018183,3608,"ཁྱད་དུ་གསོད་ན་ངན་སོང་ལྷུང་བ་མང་བ་ཡིན།"
2018183,2023725,5542,"རྣམ་གཡེང་དང་འདུ་འཛི་ཞེས་བྱ་བ་འདི་ཕལ་ཆེར་འདིས་བསླུས་པ་མང་བ་མ་གཏོགས།"
2023725,2026801,3076,"རྣམ་གཡེང་དང་འདུ་འཛིས་ཞེན་པ་ལོག་པ་འོང་བ་ཡིན།"
2026801,2030500,3699,"དེ་ལྟ་བུ་མང་པོའི་གསེབ་དེ་ལ་བདག་ཉིད་མ་སོང་བ་འཚལ།"
2030500,2033375,2875,"དེར་སོང་ན་རང་ཉིད་ཆོས་ལ་སྐྱོན་དུ་འགྲོ་བ་ཡིན།"
2033375,2037650,4275,"(179)  ཡིན་པ་དྲུག་གིས་བདུད་ལས་རྒྱལ་བ་ནི། །བསྐུལ་འདེབས་ཡེང་མེད་ཡིན་ནོ་ལེ་ལོའི་བདུད་མ་བསྐུར། །"
2037650,2042361,4711,"བློ་སྦྱོང་གཞན་གཅེས་ཡིན་ནོ་རང་འདོད་བདུད་མ་བསྐུར། །གནས་ལུགས་ཐག་ཆོད་ཡིན་ནོ་ཐེ་ཚོམ་བདུད་མ་བསྐུར། །"
2042361,2047667,5306,"ཉམས་ལེན་མཐའ་བྲལ་ཡིན་ནོ་ཕྱོགས་རིས་བདུད་མ་བསྐུར། །སྒྲུབ་པ་གནད་སྣུན་ཡིན་ནོ་ཁ་འབྱམས་བདུད་མ་བསྐུར། །"
2047667,2050167,2500,"དགོངས་པ་མཐའ་གྲོལ་ཡིན་ནོ་གྲུབ་མཐའི་བདུད་མ་བསྐུར།"
2050167,2055472,5305,"གསུངས་པ་དེ་རེད་དུས། ཡིན་པ་དྲུག་གི་གདམས་ངག་དང་ལྡན་ན་"
2055472,2058878,3406,"བར་ཆད་ཀྱི་བདུད་ལས་རྒྱལ་བ་ཡིན་པས་ན། གང་རེད་ཟེར་ན།"
2058878,2061128,2250,"རང་གིས་ཆོས་ལ་བསྐུལ་བ་འདེབས་པ་འདི་"
2061128,2064967,3839,"ཡེངས་པ་མེད་པའི་དྲན་པ་དང་ཤེས་བཞིན་བསྟེན་པ་ཡིན་པའི་ཕྱིར་ན།"
2064967,2068833,3866,"དྲན་ཤེས་གཉིས་ཡོད་ཚར་ན་ལེ་ལོའི་བདུད་ཀྱི་དབང་དུ་འགྲོ་ཡི་མ་རེད།"
2068833,2073867,5034,"བློ་སྦྱོང་གི་སྙིང་པོ་འདི་གཞན་སེམས་ཅན་ལ་ཕན་སེམས་ཀྱི་གཅེས་འཛིན་འདི་ཡིན་པའི་ཕྱིར་ན།"
2073867,2076550,2683,"གཞན་ཕན་གྱི་བསམ་པ་བཟང་པོ་རྒྱུད་ལ་ཡོད་ན་"
2076550,2078750,2200,"རང་འདོད་ཀྱི་བདུད་ཀྱི་དབང་དུ་འགྲོ་རྒྱུ་མ་རེད།"
2078750,2081855,3105,"གནས་ལུགས་ཀྱི་ལྟ་བ་འདི་ཐག་ཆོད་པ་ཞིག་བྱུང་སོང་ན།"
2081855,2084844,2989,"ངའི་ལྟ་བ་འདི་ཡིན་ནམ་མིན། སྒོམ་པ་འདི་ཡིན་ནམ་མིན་"
2084844,2087333,2489,"བསམ་པའི་ཐེ་ཚོམ་གྱི་བདུད་ཀྱིས་བར་དུ་གཅོད་པ་མི་ལུས།"
2087333,2091170,3837,"ཉམས་ལེན་མཐའ་དང་བྲལ་བ་ཞིག་ཡོད་སོང་ན། ཡོད་པ་རྟག་པའི་མཐའ་དང༌།"
2091170,2094505,3335,"མེད་པ་ཆད་པའི་མཐའི་ཕྱོགས་རིས་བདུད་དུ་མ་བསྐུར།"
2094505,2099533,5028,"སྒྲུབ་པ་གནད་དུ་བསྣུན་པ་ཅན་ཞིག་བྱུང་སོང་ན་ཁ་དང་དོན་གཉིས་ཀ་ཆོས་ལ་འགྲོ་སྟེ།"
2099533,2102174,2641,"ཁ་ཡིས་མཐོན་པོ་བཤད་པའི་ལྟ་བ་རྟོགས་ཡོད་མདོག །"
2102174,2107144,4970,"མངོན་ཤེས་གྲུབ་རྟགས་ཡོད་མདོག་གི་བདུད་ཀྱི་དབང་དུ་མི་འགྲོ་བ་ཡིན།"
2107144,2110905,3761,"དགོངས་པ་མཐའ་བྲལ་ཡིན་པའི་ཕྱིར་ན། མཐའ་ལས་གྲོལ་མ་ཐུབ་ན་"
2110905,2113312,2407,"ང་དང་ཁྱོད་ཀྱི་གྲུབ་མཐའ་མང་པོ་བཟུང་"
2113312,2116494,3182,"གྲུབ་མཐའ་ལ་ཞེན་པར་འགྱུར་བས་དེའི་བདུད་དུ་མ་བསྐུར་བ་ཡིན།"
2116494,2120533,4039,"(180)  ཚད་དྲུག་ལེགས་པར་གཏན་ལ་དབབ་པ་ནི། །རྒྱུ་འབྲས་ཕྲ་སྤྱད་དད་པ་ཆེ་བའི་ཚད། །"
2120533,2124661,4128,"གཏམ་ལ་འཇིགས་པ་ཁྲེལ་འཛེམ་ཆེ་བའི་ཚད། །ཡོན་ཏན་འགོ་བ་གྲོགས་པོ་བཟང་བའི་ཚད། །"
2124661,2128950,4289,"སེམས་ཉིད་ཡུལ་བྲལ་སྒོམ་པ་བཟང་བའི་ཚད། །སྐྱོན་ཡོན་མི་འཕྲོག་ཉམས་ལེན་རྫོགས་པའི་ཚད། །"
2128950,2131473,2523,"སྐུ་གསུམ་ལམ་སློང་ཟད་སར་སྐྱོལ་བའི་ཚད། །"
2138311,2142444,4133,"ཚད་རྣམས་ལྡན་པའི་སྐྱེས་བུ་མཆོག་རབ་ཡིན། །"
2142444,2148222,5778,"གསུངས་པ་སྟེ། ཆོས་ཚུལ་བཞིན་དུ་ཉམས་སུ་བླངས་ཏེ་ཉམས་ལེན་གནད་དུ་གྱུར་པའི་ཚད་དྲུག་ཡོད།"
2148222,2152444,4222,"དེ་གང་ཡིན་ཟེར་ནས་བཟུང་སྟེ། རྒྱུ་འབྲས་ཕྲ་ཞིང་ཕྲ་བ་ནས་ཚུལ་བཞིན་དུ་བསྲུངས།"
2152444,2155992,3548,"སྡིག་པ་ཕྲ་མོ་ཞིག་ཡིན་ན་འཛེམ། དགེ་བ་ཕྲ་མོ་ཞིག་ཡིན་ན་བསྒྲུབས་ན་"
2155992,2158872,2880,"ཡིད་ཆེས་ཀྱི་དད་པ་ངེས་པ་ཡོད་པའི་རྟགས་ཡིན།"
2158872,2164650,5778,"རང་གིས་སྨྲ་བ་མང་པོའི་གཏམ་མཐོ་དམན་མང་པོ་མི་སྨྲ་བ་གཏམ་ལ་འཇིགས་ན་"
2164650,2166911,2261,"ཁྲེལ་འཛེམ་དང་ངོ་ཚ་ཡོད་པའི་རྟགས་ཡིན།"
2166911,2171305,4394,"རང་གི་རྒྱུད་ལ་ཡོན་ཏན་སྔར་མེད་པ་གསར་དུ་ག་ཚོད་འགོ་འོང་ན"
2171305,2175500,4195,"ཆོས་ཀྱི་གྲོགས་པོ་རྒྱུད་ལ་འགོ་བར་བྱས་པའི་ཚད་ཡིན།"
2175500,2180633,5133,"སེམས་ཉིད་བསྒོམ་བྱ་སྒོམ་བྱེད་དང་བྲལ་བའི་ཡུལ་དང་བྲལ་བའི་གཏད་སོ་བྲལ་བ་ཞིག་རེད་སོང་ན།"
2180633,2184300,3667,"འཛིན་པ་མེད་ན་ལྟ་བ་ཡིན། །གསུངས་རྒྱུ་རེད་དུས་སྒོམ་པ་བཟང་བའི་ཚད་ཡིན།"
2184300,2189617,5317,"སྐྱོན་དང་ཡོན་ཏན་གང་གིས་ཀྱང་མི་འཕྲོག་པ་དུས་རྟག་ཏུ་ཉམས་ལེན་གྱི་ཚུགས་མ་ཤོར་ན་"
2189617,2194072,4455,"ལམ་ཁྱེར་ཐོབ་སོང་ཟིན་ཡིན་པས་ན་ཉམས་ལེན་གྱི་རྟགས་ཡོད་པའི་དོན་ཡིན།"
2194072,2197029,2957,"སེམས་ཀྱི་ངོ་བོ་སྟོང་པ་ཆོས་སྐུ། རང་བཞིན་གསལ་བ་ལོངས་སྐུ།"
2197029,2199978,2949,"ཐུགས་རྗེ་འགག་མེད་སྤྲུལ་སྐུ་གསུམ་སྟེ་ལམ་དུ་སློང་ནུས་ན་"
2199978,2204067,4089,"ཆོས་རྣམས་ཟད་སར་སྐྱོལ་བའི་ཚད་ཡིན་པས། ཚད་དེ་རྣམས་ལྡན་པའི་གང་ཟག་ཡིན་ན་"
2204067,2206883,2816,"བསྟན་འཛིན་གྱི་སྐྱེས་བུ་རབ་ཀྱི་མཚན་ཉིད་ཚང་བ་ཡིན།"
2206883,2211503,4620,"(181) ཉེས་པ་དྲུག་ལྡན་མི་བྱ་བསྟན་པ་ནི། །སྡོམ་གསུམ་བླངས་ནས་ཉེས་ལྟུང་འཁུར་མི་བྱ། །"
2211503,2215344,3841,"སྙིང་པོའི་དོན་བོར་ཚིག་ཕྱིར་འབྲང་མི་བྱ། །བྱང་ཆུབ་མི་སྒྲུབ་ཆོས་བརྒྱད་ལྷུར་མི་བྱ། །"
2215344,2219261,3917,"མི་ལུས་ཐོབ་ནས་སྟོང་པར་ལོག་མི་བྱ། །ཟབ་དོན་རྙེད་ནས་དམན་པར་འཇུག་མི་བྱ། །"
2219261,2221243,1982,"སྡེ་སྣོད་འཆད་མཁས་ཉམས་ལེན་མེད་མི་བྱ། །"
2222739,2227983,5244,"གསུངས་དུས། ཉེས་པ་དྲུག་ཡོད། ཉེས་པ་དྲུག་པོ་འདི་དུས་རྟག་ཏུ་བྱ་མི་ཉན།"
2227983,2232678,4695,"གང་རེད་ཟེར་ན། སོ་བྱང་སྔགས་གསུམ་གྱི་སྡོམ་པ་གསུམ་རྒྱུད་ལ་བླངས་ཚར་ནས་"
2232678,2235477,2799,"ཉེས་པ་དང་ལྟུང་བ་རང་གི་རྒྱུད་ལ་མེད་པ་བཤགས་སྦྱོང་གིས་"
2235477,2239949,4472,"གནད་དུ་འགྲོ་བ་ཅན་ཞིག་དགོས། སྙིང་པོ་དོན་ཉམས་ལེན་གྱི་གནད་སྙིང་པོ་འདྲ་འདི་"
2239949,2244467,4518,"མ་ཤེས་ན་ཚིག་ཐ་སྙད་མང་པོ་ཤེས་ཉམས་ལེན་གྱི་གནད་ལ་ཕན་རྒྱུ་མ་རེད་དུས།"
2244467,2248917,4450,"དེའི་རྗེས་སུ་འབྲང་བར་མི་བྱ། བྱང་ཆུབ་སངས་རྒྱས་ཀྱི་གོ་འཕང་མི་སྒྲུབ་པ་"
2248917,2251933,3016,"འཇིག་རྟེན་ཆོས་བརྒྱད་ཀྱི་བྱ་བ་ལྷུར་ལེན་པ་མི་བྱ།"
2251933,2255005,3072,"མིའི་ལུས་རྟེན་ཐོབ་ནས་དལ་འབྱོར་དོན་དང་ལྡན་པའི་ཆོས་ལ་"
2255005,2258078,3073,"མི་ཚུད་པ་རྣམ་གཡེང་དང་འདུ་འཛིས་སྟོང་ལོག་མི་བྱ།"
2258078,2261184,3106,"ཟབ་མོ་སྟོང་པ་ཉིད་ཀྱི་དོན་མངོན་སུམ་རྟོགས་ནས་"
2261184,2263619,2435,"ཐེག་པ་དམན་པ་ལ་མར་འཇུག་པར་མི་བྱ།"
2263619,2267056,3437,"སྡེ་སྣོད་ཐམས་ཅད་ཕར་འཆད་པ་ལ་མཁས་ན།"
2267056,2270176,3120,"མི་ལ་ཆོས་འཆད་པ་འདི་རང་གི་རྒྱུད་ལ་ཉམས་ལེན་ཡོད་དགོས་མ་གཏོགས།"
2270176,2274213,4037,"ཉམས་ལེན་མེད་པའི་ཆོས་འཆད་ཀྱིས་ཕན་པ་མེད་པས་ན་ཉམས་ལེན་མེད་པ་མི་བྱ།"
2274213,2278694,4481,"(182)  སྒྲུབ་ལ་ཉེས་པ་བསམ་པའི་ཆོས་དྲུག་ནི། །བར་ཆོད་མང་ན་མཐུན་འཇུག་རྩིག་པ་བསྒྱེལ། །"
2278694,2282343,3649,"འདུན་པ་མ་ལོག་ལོང་མེད་རྒྱུད་ལ་བསྟེན། །སྙིང་རྗེ་མ་སྐྱེས་རང་ལ་དཔེ་ལོང་ལྟོས། །"
2282343,2286605,4262,"བྱིན་རླབས་ཡལ་ན་མོས་གུས་བརྩོན་འགྲུས་བསྐྱེད། །གནོད་བྱེད་མང་ན་ཞུན་ཐར་མང་དུ་སྦྱོངས། །"
2286605,2290483,3878,"གཞན་དོན་འདོད་ན་སེམས་བསྐྱེད་སྨོན་ལམ་ཐོབ། །དེ་ལྟར་བྱས་ན་ཉེས་པའི་སྐྱོན་ལས་གྲོལ། །"
2290483,2296165,5682,"ཞེས་པ་སྟེ། དམ་པའི་ཆོས་སྒྲུབ་པ་ལ་བར་ཆད་ཀྱི་ཉེས་པ་ཡོད་"
2296165,2300178,4013,"དེ་ཉེས་པ་འདི་ངོ་ཤེས་པར་བྱས་ནས་དེའི་དབང་དུ་མ་འགྲོ་བ་དགོས།"
2300178,2303976,3798,"གང་རེད་ཟེར་ན། རང་ཆོས་སྒྲུབ་པ་དེ་ལ་བར་ཆད་མང་པོ་འབྱུང་ན་"
2303976,2307138,3162,"འཇིག་རྟེན་མཐུན་འཇུག་གི་བྱ་བ་ལྟོ་གོས་ལ་སོགས་པ་དང༌།"
2307138,2312411,5273,"ཡོན་བདག་ངོ་སྲུང་བ་མང་པོ་རྩིག་པ་བསྒྱེལ་ཏེ་ཕར་བློས་གཏོང་བཞག་ན་དགའ་བ་ཡིན།"
2312411,2317100,4689,"དམ་པའི་ཆོས་ཡང་ནས་ཡང་དུ་སྒྲུབ་རྒྱུའི་འདུན་པ་སེམས་ལ་ཡག་པོ་མི་སྐྱེ་ན་ནི།"
2317100,2319181,2081,"ཚེ་ལ་ལོང་མེད་མི་རྟག་པ་འདི་རྒྱུད་ལ་བསྟེན་ནས་"
2319181,2322575,3394,"ཆོས་ལ་རང་ཤུགས་ཀྱིས་འདུན་མ་འོང་པའི་ཐབས་ཡོད་པ་མ་ཡིན།"
2322575,2326474,3899,"སྙིང་རྗེ་རང་གི་རྒྱུད་ལ་མ་སྐྱེས་ན། དཔེར་ན་རང་ལ་ཚེར་མ་ཞིག་ཟུག་ནའང་"
2326474,2329770,3296,"བཟོད་མི་ནུས་པ་དང༌། ཚིག་སྙན་པོ་ཞིག་ཐོས་ན་དགའ་བ་"
2329770,2332483,2713,"འདིས་སེམས་ཅན་ཐམས་ཅད་ལ་དེ་བཞིན་དུ་རེད་བསམ་སྟེ།"
2332483,2336494,4011,"རང་གི་ལུས་ལ་དཔེ་ལོང་ལ། །གཞན་ལ་གནོད་པ་མ་བྱེད་ཅིག །ཟེར་མཁན་འདི་ཡིན།"
2336494,2339655,3161,"བྱིན་རླབས་རྒྱུད་ལ་ཡལ་སོང་ན་བླ་མ་སངས་རྒྱས་དངོས་མཐོང་གི་"
2339655,2344422,4767,"མོས་གུས་དང་ཅི་མཛད་ལེགས་པར་མཐོང་བའི་སྒོ་ནས་བརྩོན་འགྲུས་བསྐྱེད་པ་གལ་ཆེ་བ་ཡིན།"
2344422,2346839,2417,"གནོད་བྱེད་ཀྱི་དགྲ་དང་གདོན་མང་འབྱུང་ན་"
2346839,2350233,3394,"རང་གི་ཉམས་དང་རྟོགས་པའི་ཞུན་ཐར་མང་དུ་དཔྱད་དེ་"
2350233,2354667,4434,"གནོད་བྱེད་ཐམས་ཅད་དགེ་བའི་བསྐུལ་མ་དང༌། སྡུག་བསྔལ་ཐམས་ཅད་དང་དུ་ལེན་པར་བྱེད་པ་ཡིན།"
2354667,2357764,3097,"གཞན་སེམས་ཅན་གྱི་དོན་རྒྱ་ཆེན་པོ་ཞིག་བྱེད་པར་འདོད་ན་"
2357764,2361409,3645,"བྱང་ཆུབ་མཆོག་ཏུ་སེམས་བསྐྱེད་པའི་གཞན་ཕན་གྱི་བསམ་པ་བཟང་པོ་དེ་དང༌།"
2361409,2365239,3830,"གཞན་དོན་རྒྱ་ཆེན་པོ་འགྲུབ་པའི་སྨོན་ལམ་ཡང་ནས་ཡང་དུ་བྱས་ན།"
2365239,2368429,3190,"དེ་ལྟར་བྱས་ན་ཉེས་པའི་སྐྱོན་ཐམས་ཅད་ལས་གྲོལ་བར་འགྱུར་བ་ཡིན།"
2368429,2372567,4138,"(183)  སྒྲུབ་པའི་དམ་ཆོས་ཚད་མ་དྲུག་ལྡན་ནི། །མདོ་རྒྱུད་ལུང་ཟིན་བཀའ་ཡི་ཚད་མ་དང༌། །"
2372567,2376121,3554,"བརྒྱུད་པ་མ་ཆད་གདམས་ངག་ཚད་མ་དང༌། །ཉམས་སེལ་མ་ཞུགས་བྱིན་རླབས་ཚད་མ་དང༌། །"
2376121,2380178,4057,"འདྲ་མིན་མ་བསླད་ཡང་དག་ཚད་མ་དང༌། །རང་རྒྱུད་ཁེལ་བ་ཉམས་མྱོང་ཚད་མ་དང༌། །"
2380178,2384422,4244,"མངོན་སུམ་རྗེས་དཔག་གཏན་ཚིགས་ཚད་མ་དང༌། །རྣམ་པ་དྲུག་ལྡན་ཤིན་ཏུ་གཅེས་པ་ཡིན། །"
2384422,2391389,6967,"ཞེས་པ་སྟེ། ཆོས་བསྒྲུབ་ན་ཆོས་ཚད་ལྡན་གྱིས་སྒྲུབ་པར་བྱེད་པ་ལས་"
2391389,2395485,4096,"ཡོན་ཏན་དྲུག་པོ་འདི་དགོས། གང་རེད་ཟེར་ན།"
2395485,2401050,5565,"རང་གི་ཉམས་ལེན་བྱེད་རྒྱུ་དེ་ལ་སངས་རྒྱས་ཀྱིས་གསུངས་རྒྱུ་མདོ་དང་རྒྱུད་ཀྱི་ལུང་གིས་ཟིན་པའི་"
2401050,2403847,2797,"སངས་རྒྱས་ཀྱི་བཀའ་འཁྲུལ་པ་མེད་པ་ལ་ཁུངས་བཅོལ་རྒྱུ་ཡོད་ན་"
2403847,2406217,2370,"གདམས་ངག་ཁུངས་ཐུབ་པ་ཡིན་པས་དེ་དགོས།"
2406217,2409600,3383,"དེ་ནས་ཆོས་སྐུ་ཀུན་ཏུ་བཟང་པོ་ནས་རང་གི་རྩ་བའི་བླ་མའི་བར་དུ་"
2409600,2414714,5114,"བྱིན་རླབས་བརྒྱུད་པ་མ་ཆད་པ་ཡིན་ན་བླ་མའི་མན་ངག་ཚད་མ་ཡིན་རྒྱུ་རེད་དེ་དེ་དགོས།"
2414714,2418039,3325,"དེ་ནས་རང་གི་ཉམས་ལེན་བྱེད་པའི་གང་ཟག་དེ་ལ་"
2418039,2422450,4411,"དམ་ཚིག་ལ་སེལ་མ་ཞུགས་པ་ཞིག་ཡོད་ན་བྱིན་རླབས་མྱུར་དུ་འཇུག་རྒྱུ་རེད་དུས་དེ་དགོས།"
2422450,2426828,4378,"འདྲ་བ་མང་པོ་ཡོད་ནའང་འདྲ་བ་ཐམས་ཅད་ནོར་ཉན་རྒྱུ་མ་རེད་དུས།"
2426828,2431567,4739,"དེ་མ་བསླད་པ་ཡང་དག་པ་ཚུལ་བཞིན་ཁུངས་ཡོད་པ་ཅན་ཞིག་དགོས།"
2431567,2436417,4850,"རང་གི་རྒྱུད་ལ་སྤང་བྱ་ཉོན་མོངས་པའི་གཉེན་པོ་ག་ཚོད་འགྲོ་ཡི་འདུག །"
2436417,2441826,5409,"ངེས་འབྱུང་ག་ཚོད་སྐྱེས་འདུག །ཉམས་མྱོང་ག་ཚོད་སྐྱེས་འདུག་"
2441826,2444878,3052,"ཚུལ་བཞིན་དུ་མ་བལྟས་ནས་རང་གི་རྒྱུད་ལ་བརྟག་དཔྱད་མ་བཏང་ན་"
2444878,2448894,4016,"མི་རུང་བས་ཉམས་མྱོང་ཚད་མ་ཡོང་དགོས། ཉམས་མྱོང་དེ་དག་ཐམས་ཅད་ལའང༌།"
2448894,2451989,3095,"དཔེར་ན་མིག་གིས་མངོན་སུམ་དུ་མཐོང་བ་ཞིག་ཡིན་ན་མངོན་སུམ།"
2451989,2455306,3317,"བློ་ཡིས་རྗེས་སུ་དཔག་སྟེ་དེ་འདྲ་ཡིན་ས་རེད་བསམ་རྒྱུ་འདི་"
2455306,2458506,3200,"གཏན་ཚིགས་ཚད་མ་གཉིས་པོ་དེ་རྣམ་པ་དྲུག་དང་ལྡན་ན་"
2458506,2461378,2872,"ཆོས་ཚད་ལྡན་དུ་འགྱུར་པས་ཤིན་ཏུ་གཅེས་པ་ཡིན།"
2461378,2465289,3911,"(184)  རང་སྐྱོན་མཚང་ནས་འབྲུ་བའི་ཆོས་དྲུག་ནི། །ངན་གཡོའི་ཁྲིམས་ཀྱིས་རང་མགོ་མ་བསྐོར་ཅིག །"
2465289,2470129,4840,"མི་དགེའི་སྡིག་པས་རང་ཕུང་མ་བསྒྲུབས་ཤིག །ཞེན་འཛིན་ཕུང་འདྲེས་རང་བདུད་མ་འབེབས་ཤིག །"
2470129,2473775,3646,"ཁོང་ཁྲོའི་སེམས་ཀྱིས་རང་སེམས་མ་དཀྲུགས་ཤིག །རྣམ་གཡེང་འདུ་འཛིས་རང་དོན་མ་སླུ་ཞིག །"
2473775,2479122,5347,"འཁོར་བའི་གཡང་སར་རང་ཉིད་མ་འདོར་ཅིག །གྲོས་དེ་ཉན་ན་འདུན་མ་ལེགས་པར་འོང༌། །"
2479122,2483311,4189,"ཞེས་པ་སྟེ། རང་ལ་ཉེས་པའི་སྐྱོན་ཡོད་པ་འདི་ངོ་ཤེས་ཏེ་"
2483311,2486876,3565,"སྐྱོན་མཚང་ནས་འབྲུ་དགོས་ཡིན། གང་རེད་ཟེར་ན།"
2486876,2491567,4691,"ངན་གཡོ་ཞེས་བྱ་བ་ཕ་རོལ་མི་མགོ་སྐོར་བྱེད་ཀྱི་ཆོས་པ་མི་གནས།"
2491567,2495956,4389,"ཡང་དག་རང་རྒྱུད་མ་འདུལ་ནས་ད་དུང་དེ་བྱས་ན་རང་གིས་རང་ལ་མགོ་སྐོར་གཏོང་གི་རེད།"
2495956,2498756,2800,"གཞན་ལ་མགོ་བསྐོར་བཏང་མེད་དེ་དེ་མ་བྱེད།"
2498756,2502327,3571,"སྡིག་པ་མི་དགེ་བ་འདི་རང་གི་རྒྱུད་ལ་བྱས་ན་རང་ཕུང་ཡོང་རྒྱུ་རེད་དུས།"
2502327,2505339,3012,"དེ་ཕྱིར་ན་ངོས་དང་ལྐོག་གཉིས་ཀ་ནས་སྡིག་པ་མ་བྱེད།"
2505339,2508739,3400,"འཇིག་རྟེན་ཚེ་འདིའི་བྱ་བ་ཐམས་ཅད་ལ་ཞེན་འཛིན་མང་པོ་ཞིག་བྱས་ན་"
2508739,2510798,2059,"ཕུང་འདྲེ་འདི་རང་གི་རྒྱུད་ལ་ཞུགས་འོང་རྒྱུ་རེད།"
2510798,2514078,3280,"དེ་ཞེན་འཛིན་མ་བྱེད། ཁོང་ཁྲོ་ཆེ་ནས་བཟུང་སྟེ་"
2514078,2518317,4239,"རང་གི་སེམས་རྣལ་དུ་མི་གནས་པ་བག་མི་ཕེབས་པ་ཞིག་འོང་བ་ཡིན་པའི་ཕྱིར་ན་"
2518317,2520750,2433,"ཁོང་ཁྲོའི་སེམས་ཀྱིས་རང་རྒྱུད་མ་དཀྲུགས།"
2520750,2523817,3067,"རྣམ་གཡེང་དང་འདུ་འཛི་འདི་ད་ལྟ་གནས་སྐབས་ཡག་པོ་འདྲ་ཞིག་ཡོད་དུས།"
2523817,2527583,3766,"ཕུགས་ཀྱི་རང་དམ་པའི་ཆོས་ལས་བཤོལ་བ་ཡིན་པས་དེ་རང་དོན་མ་སླུ།"
2527583,2531421,3838,"ཁམས་གསུམ་འཁོར་བ་དཔེར་ན་གཡང་ས་ལས་ལྷུང་བ་དང་འདྲ་བ་ཡིན་པས་"
2531421,2534834,3413,"འཁོར་བའི་བྱ་བའི་གཡང་ས་དེས་རང་གིས་རང་ཕུང་བར་མ་བྱེད་ཅིག །"
2534834,2537511,2677,"དེ་དག་ཐམས་ཅད་གྲོས་དེ་ཉན་པར་བྱས་ན་"
2537511,2540111,2600,"དམ་པའི་ཆོས་ཀྱི་འདུན་མ་ལེགས་པ་འོང་བ་ཡིན།"
2540111,2543822,3711,"(185)  མཐོ་དམན་དྲིལ་ནས་བསྟན་པའི་ཆོས་དྲུག་ནི། །ཡར་ལ་བླ་མ་ཡི་དམ་མཁའ་འགྲོ་མཆོད། །"
2543822,2548144,4322,"མར་ལ་སྣོད་བཅུད་ལོངས་སྤྱོད་འབྲེལ་ཐག་ཆོད། །བར་དུ་སྣང་སྟོང་ཟུང་འཇུག་དོན་ལ་སྦྱོངས། །"
2548144,2551733,3589,"ཕར་ལ་དགེ་བ་སེམས་ཅན་དོན་ལ་བསྔོས། །ཚུར་ལ་དཀོན་མཆོག་ཡོན་ཏན་རྒྱུད་ལ་སྦྱོར། །"
2551733,2557161,5428,"བར་དུ་བདག་གཞན་དགེ་སྦྱོར་དམིགས་མེད་སྐྱོལ། །དེ་ཡིས་ལམ་ཟབ་སྙིང་པོའི་དམ་ཆོས་འགྲུབ། །"
2557161,2561456,4295,"ཅེས་པ་སྟེ། ཉམས་རྟོགས་པ་མཐོན་པོའི་སྤྱོད་པ་དང༌།"
2561456,2565076,3620,"དབང་པོ་ཐ་མ་དམན་པའི་སྤྱོད་པ་ཐམས་ཅད་གཅིག་ཏུ་དྲིལ་ནས་"
2565076,2567693,2617,"ཉམས་སུ་ལེན་ནུས་ན་རང་རྒྱུད་འདུལ་འགྲོ་རྒྱུ་རེད་དུས།"
2567693,2571461,3768,"དེ་ཕྱིར་ན་ཡར་ལ་རང་གི་བྱིན་རླབས་ཀྱི་རྩ་བ་བླ་མ་ལ་"
2571461,2574483,3022,"སངས་རྒྱས་དངོས་མཐོང་གི་མོས་གུས་ཀྱིས་བླ་མའི་རྣལ་འབྱོར་བསྒོམ།"
2574483,2577366,2883,"དངོས་གྲུབ་ཀྱི་རྩ་བ་ཡི་དམ་ལ་བསྙེན་སྒྲུབ་ལས་གསུམ་བྱས།"
2577366,2582678,5312,"འཕྲིན་ལས་ཀྱི་རྩ་བ་མཁའ་འགྲོ་ཐམས་ཅད་ལ་ཚོགས་དང་གཏོར་མས་མཆོད་པར་བྱེད་དགོས་པ་ཡིན།"
2582678,2587155,4477,"མར་འཁོར་བའི་ཕྱི་སྣོད་ཀྱི་འཇིག་རྟེན་ནང་བཅུད་ཀྱི་སེམས་ཅན་དེ་དག་ཐམས་ཅད་ལ་"
2587155,2590012,2857,"བདེ་སྐྱིད་ལོངས་སྤྱོད་ཡོད་པ་དེ་རང་ལ་ཨེ་ཐོབ་བསམ་ཐོབ་པའི་"
2590012,2594867,4855,"ཐབས་ཤེས་བྱེད་རྒྱུའི་འབྲེལ་ཐག་ཐམས་ཅད་རྩད་ནས་གཅོད་དགོས་པ་ཡིན།"
2594867,2601039,6172,"བར་དུ་ཚེ་འདིའི་སྣང་བ་འདི་ཐམས་ཅད་སྣང་ཆ་ལ་མ་འགགས་པ་འཇའ་ལྟར་དུ་བཀྲ་བ་ཡིན་ནའང༌།"
2601039,2605778,4739,"དེ་ལ་བདེན་འཛིན་དང་ཞེན་པ་མ་བྱེད་པ་སྟོང་ཉིད་སྒྱུ་མ་དང་རྨི་ལམ་ལྟ་བུའི་སྒོ་ནས་"
2605778,2608494,2716,"ཞེན་ཆགས་ཕྱུང་སྟེ་ཟུང་འཇུག་གི་དོན་ལ་སྦྱོངས།"
2608494,2612883,4389,"རང་གི་དགེ་བའི་རྩ་བ་ཇི་སྙེད་ཡོད་པ་དེ་རང་གཅིག་པུའི་དོན་དུ་མ་བྱས་པ།"
2612883,2615341,2458,"ཕར་སེམས་ཅན་ཐམས་ཅད་ཀྱི་དོན་དུ་བསྔོ་ན་"
2615341,2619676,4335,"རང་གི་དགེ་སྦྱོར་དེའང་མང་པོར་འགྱུར་བ་དང་བྱང་ཆུབ་སེམས་པའི་སྤྱོད་པ་རྫོགས་འགྲོ་ལེ་ཡིན།"
2619676,2623778,4102,"རང་གི་རྒྱུད་ལ་ཚུར་སངས་རྒྱས་ཆོས་དགེ་འདུན་གསུམ་གྱི་ཡོན་ཏན་"
2623778,2627300,3522,"གང་ཡོད་པ་དེ་རང་གི་རྒྱུད་ལ་སྔར་ཡོད་པ་འདི་ཉིད་གོང་འཕེལ།"
2627300,2629963,2663,"མེད་པ་འདི་གསར་དུ་འབྱུང་བའི་རྒྱུད་ལ་སྦྱོར།"
2629963,2634003,4040,"བར་དུ་རང་ཡིན་ན་འདྲ། གཞན་ཡིན་ན་འདྲ་དེ་ཐམས་ཅད་"
2634003,2638582,4579,"དགེ་བའི་རྩ་བ་དགེ་སྦྱོར་བྱེད་པ་ལ་ཡང་ནས་ཡང་དུ་བསྐུལ་བ་གདབ་ཤིང་"
2638582,2641844,3262,"དགེ་སྦྱོར་ཡག་པོ་བསྒྲུབས་སོང་ནའང༌། ངས་དགེ་སྦྱོར་འདི་འདྲ་བསྒྲུབས་ཡོད་"
2641844,2645194,3350,"བསམ་རྒྱུའི་རློམ་སེམས་མེད་པ་དམིགས་པ་རྩེ་གཅིག་ཏུ་འབད་དེ།"
2645194,2648961,3767,"དེ་ཡིས་ལམ་ཟབ་སྙིང་པོ་དམ་པའི་ཆོས་ཚུལ་བཞིན་དུ་འགྲུབ་པ་ཡིན།"
2648961,2652733,3772,"(186) ཆོས་དང་འཛོལ་བ་ཡ་ཆ་རྣམ་དྲུག་ནི། །མི་ལུས་ཐོབ་ནས་སྡིག་སྤྱོད་ཡ་རེ་ཆ། །"
2652736,2657350,4614,"ཆོས་དང་ཕྲད་ནས་མི་བསྒྲུབ་ཡ་རེ་ཆ། །ཚུལ་ཁྲིམས་ཐོབ་ནས་རལ་པ་ཡ་རེ་ཆ། །"
2657350,2660921,3571,"དམ་ཚིག་ཉམས་པའི་སྒྲུབ་པ་ཡ་རེ་ཆ། །ཆོས་ཀྱིས་རྙེད་འཚོལ་ལོག་འཚོ་ཡ་རེ་ཆ། །"
2660921,2666350,5429,"རང་དོན་ཕྱལ་བའི་གཞན་དོན་ཡ་རེ་ཆ། །བསམ་ཞིང་ཡི་མུག་གང་ཟག་མང་བར་གདའ། །"
2666350,2673158,6808,"གསུངས་དུས། ཆོས་དང་འཛོལ་བ་ཟེར་དུས་ཆོས་དང་རང་རྒྱུད་ཐ་དད་དུ་འགྲོ་བ།"
2673158,2677079,3921,"ཡ་ཆ་བ་ཟེར་སྐྲག་དགོས་རྒྱུའི་ཉེས་པ་དྲུག་ཡོད། གང་རེད་ཟེར་ན།"
2677079,2680238,3159,"མིའི་ལུས་རྟེན་ཐོབ་ནས་འདི་དལ་འབྱོར་དོན་ཡོད་པ་མི་བྱེད་པ་"
2680238,2682581,2343,"མི་དགེ་སྡིག་པ་སྤྱོད་པའི་གང་ཟག་འདི་ཐམས་ཅད་"
2682581,2687561,4980,"ཤིན་ཏུ་ཡ་ང་བའི་གནས་སུ་འགྱུར་བ་ཡིན། དམ་པའི་ཆོས་ཚུལ་བཞིན་དུ་ཕྲད།"
2687561,2690623,3062,"དགེ་བའི་བཤེས་གཉེན་བསྟེན་ཡོད་ན་ཆོས་འདི་ལག་ཏུ་མི་ལེན་པ་"
2690623,2693967,3344,"རང་བཞིན་གྱིས་མི་བསྒྲུབ་པ། ཁྱིའི་མདུན་དུ་རྩྭ་བཞག་པ་ལྟ་བུ་བྱས་ན་"
2693967,2700278,6311,"དེའང་ཡ་ང་བའི་གནས་ཡིན། སོ་བྱང་སྔགས་གསུམ་གྱི་ཚུལ་ཁྲིམས་ཀྱི་སྡོམ་པ་ཡང་དག་ཅིག་རང་ལ་ཐོབ་སོང་ན།"
2700278,2703506,3228,"དེ་དྲན་པ་དང་ཤེས་བཞིན་གྱི་སྒོ་ནས་སྲུང་སྡོམ་མི་བྱེད་པ།"
2703506,2707666,4160,"ཉམས་ཆག་གིས་རལ་བཅུག་བཞག་ན་དེའང་ཡ་ང་བའི་གནས་ཡིན།"
2707666,2710198,2532,"དམ་ཚིག་ཉམས་སོང་བའི་གང་ཟག་གཅིག་ཡོད་ན་"
2710198,2714200,4002,"མཆོག་དང་ཐུན་མོང་གི་དངོས་གྲུབ་གང་བསྒྲུབ་ན་"
2714200,2717572,3372,"ཚུལ་བཞིན་དུ་མི་བསྒྲུབ་པས་འདི་ཡ་ང་བའི་གནས་ཡིན།"
2717572,2721717,4145,"དམ་པའི་ཆོས་ལ་བརྟེན་ཏེ་ལོངས་སྤྱོད་ཀྱི་རྙེད་པ་མང་པོ་འཚོལ་བ་དེ་"
2721717,2725789,4072,"ཆོས་ཀྱི་ལོག་འཚོ་རེད་དུས་དཀོར་གྲིབ་ཆེན་པོ་ཡིན་པས་དེ་ཡ་ང་བ་ཡིན།"
2725789,2729458,3669,"རང་གི་དོན་ཚུལ་བཞིན་དུ་མ་གྲུབ་གོང་ནས་གཞན་དོན་བྱེད་མདོག་བྱས་ན་"
2729458,2733317,3859,"རང་གི་དོན་དུ་རང་ལ་རྙེད་པ་བཀུར་སྟི། སྙན་པ་གྲགས་པ་འཐོབ་བྱེད་རེད།"
2733317,2735912,2595,"གཞན་དོན་མི་འགྲུབ་པས་ཡ་ང་བའི་གནས་ཡིན།"
2735912,2741406,5494,"ཡ་ང་བའི་གནས་དྲུག་པོ་དེ་དག་ཐམས་ཅད་ལ་བསམ་ན་ཡི་མུག་པ་དང༌།"
2741406,2744439,3033,"གང་ཟག་ཕལ་ཆེར་ཡ་ང་བ་དྲུག་གི་དབང་དུ་འགྲོ་བར་གདའ།"