0,4788,4788,"(134)  གོང་མའི་རྣམ་ཐར་བསྟེན་པའི་ཆོས་དྲུག་ནི། །ཡེང་མེད་མི་རྟག་འཆི་བས་བསྐུལ་མ་བཏབ། །འཁོར་བ་སྡུག་བསྔལ་ཤེས་པས་རྒྱབ་ཏུ་བོར། །རྒྱལ་སྲིད་ལོངས་སྤྱོད་མཆིལ་མ་བཞིན་དུ་བོར། །དད་བརྩོན་རྣམ་དག་བསྟན་པའི་ཆོས་སྒོར་ཞུགས། །དགེ་བའི་བཤེས་བཙལ་ཐོས་བསམ་སྤྲོས་པ་བཅད། །"
4788,10111,5323,"དཀའ་ཐུབ་ཆེར་སྤྱད་ལུས་སྲོག་འབེན་དུ་བཙུགས། །དེ་ལྟར་མཛད་པས་གྲུབ་པ་བརྙེས་པ་དང། །"
10111,12455,2344,"དེ་ལ་ཚད་བཙུགས་སྒྲུབ་ལ་འབད་པར་བྱ། །"
17372,20770,3398,"གསུངས་དུས། དམ་པ་གོང་མ་རྣམས་ཀྱི་རྣམ་ཐར་རང་ལ་རྒྱུད་"
20770,24377,3607,"རྣམ་ཐར་གྱི་བཟང་པོའི་ཡོན་ཏན་འདི་དགོས་པའི་ཆོས་དྲུག་ཡོད།"
24377,28253,3876,"གང་ཡིན་ཟེར་ན། དུས་རྟག་ཏུ་སེམས་ཡེང་བ་མེད་པ་"
28253,31293,3040,"དྲན་ཤེས་བག་ཡོད་ཀྱི་སྒོ་ནས་འཆི་བ་མི་རྟག་པ་ཡང་ནས་ཡང་དུ་"
31293,35688,4395,"བསམ་སྟེ་དམ་པའི་ཆོས་ལ་བསྐུལ་མ་བཏབ་དགོས་པ་དང་གཅིག"
35688,38088,2400,"ཁམས་གསུམ་འཁོར་བ་སྡུག་བསྔལ་གྱི་རང་བཞིན་"
38088,41883,3795,"འཁོར་བའི་བྱེད་སྤྱོད་གང་ལའང་ཞེན་པ་མེད་པ་རྒྱབ་ཏུ་བསྐྱུར་བ་དང་གཉིས།"
41883,47846,5963,"འཁོར་ལོས་བསྒྱུར་བའི་རྒྱལ་སྲིད་ལྟ་བུ་དང༌། ནོར་དང་ལོངས་སྤྱོད་རྣམ་ཐོས་ཀྱི་བང་མཛོད་ལྟ་བུ་ཡིན་ནའང་"
47846,52022,4176,"འདི་སྙིང་པོ་མེད་པ་བསམ་སྟེ་མཆིལ་མ་བཞིན་དུ་འབོར་བར་བྱེད་པ་དང༌།"
52022,54504,2482,"དད་པ་དང་བརྩོན་འགྲུས་རྣམ་པར་དག་པའི་སྒོ་ནས་"
54504,59857,5353,"སངས་རྒྱས་བསྟན་པའི་སྒོ་རུ་ཞུགས་ཏེ་རང་གི་རྒྱུད་ལ་ཡོན་ཏན་གོང་འཕེལ་དུ་བྱེད་པ་དང༌།"
59857,65566,5709,"དགེ་བའི་བཤེས་གཉེན་མཚན་ཉིད་དང་ལྡན་པ་གང་དུ་ཡོད་པ་དེ་ཉིད་བཙལ་ཏེ།"
65566,69225,3659,"ཆོག་ཤེས་མེད་པའི་སྒོ་ནས་ཐོས་བསམ་གྱིས་སྤྲོས་པ་བཅད་ཐུབ་པ་དང༌།"
69225,73337,4112,"ཐོས་བསམ་གྱིས་སྤྲོས་པ་བཅད་ཟིན་པའི་རྗེས་སུ་མི་མེད་དབེན་པའི་གནས་སུ་"
73337,76044,2707,"དཀའ་ཐུབ་ཆེར་བརྩོན་ཏེ་ལུས་དང་སྲོག་ཡལ་བར་དོར་ན་ཡང་"
76044,78999,2955,"ཁྱད་མེད་བསམ་ནས་འབེན་ལ་བཙུགས་ཏེ་སྒྲུབ་པ་བྱས་ན།"
78999,82876,3877,"དེ་ལྟར་མཛད་པ་ནི་སྔོན་བྱོན་གྱི་གྲུབ་པ་གོང་མ་རྣམས་དང་"
82876,87246,4370,"ཁྱད་པར་མེད་པ་ཡིན་པས་ན། དེའི་རྣམ་ཐར་ལ་ཚད་བཙུགས་ཏེ་སྒྲུབ་པ་ལ་འབད་པར་བྱ།"
87246,91165,3919,"(135)  དེ་ལས་གཞན་དོན་ཆོས་དྲུག་འབྱུང་བ་ནི། །ཐུགས་རྗེ་འབྱོངས་པས་ཉེ་རིང་མེད་པར་བརྩེ། །"
91165,94843,3678,"རྟོགས་པ་ཚད་ཕྱིན་བདག་འཛིན་འཁྲུལ་བ་ཞིག །རྒྱུད་ཚོད་ཤེས་པས་རྟེན་འབྲེལ་ཐབས་ལ་མཁས། །"
94843,98767,3924,"ཆོས་ཉིད་གྲོལ་བས་ཅི་སྣང་གྲོགས་སུ་འཆར། །བྱིན་རླབས་ཞུགས་པས་གཞན་སྣང་བསྒྱུར་ནུས་ཤིང༌། །"
98767,103005,4238,"གདུལ་བྱ་དུས་བབ་དད་ལྡན་འགྲོ་བ་འདུ། །ཕྱི་ནང་རྟེན་འབྲེལ་གཅིག་ཏུ་འགྲིགས་པ་ཡིན། །"
103005,108505,5500,"ཞེས་པ་སྟེ། གོང་དུ་བཤད་པའི་ཡོན་ཏན་དྲུག་པོ་དེ་"
108505,111722,3217,"རྒྱུད་ལ་ལྡན་ན་གཞན་དོན་རང་ཤུགས་ཀྱིས་འོང་བའི་ཆོས་དྲུག་ཡོད།"
111722,115477,3755,"གང་རེད་ཟེར་ན། རང་གི་རྒྱུད་ལ་ཐུགས་རྗེའམ་སྙིང་རྗེ་ཆེན་པོ་དེ་"
115477,119083,3606,"འབྱོངས་པས་ན་ཉེ་རིང་མེད་པ་ཐམས་ཅད་ཀྱིས་བརྩེ་སེམས་བྱས་ཏེ་"
119083,124333,5250,"འཁོར་སློབ་མ་མང་བ་དང༌། ལྟ་སྒོམ་གྱི་རྟོགས་པ་ཚད་དུ་ཕྱིན་པ་དེ་ལ་"
124333,128566,4233,"བརྟེན་ཏེ་རང་གི་རྒྱུད་ལ་འཁོར་བ་འཆིང་བྱེད་རྩ་བ་བདག་འཛིན་གྱི་འཁྲུལ་བ་ཞིག་འགྲོ་བ་དང༌།"
128566,131772,3206,"རང་གི་རྒྱུད་ཚོད་མཐོ་དམན་འདི་ཤེས་པའི་སྒོ་ནས་"
131772,135715,3943,"ཉམས་ལེན་རང་རྐྱ་ཐུབ་པ་བྱས་ན་སྤྱོད་པ་བག་ཡོད་དང་འབྲེལ་བས་ན་"
135715,137812,2097,"རྟེན་འབྲེལ་གྱི་ཐབས་ལ་མཁས་པ་དང༌།"
137812,141977,4165,"ལྟ་སྒོམ་སྤྱོད་གསུམ་གྱིས་འཛིན་པ་ཆོས་ཉིད་ཀྱི་ངང་དུ་གྲོལ་བས་ན།"
141977,144155,2178,"ཅི་སྣང་ཐམས་ཅད་གྲོགས་སུ་འཆར་བར་བྱེད་པ་"
144155,148222,4067,"ཐར་པའི་གེགས་མི་བྱེད་པ་དང༌། བླ་མའི་བྱིན་རླབས་རང་གི་རྒྱུད་ལ་"
148222,151692,3470,"ཞུགས་པས་གདུལ་བྱ་གཞན་གྱི་སྣང་བ་རང་ཤུགས་ཀྱིས་བསྒྱུར་ནུས་པ་དང༌།"
151692,155438,3746,"གདུལ་བྱ་དུས་ལ་བབ་ན་དད་ལྡན་གྱི་འགྲོ་བ་ཕར་བསྐྲད་བསྡད་ནའང་"
155438,158002,2564,"རང་ཤུགས་ཀྱིས་ཚུར་འདུ་བར་འགྱུར་པས་"
158002,161807,3805,"ཕྱི་ནང་གི་རྟེན་འབྲེལ་གཅིག་ཏུ་འགྲིགས་པ་ཡིན།"
161807,165827,4020,"(136)  དགེ་སྦྱོར་རྒྱུད་ལ་མ་ཁེལ་སྐྱོན་དྲུག་ནི། །ཉམས་ལེན་མེད་ན་ཤེས་ཀྱང་འཁོར་བར་འཁྱམ། །"
165827,170947,5120,"འབེན་དྲུང་བཞག་ནས་གཞན་དུ་རྒྱང་མདའ་འཕེན། །ཇག་པ་ཤར་རི་ནུབ་རིར་ར་མདར་རྒྱུག །"
170947,175427,4480,"རྐུན་མ་ནགས་བྲོས་རྐང་རྗེས་བྱེ་རིར་བཅད། །ཆུས་ཁྱེར་ར་མདའ་སྐམ་ལ་རྒྱུག་པ་སྟེ། །"
175427,182016,6589,"གྱེར་བའི་སྨྲང་ཡོད་མདོས་གཏོང་ས་མི་ཤེས། །"
182016,184814,2798,"དེ་འདྲའི་གང་ཟག་བདེ་ཆེན་ས་དང་རིང༌། །ཞེས་པ་སྟེ།"
184814,188547,3733,"དགེ་སྦྱོར་རང་གི་རྒྱུད་ལ་གནད་དུ་མ་ཁེལ་དགེ་སྦྱོར་ལྟར་སྣང་བྱེད་ནའང་"
188547,191819,3272,"དེ་ཕན་ཐོགས་པ་མེད་པའི་སྐྱོན་དྲུག་ཡོད། གང་རེད་ཟེར་ན།"
191819,198633,6814,"རྩེ་གཅིག་པའི་ཉམས་ལེན་མེད་ན་ཤེས་བྱ་མཐའ་མང་པོ་ཞིག་ཡོད་ན།"
198633,202224,3591,"སླར་ཡང་ཁམས་གསུམ་འཁོར་བ་འཁྱམ་བྱེད་ཀྱི་རྒྱུ་མ་གཏོགས་གཏན་ནས་མེད།"
202224,205542,3318,"མདའ་འཕེན་པ་ལ་འབེན་འདི་ངོས་བཟུང་དགོས་རྒྱུ་རེད།"
205542,208532,2990,"དེ་མིན་འབེན་རང་གི་དྲུང་དུ་བཞག་ནས་མདའ་རྒྱང་རིང་པོ་ལ་འཕངས་ན་"
208532,210738,2206,"མདའ་ཡིས་འབེན་ཕུག་ཐུབ་ཀྱི་མ་རེད་དུས།"
210738,213874,3136,"དཔེ་དེ་ལྟ་བུ་རང་རྒྱུད་ཀྱི་ཉོན་མོངས་པའི་འཆིང་བ་མི་གྲོལ་བ།"
213874,217086,3212,"ཐག་རིང་ས་ལ་ཕ་མིག་ལྟོས་བྱེད་བསྡད་ན་ཕན་པ་མེད།"
217086,220362,3276,"ཇག་པ་ཤར་རི་ནས་འགྲོ་ཡི་ཡོད་ན་ནུབ་ནས་ར་མདའ་རྒྱུག་བསྡད་ན་"
220362,222306,1944,"ཇག་པའི་ནོར་ཚུར་ལོན་རྒྱུ་མ་རེད་དུས༌།"
222306,225821,3515,"དཔེ་དེ་བཞིན་དུ་ཉོན་མོངས་དུག་ལྔ་རང་གི་རྒྱུད་ལ་ཇག་པ་ཞུགས་བཞིན་"
225821,228128,2307,"དེའི་གཉེན་པོ་མ་བསྟེན་ན་དེ་དང་འདྲ་བ་ཡིན།"
228128,233320,5192,"རྐུན་མ་ནགས་ལ་བྲོས་སོང་ན་རྐང་རྗེས་ཆུ་ཁའི་བྱེ་མ་ལ་"
233320,235287,1967,"བཅད་བསྡད་ན་རྐུ་མ་ངོས་བཟུང་རྒྱུ་མ་རེད།"
235287,239169,3882,"དཔེ་དེ་བཞིན་དུ་རྣམ་གཡེང་དང་འདུ་འཛིའི་རྐུ་མ་སེམས་ལ་"
239169,242672,3503,"ཞུགས་འོང་ན་ངོས་མ་བཟུང་ན་དེ་ལྟ་བུ་ཡིན་པ་ཡིན།"
242672,246429,3757,"ཆུས་ཁྱེར་བའི་མི་ཞིག་དེ་ཆུ་ནས་ཡར་འདོན་དགོས་རེད་བསམ་སྟེ་"
246429,250430,4001,"ར་མདའ་སྐམ་ས་ནས་རྒྱུག་བསྡད་ན་མི་ཆུ་ནང་ཡོད་དུས་འདོན་ཐུབ་ཀྱི་མ་རེད།"
250430,253711,3281,"རང་ཉིད་ལས་དང་ཉོན་མོངས་པ་ཁམས་གསུམ་འཁོར་བའི་རྒྱ་མཚོ་ལ་"
253711,257261,3550,"བྱིང་བཞིན་དུ་ཉམས་ལེན་མ་བྱས་པར་ཐར་པའི་ལམ་ལ་རེ་བ་བྱེད་བསྡད་ན་སླེབ་རྒྱུ་མ་རེད།"
257261,263227,5966,"གླུད་དང་གཏོར་མ་ལ་སོགས་པ་ཕ་རི་གཞན་ལ་གཏོང་ཆོག་བྱེད་ཀྱི་"
263227,267566,4339,"གྱེར་བའི་སྨྲང་ཡོད་ཀྱང་གཏོང་ས་འདི་ཉིད་བཙན་དང་རྒྱལ་པོ་སུ་ཡིན་མ་ཤེས་ན།"
267566,269545,1979,"ནད་པ་ལ་ཕན་ཐོགས་ཀྱི་མ་རེད་དུས།"
269545,273522,3977,"དཔེ་དེ་བཞིན་དུ་རང་གི་འདོད་ཡོན་གྱི་ཞེན་པ་ཐམས་ཅད་ཕར་བཅིངས་བ་དང༌།"
273522,277251,3729,"ཆོས་ཚུལ་བཞིན་དུ་བྱེད་པའི་གནད་དེ་མ་ཤེས་ན་ཕན་པ་མེད།"
277251,281295,4044,"དེ་འདྲ་བའི་གང་ཟག་འདི་ནི་བདེ་བ་ཆེན་པོའི་ས་དང་ཐག་རིང་པོར་འབྱུང་བ་ཡིན།"
281295,285532,4237,"(137)  དཀའ་བའི་སྐྱོན་དྲུག་འབྱུང་བར་བསྟན་པ་ནི། །འཁོར་བར་འདུན་ལ་ཡང་དག་དད་པ་དཀའ། །"
285532,291966,6434,"ཁྲེལ་འཛེམ་མེད་པའི་བསླབ་གསུམ་བསྲུང་བ་དཀའ། །མཚན་ལྡན་མ་མཇལ་ཐར་ལམ་ཚུད་པ་དཀའ། །"
291966,296461,4495,"ཐབས་ལམ་མ་ཆུན་ཡེ་ཤེས་འཆར་བ་དཀའ། །མཐར་འཛིན་མ་གྲོལ་ལྟ་བ་རྟོགས་པར་དཀའ། །"
296461,300955,4494,"མངོན་ཤེས་མེད་པའི་གཞན་དོན་འབྱུང་བ་དཀའ། །དཀའ་བ་ལགས་པས་ཀུན་གྱིས་འགྲུབ་པ་དཀོན། །"
300955,311206,10251,"གསུངས། དམ་པའི་ཆོས་སྒྲུབ་པ་དེ་ལ་ལམ་རྟགས་ཀྱི་ཡོན་ཏན་རྒྱུད་ལ་སྐྱེ་དཀའ་བའི་སྐྱོན་དྲུག་ཡོད་པས།"
311206,313833,2627,"སྐྱོན་དྲུག་པོ་དེ་སྤང་དགོས་པ་ཡིན། གང་རེད་ཟེར་ན།"
313833,316649,2816,"འཁོར་བ་ལ་ཞེན་ཆགས་གཏན་ནས་མ་ཆོད་ནས་བཟུང་སྟེ་"
316649,322883,6234,"ཡང་དག་པའི་དད་པ་ཞིག་རྒྱུད་ལ་སྐྱེ་བར་དཀའ་བ་ཡིན།"
322883,327533,4650,"སྡིག་པ་མི་དགེ་བ་བྱས་ན་ངོ་ཚ་དང་ཁྲེལ་ཡོད་ཅན་ཞིག་མ་འཛེམ་ན་"
327533,330772,3239,"བསླབ་པ་གསུམ་གྱི་ཡོན་ཏན་ཚུལ་བཞིན་དུ་རྒྱུད་ལ་འབྱུང་བར་དཀའ་བ་ཡིན།"
330772,333037,2265,"མཚན་ལྡན་གྱི་བླ་མ་གཅིག་ཀྱང་མ་མཇལ་ན་"
333037,335787,2750,"ཐར་པ་བྱང་ཆུབ་ཀྱི་ལམ་འདི་སྒྲུབ་ཤེས་ཀྱི་མ་རེད་དུས་"
335787,337487,1700,"ཐར་ལམ་ཚུད་པར་དཀའ་བ་ཡིན།"
337487,341146,3659,"གསང་སྔགས་རྡོ་རྗེ་ཐེག་པའི་ཐབས་ལམ་ཞིག་རྒྱུད་ལ་མ་བསྟེན་ནས་བཟུང་སྟེ་"
341146,343372,2226,"རྟོགས་པའི་ཡེ་ཤེས་རྒྱུད་ལ་འཆར་བར་དཀའ་བ་ཡིན།"
343372,347569,4197,"རྟག་ཆད་ཀྱི་མཐར་འཛིན་ལས་མ་གྲོལ་ན་ཡང་དག་པའི་ལྟ་བ་རྟོགས་ཡོད་བསམ་ན།"
347569,349635,2066,"འཛིན་པ་འབྱུང་ན་ལྟ་བ་མིན། །ཟེར་མཁན་རེད་དུས་"
349635,353427,3792,"ཤིན་ཏུ་རྟོགས་པར་དཀའ་བ་ཡིན། རང་རྒྱུད་ལ་མངོན་ཤེས་མ་བྱུང་གོང་ནས་"
353427,356838,3411,"གཞན་དོན་བྱས་ན། གཞན་གྱི་རྒྱུད་ཚོད་དེ་མངོན་ཤེས་ཀྱིས་ཤེས་ཀྱི་མ་རེད་དུས་"
356838,358625,1787,"གཞན་དོན་འབྱུང་བར་དཀའ་བ་ཡིན།"
358625,362104,3479,"དཀའ་བ་ལགས་པས་ན་ཀུན་གྱིས་དཀའ་བའི་ཆོས་དེ་ཡིན་གཅིག་མིན་གཅིག་"
362104,366060,3956,"ཨེ་གྲུབ་བལྟ་སྟེ་སྒྲུབ་པར་བྱེད་དགོས་རྒྱུ་ཡིན་ཏེ། དེང་སང་དཀོན་པོ་རེད་གསུངས།"
366060,369783,3723,"(138)  ཉམས་ལེན་ཡེང་ཐུབ་གོམས་པ་རྣམ་དྲུག་ནི། །དལ་འབྱོར་དྲན་པས་དོན་མེད་བྱ་བ་སྤང༌། །"
369783,374640,4857,"མི་རྟོག་ཡེང་མེད་ལེ་ལོའི་དགྲ་དང་བྲལ། །དངོས་གྲུབ་བརྙེས་པས་བརྩོན་པ་རྒྱུན་མི་འཆད། །"
374640,380326,5686,"ཉམས་རྟོགས་འཕེལ་བས་སྒོམ་སྒྲུབ་བྲོད་པ་སྐྱེ། །རིག་པ་དབང་ཐོབ་ཡེང་རྐྱེན་ཆོས་ཉིད་འཆར། །"
380326,382438,2112,"མདོ་རྒྱུད་ཆོས་དང་རང་རྒྱུད་འདྲེས་པའོ། །"
382438,389911,7473,"ཞེས་གསུངས་དུས། ཉམས་ལེན་གདིང་ཐོབ་སྟེ་ཡེང་པ་མེད་པའི་རྐྱེན་ཐུབ་བྱེད་ཀྱི་གོམས་པ་རྣམ་པ་དྲུག་ཡོད།"
389911,394670,4759,"གང་རེད་ཟེར་ན། དལ་འབྱོར་རྙེད་པར་དཀའ་བ་འདི་རྒྱུད་ལ་བཅོས་མ་མ་ཡིན་པ་ཞིག་དྲན་ན།"
394670,397812,3142,"འཇིག་རྟེན་དོན་མེད་ཀྱི་བྱ་བ་ཐམས་ཅད་ཆེད་དུ་སྤོང་མི་དགོས་སྟེ་"
397812,399979,2167,"རང་ཤུགས་ཀྱིས་སྤང་འགྲོ་བ་ཡིན།"
402427,406411,3984,"མི་རྟག་པ་རྒྱུད་ལ་སྐྱེ་བ་དང༌། ནམ་འཆི་ཆ་མེད་འདི་ཡང་ནས་ཡང་དུ་"
406411,409609,3198,"བསྟེན་བསྡད་ན་ལེ་ལོའི་དགྲས་གཏན་ནས་ཐུབ་ཀྱི་མ་ཡིན།"
409609,412029,2420,"མཆོག་དང་ཐུན་མོང་གི་དངོས་གྲུབ་ཐོབ་བཞིན་ཐོབ་ལ་"
412029,415835,3806,"དངོས་གྲུབ་འདིའི་ཡོན་ཏན་མཐོང་འོང་དུས། དེ་ལ་བྲོད་པ་ཡང་ནས་ཡང་དུ་སྐྱེས་ཏེ་"
415835,418928,3093,"བརྩོན་འགྲུས་རྒྱུན་མི་འཆད་པ་དུས་རྟག་པར་དུ་འོང་བ་ཡིན།"
418928,423333,4405,"ཉམས་དང་རྟོགས་པ་རྒྱུད་ལ་སྐྱེ་འོང་ན་ཉམས་རྟོགས་ཀྱི་གདེང་ཚད་རྙེད་པ་ཤེས་ཏེ་"
423333,427127,3794,"སྒོམ་དང་སྒྲུབ་པ་འདི་ལ་སེམས་བྲོད་པ་འོང་སྤྲོ་བ་རང་ཤུགས་ཀྱིས་སྐྱེ་བ་ཡིན།"
427127,429705,2578,"རིག་པ་བཏང་འགྲོ་བཞག་སྡོད་ལ་རང་དབང་ཐོབ་ན་"
429705,434377,4672,"འཁྲུལ་པའི་ཡེང་རྐྱེན་ཐམས་ཅད་ཆོས་ཉིད་ཀྱི་ངང་དུ་རང་ཤུགས་ཀྱིས་འགྲོ་བ་ཡིན།"
434377,438738,4361,"མདོ་རྒྱུད་ཀྱི་ཆོས་ཀྱི་ཡོན་ཏན་དང་རང་རྒྱུད་གཅིག་ཏུ་འདྲེས་པར་འགྱུར་བའི་ཚེ་ན་"
438738,443625,4887,"དེ་རྐྱེན་ཐུབ་པའི་རྟགས་དྲུག་འདི་འབྱུང་བ་ཡིན།"
443625,447859,4234,"(139)  མཐར་ཕྱིན་བར་དུ་བསྟེན་པའི་ཆོས་དྲུག་ནི། །ཉེ་འབྲེལ་བོར་ལ་ཆོས་ལྡན་གྲོགས་བཟང་བསྟེན། །"
447859,451802,3943,"སྡིག་གྲོགས་བོར་ལ་མཁས་བཙུན་བླ་མ་བསྟེན། །འདུན་གྲོས་བོར་ལ་གཏན་གྱི་སྐྱིད་འདུན་ཆོས། །"
451802,455755,3953,"ཐོས་བསམ་བསྟེན་ལ་རྒྱུད་ལ་ཅི་འདྲིས་གྱིས། །གྲོང་ཡུལ་སྤངས་ལ་རི་ངོགས་དབེན་པ་བསྟེན། །"
455755,460789,5034,"གདམས་པ་ཚོལ་ལ་བརྩོན་པས་སྒྲུབ་པ་གྱིས། །དེ་ལྟར་བྱས་ན་དངོས་གྲུབ་མྱུར་དུ་འཐོབ། །"
460789,466194,5405,"གསུངས་དུས། དམ་པའི་ཆོས་མཐར་མ་ཕྱིན་གྱི་བར་དུ་རྒྱུད་ལ་བསྟེན་དགོས་པའི་ཆོས་རྣམ་པ་དྲུག་ཡིན།"
466194,469086,2892,"གང་ཡིན་ཟེར་ན། ཉེ་འབྲེལ་ལ་ཆགས་སེམས་སྤོང་སྟེ་"
469086,472769,3683,"ཆོས་དང་མཐུན་པའི་གྲོགས་པོ་བསྟེན་ན། ཆོས་མཐུན་གྲོགས་པོ་དགེ་སྦྱོར་གྱི་རྟེན། །"
472769,476322,3553,"ཟེར་མཁན་འདི་རེད་དུས་རང་གི་ཆོས་གསལ་འདེབས་སུ་འོང་བ་ཡིན།"
476322,481648,5326,"དུས་རྒྱུན་དུ་སྡིག་པ་མི་དགེ་བ་སྤྱོད་པ་དང༌། ཆོས་དང་བླ་མ་ལ་ལོག་ལྟ་བསགས་པའི་སྡིག་པའི་གྲོགས་པོ་"
481648,484503,2855,"བོར་བཞག་ནས། མཁས་པ་དང་བཙུན་པའི་བླ་མ་བསྟེན་ན་"
484503,486687,2184,"མཁས་བཙུན་གྱི་ཡོན་ཏན་རྒྱུད་ལ་འོང་བ་ཡིན།"
486687,491231,4544,"འཇིག་རྟེན་ཚེ་འདིའི་དགྲ་འདུལ་གཉེན་སྐྱོང་མ་འོངས་པའི་འདུན་གྲོས་ཐམས་ཅད་"
491231,494299,3068,"ཕ་རྦད་ཀྱིས་བཅད་ལ། གཏན་གྱི་སྐྱིད་པའི་འདུན་མ་"
494299,497572,3273,"དམ་པའི་ཆོས་རེད་དུས་དེ་ཁོ་ན་ལ་བརྩོན་པར་བྱེད་དགོས་པ་ཡིན།"
497572,500820,3248,"ཐོས་པ་དང་བསམ་པ་བསྟེན་པ་དེ་དག་ཐམས་ཅད་"
500820,503383,2563,"ཆོས་ཐོས་བཞིན་དུ་རང་རྒྱུད་འདུལ་ཅི་ཐུབ་ཀྱིས་"
503383,507486,4103,"ཆོས་དང་རང་རྒྱུད་གཅིག་ཏུ་འདྲེས་པའི་ཐབས་ལ་ཅི་ནུས་སུ་བརྩོན་པར་གྱིས།"
507486,512304,4818,"གྲོང་ཡུལ་དུ་སྡོད་པ་སྤངས་ལ་རི་ཁྲོད་དབེན་པའི་གནས་དུས་དང་རྣམ་པ་རྒྱུན་དུ་བསྟེན།"
512304,517605,5301,"བླ་མའི་གདམས་ངག་ཕྱོགས་མེད་དུ་ཚོལ་ལ་རང་ལ་ཡོད་པ་དེ་དག་ཐོས་བསམ་སྒོམ་གསུམ་གྱི་བརྩོན་པས་"
517605,521280,3675,"སྒྲུབ་པར་བྱས་ན་དེ་ལྟར་བྱས་ན་མཆོག་དང་ཐུན་མོང་གི་དངོས་གྲུབ་འཐོབ།"
521280,525199,3919,"(140)  ཕན་གནོད་འདྲེས་མར་སོང་བ་རྣམ་དྲུག་ནི། །ཡོན་ཏན་མི་སྐྱེ་བླ་མ་བསྟེན་པ་དང༌། །"
525199,531655,6456,"སྲོལ་དུ་མི་ཚུད་སློབ་མ་བསྟེན་པ་དང༌། །ཆོས་བརྒྱད་མ་བྲལ་སྒྲུབ་པ་བྱེད་པ་དང༌། །"
531655,536542,4887,"ལོག་འཚོས་རྙེད་འཚོལ་གཞན་དོན་བྱེད་པ་དང༌། །བསྲུང་སེམས་མེད་པའི་སྡོམ་ཁྲིམས་ནོད་པ་དང༌། །"
536542,540297,3755,"དགེ་སྡིག་འཆོལ་བའི་གསང་སྔགས་སྤྱོད་པ་རྣམས། །ཕན་གནོད་འདྲེས་པས་ཆོས་ཀྱི་གཟུགས་བརྙན་ཡིན། །"
540297,546735,6438,"གསུངས་དུས། དེ་ནས་ཡང་སྐྱོན་དང་ཡོན་ཏན་ཕན་པ་དང་གནོད་པ་འདྲེས་མར་སོང་བའི་ཆོས་རྣམ་པ་དྲུག་ཡོད།"
546735,550691,3956,"གང་རེད་ཟེར་ན། རང་གི་རྒྱུད་ལ་ཡོན་ཏན་གང་ཡང་མི་སྐྱེ་བ་"
550691,556308,5617,"གསོལ་རས་དང་གནང་སྦྱིན་ལ་དགའ་སྟེ་བླ་མ་བསྟེན་པར་བྱས་ན་"
556308,558445,2137,"བླ་མའི་ཡོན་ཏན་རྒྱུད་ལ་མི་འགོས།"
558445,561097,2652,"ཉམས་ལེན་གྱི་སྲོལ་འདི་གྲིམ་མ་ཤེས་ནས་བཟུང་སྟེ་"
561097,564815,3718,"སློབ་མ་མང་པོ་བསྟེན་བསྡད་ན་སློབ་མའི་རྒྱུད་འདུལ་བའི་དུས་མེད།"
564815,569038,4223,"འཇིག་རྟེན་ཆོས་བརྒྱད་ཀྱི་བྱ་བ་དང་མ་བྲལ་ན་སྒྲུབ་པ་བྱེད་ལོ་བྱེད་ཀྱང་"
569038,572719,3681,"ཚེ་འདིའི་འཆིང་ཐག་ཁོ་ནའི་དབང་དུ་འགྲོ་བ་ཡིན།"
572719,578207,5488,"ལོག་འཚོ་དཀོར་གྱི་སྡིག་པས་རྙེད་པ་འཚོལ་བསྡད་ན་གཞན་སེམས་ཅན་གྱི་དོན་བྱེད་ཟེར་མཁན་དེའང་"
578207,581264,3057,"ལྟར་སྣང་ཙམ་མ་གཏོགས་གཞན་དོན་སྒྲ་ཇི་བཞིན་པ་མ་ཡིན།"
581264,585656,4392,"རྒྱུད་ལ་སྤང་བྱ་ཐམས་ཅད་སྤངས། བླང་བྱ་ཚུལ་བཞིན་དུ་བླང་བསམ་ནས་"
585656,588391,2735,"བསྲུང་སེམས་མེད་ན་སྡོམ་པ་དང་ཚུལ་ཁྲིམས་དག་མདོག་བྱས་ན་"
588391,592655,4264,"སོ་བྱང་སྔགས་གསུམ་གྱི་བསླབ་པ་མང་པོ་ཞུ་ན་ཉེས་པ་ཆེ་བའི་རྒྱུ་ཡིན།"
592655,596897,4242,"དགེ་བ་དང་སྡིག་པ་མི་འཆོལ་བ་དགེ་སྡིག་སྤང་བླང་ཚུལ་བཞིན་དུ་མ་བྱས་པ་"
596897,598999,2102,"གསང་སྔགས་ཀྱི་སྤྱོད་པ་ལ་ཁ་བསྐྱལ་ན་"
598999,604135,5136,"དགེ་སྟོང་སྡིག་སྟོང་ནག་པོ་ཁ་འབྱམས་དང་འདྲ་བ་ཡིན།"
606794,610383,3589,"ཕན་པ་དང་གནོད་པ་འདྲེས་པར་གྱུར་པའི་གང་ཟག་དེ་དག་ཐམས་ཅད་"
610383,613488,3105,"གཉེན་པོ་དང་སྤང་བྱ་གཉིས་ལྷན་ཅིག་ཏུ་བསྲེས་འགྲོ་དུས་"
613488,615633,2145,"ཆོས་ཀྱི་གཟུགས་བརྙན་ཙམ་དུ་འགྱུར་བ་ཡིན།"
615633,620231,4598,"(141)  ལོག་གནོན་གཟེར་བུ་ལྟ་བུའི་ཆོས་དྲུག་ནི། །གནོད་བྱེད་དགྲ་སྡང་བཏུལ་ཞིང་སླར་མང་བས། །"
620231,627019,6788,"ལོག་གནོན་བདག་འཛིན་གདུག་པ་འདུལ་བ་གནད། །འདོད་ཡོན་སྤྱད་ཅིང་ཞེན་པ་སླར་འཕེལ་བས། །"
627019,632111,5092,"ལོག་གནོན་བཙན་ཐབས་ཞེན་པ་གཅོད་པ་གནད། །དལ་ཚོགས་ལོང་གཏམ་སྨྲས་ཤིང་སླར་མང་བས། །"
632111,638227,6116,"ལོག་གནོན་མི་སྨྲ་གཅིག་པུར་འདུག་པ་གནད། །གཞན་སེམས་གཟུང་འཛིན་བྱར་དགོས་སླར་མང་བས། །"
644100,646681,2581,"ལོག་གནོན་གར་བབས་ངང་ལ་སྐྱུར་བ་གནད། །"
646681,651232,4551,"རང་སེམས་སྒྲིམ་ཞིང་འཇུར་བུ་སླར་མང་བས། །ལོག་གནོན་རང་བབས་ངང་དེར་གློད་པ་གནད། །"
651232,655416,4184,"བྱ་བྱེད་སྤྲོས་པ་བྱས་ཤིང་སླར་མང་བས། །ལོག་གནོན་ཅོག་གཞག་རང་བབས་གཏོང་བ་གནད། །"
655416,658316,2900,"འདི་རྣམས་ལྡན་ན་རེ་དོགས་གཉིས་འཛིན་འཇིག །གསུངས་དུས།"
658316,666072,7756,"དམ་པའི་ཆོས་ལས་ཕྱིན་ཅི་ལོག་ཏུ་གྱུར་པ་དེ་སྤྱོད་པ་ཡོད་པས་ན།"
666072,671571,5499,"དེ་སྤྱོད་པ་ལོག་པ་འདི་ཟིལ་གྱིས་གནོན་པར་གྱུར་པའི་ཆོས་དྲུག་ཡོད་དེ།"
671571,677307,5736,"གང་རེད་ཟེར་ན། གནོད་བྱེད་དགྲ་བོ་དེ་དག་མེད་པ་བྱེད་དགོས་འདུག་བསམ་ནས་"
677307,681008,3701,"དགྲ་ལ་སྡང་སེམས་ཀྱི་སྒོ་ནས་ཕ་རོལ་ཟིལ་གྱིས་གནོན་པའི་ཐབས་སུ་བྱས་ན།"
681008,684237,3229,"དགྲ་ཇེ་མང་དུ་འགྲོ་སྟེ་ཁོང་ཁྲོ་ཇེ་ཆེར་འགྲོ་བ་ཡིན་པས་ན།"
684237,688051,3814,"དེའི་ལོག་གནོན་ཅི་དགོས་ཟེར་ན། བདག་གཅེས་འཛིན་གྱི་འཁྲི་བ་བཅད་ནས་"
688051,693383,5332,"དགྲ་ལ་བཟོད་པ་སྒོམ་པ་གནད། འདོད་ཡོན་ལྔ་ལ་ཇི་ཙམ་ལོངས་སུ་སྤྱད་བཞིན་དུ་"
693383,698338,4955,"འདོད་ཡོན་གྱི་ཞེན་པ་སླར་འཕེལ་བ་མ་གཏོགས་སེམས་ཚིམས་དུས་མེད་པའི་ཕྱིར་ན།"
698338,701826,3488,"དེའི་ལོག་གནོན་ལ་བཙན་ཐབས་ཀྱི་སྒོ་ནས་"
701826,706458,4632,"འདོད་ཡོན་ཐམས་ཅད་དགྲ་བཞིན་དུ་སྤོང་སྟེ་ཞེན་པ་རྩེ་གཅིག་ཏུ་གཅོད་པ་གནད།"
706458,711497,5039,"ལྷོད་ལྷོད་བྱས་བསྡད་དེ་འཇིག་རྟེན་གྱི་ཆགས་སྡང་འབྲེལ་བའི་གཏམ་མང་པོ་"
711497,715963,4466,"སྨྲས་བསྡད་ན་གཏམ་སྨྲ་བཞིན་དུ་མང་བས། ལོག་གནོན་གྱིས་ངག་གིས་མི་སྨྲ་བ་"
715963,720358,4395,"གཅིག་པུ་རི་ཁྲོད་དུ་འདུག་པ་གནད་ཡིན། གཞན་གྱི་ངོ་བསྲུང་དགོས་འདུག་བསམ་པས་"
720358,724466,4108,"གཞན་སེམས་ངོ་སྲུང་བྱས་ན་སླར་ཡང་ཇེ་མང་དུ་འགྲོ་བ་ཡིན་པས་ན།"
724466,728569,4103,"གཞན་ཕ་རོལ་པོས་གང་མཐོང་ནའང་རེ་དོགས་མེད་པའི་སྒོ་ནས་"
728569,733458,4889,"གར་བབས་སུ་བསྐྱུར་བ་གནད་ཡིན། རང་གི་སེམས་ཇི་ཙམ་ཞིག་སྒྲིམ་བཞིན་དུ་"
733458,739888,6430,"སེམས་སྒྲིམ་ཆེ་ན་ཡང༌། དཔེར་ན་སྐུད་པ་སྒྲིམ་ཆེ་ན་"
739888,743996,4108,"དེ་འཇུར་མདུད་གང་འགྲོ་རྒྱུ་རེད་དུས་དེ་ལྟ་བུ་སླར་ལ་མང་བ་ཡིན་པས་ན།"
743996,746622,2626,"ལོག་གནོན་གྱིས་རང་བབས་ཀྱིས་དགེ་སྦྱོར་གྱི་ངང་"
746622,750628,4006,"གུ་ཡངས་ལྷོད་ཆ་དང་བཅས་པ་གཅེས། བྱ་བྱེད་ཀྱི་སྤྲོས་པ་ཇི་ཙམ་དུ་མང་ན་"
750628,754943,4315,"སླར་ཡང་དེ་ཙམ་ངར་ཞིང་བདོ་ཡོང་རྒྱུ་མ་གཏོགས་མེད་པས་"
754943,758816,3873,"དེའི་ལོག་གནོན་ལ་བྱ་བ་ཐམས་ཅད་ཅམ་གྱིས་བཞག་སྟེ་རང་བབས་ཀྱི་བདེ་བ་ཡིན།"
758816,763169,4353,"འདི་རྣམས་དང་ལྡན་ན་རེ་དོགས་གཉིས་འཛིན་ཞིག་སྟེ་གུ་ཡངས་བློ་བདེ་རུ་འགྱུར་བ་ཡིན།"
763169,769350,6181,"(141)  རང་རྒྱུད་ཆོས་ལ་འབྱོར་བའི་རྟགས་དྲུག་ནི། །"
769350,778172,8822,"འདོད་ཡོན་བདུད་ཤེས་འཁོར་བར་ཞེན་ལོག་རྟགས། །ཅི་བྱས་ལམ་འགྱུར་བྱིན་རླབས་ཞུགས་པའི་རྟགས། །"
778172,783444,5272,"རིག་པ་དབང་བསྒྱུར་དངོས་གྲུབ་མཆོག་ཐོབ་རྟགས། །གཞན་གྱིས་མི་འགྱུར་ལྟ་དགོངས་སྐྱེས་པའི་རྟགས། །"
783444,787266,3822,"བླ་མ་མཇལ་སྤྲོ་མོས་གུས་ཞུགས་པའི་རྟགས། །ཚེ་འདི་བློས་ཐོང་ཆོས་ཀྱིས་ཕན་ཐོགས་རྟགས། །"
787266,789694,2428,"རྟགས་ཆེན་དྲུག་ལྡན་སྐྱེས་བུ་དམ་པ་ཡིན། །"
789694,796723,7029,"ཞེས་པ་སྟེ། དེ་རང་རྒྱུད་ཀྱི་དམ་པའི་ཆོས་དེས་རང་རྒྱུད་འདུལ་འོང་བའི་རྟགས་རྣམ་པ་དྲུག་ཡོད།"
796723,804197,7474,"གང་རེད་ཟེར་ན། འདོད་ཡོན་གྱི་ཞེན་པ་ཐམས་ཅད་"
804197,808598,4401,"བདུད་ཀྱི་རང་བཞིན་འདི་ཡིན་པ་ཤེས་ན་ཁམས་གསུམ་འཁོར་བ་ལ་ཞེན་པ་ལོག་པའི་རྟགས་ཡིན།"
808598,811586,2988,"ལུས་ངག་ཡིད་གསུམ་གྱིས་བྱ་བ་ཅི་བྱེད་པ་ཐམས་ཅད་"
811586,815222,3636,"ཆོས་དང་མཐུན་པ་བྱེད་སོང་ན་བླ་མའི་བྱིན་རླབས་ཞུགས་པའི་རྟགས་ཡིན།"
815222,818611,3389,"རང་གི་རིག་པ་ལ་རང་དབང་བསྒྱུར་ཐུབ་མཁན་རེད་ན་"
818611,821127,2516,"མཆོག་དང་ཐུན་མོང་གི་དངོས་གྲུབ་ཐོབ་པའི་རྟགས་ཡིན།"
821127,828844,7717,"བྱིང་བ་དང་རྒོད་པ་རྣམ་གཡེང་འདུ་འཛི་ལ་སོགས་པས་གཞན་དུ་མི་འགྱུར་བ་ཡོད་ན་"
828844,832372,3528,"ལྟ་དགོངས་ཚད་དང་ལྡན་པ་རྒྱུད་ལ་སྐྱེས་པའི་རྟགས་ཡིན།"
832372,836060,3688,"བླ་མ་ཇི་ཙམ་ཞིག་བསྟེན་ན་ཡང་ནས་ཡང་དུ་མཇལ་ཏེ་"
836060,839530,3470,"བླ་མ་དེའི་ཞལ་མཇལ་བ་དང༌། གདམས་ངག་ཐོས་པ་ལ་ཆོག་ཤེས་མེད་ན་"
839530,842211,2681,"མོས་གུས་རྒྱུད་ལ་སྐྱེས་པའི་རྟགས་ཡིན།"
842211,846771,4560,"ཚེ་འདི་བློས་ཇི་ཙམ་ཞིག་བཏང་ན་ཆོས་ཀྱིས་རང་རྒྱུད་ཐུལ་ཏེ་"
846771,849748,2977,"ཕན་ཐོགས་པའི་རྟགས་ཡིན་པས། རྟགས་ཆེན་དྲུག་དང་ལྡན་པ་འདི་ནི་"
849748,854455,4707,"སྐྱེས་བུ་དམ་པའི་གྲལ་དུ་ཚུད་པ་ཡིན་དེ་ལྟར་བྱ་བ་གཅེས་སོ།"
854455,861494,7039,"(143)  །མི་འཇིགས་རྣམ་དྲུག་དགོས་པར་བསྟན་པ་ནི། །ཟབ་དོན་ཉམས་བླངས་ངན་རྟོག་དགྲས་མི་འཇིགས། །"
861494,867244,5750,"སེམས་ཉིད་དོན་བལྟས་ཆོས་བརྒྱད་དགྲས་མི་འཇིགས། །ཆོས་སྐུ་རྩལ་འབྱོངས་གཟུང་འཛིན་དགྲས་མི་འཇིགས། །"
867244,870837,3593,"གཞི་མེད་ལམ་བླངས་སྒྲིབ་གཉིས་དགྲས་མི་འཇིགས། །བདེ་ཆེན་ཉམས་བླངས་སྡུག་བསྔལ་དགྲས་མི་འཇིགས། །"
870837,875133,4296,"ཕྱོགས་བྲལ་ཉམས་བླངས་རེ་དོགས་དགྲས་མི་འཇིགས། །དེ་དག་གང་ལྡན་བྱས་པ་དོན་ཆེན་འགྲུབ། །"
875133,880452,5319,"གསུངས། ད་ལམ་སྒྲུབ་པ་ལ་བར་ཆད་ཀྱིས་མི་འཇིགས་པའི་གདིང་རྣམ་པ་དྲུག་འཐོབ་རྒྱུ་ཡོད།"
880452,883762,3310,"དེ་གང་ཡིན་ཟེར་ན། གསང་སྔགས་ཟབ་མོའི་དོན་ཉམས་སུ་བླངས་ན་"
883762,887788,4026,"འཁྲུལ་པའི་རྣམ་པར་རྟོག་པ་ངན་རྟོག་གི་དགྲ་ཡིས་ཏིང་ངེ་འཛིན་"
887788,891688,3900,"བར་ཆད་བྱེད་པ་འདི་སྐྲག་མི་དགོས། སེམས་ཉིད་མ་བཅོས་གཉུག་མའི་དོན་"
891688,897000,5312,"ཚུལ་བཞིན་དུ་རྟོགས་སོང་ན་འཇིག་རྟེན་ཆོས་བརྒྱད་ཀྱི་རྗེས་སུ་འབྲང་བའི་དགྲ་བོས་འཇིགས་མི་དགོས།"
897000,902927,5927,"དེ་ནས་རྣམ་རྟོག་ཆོས་སྐུ་རང་བཞིན་དུ་རྩལ་འབྱོངས་སོང་ན་"
902927,904981,2054,"གཟུང་འཛིན་འཁྲུལ་པའི་དགྲས་འཇིགས་མི་དགོས།"
904981,910862,5881,"གཞི་མེད་རྩ་བྲལ་ཆོས་ཉིད་ཀྱི་དགོངས་པ་ལམ་དུ་བླངས་སོང་ན་"
910862,914173,3311,"ཉོན་མོངས་པ་དང་ཤེས་བྱའི་སྒྲིབ་པ་གཉིས་ཀྱི་དགྲས་འཇིགས་མི་དགོས།"
914173,916592,2419,"བདེ་བ་ཆེན་པོ་གནས་ལུགས་ཉམས་སུ་བསྐྱང་ན་"
916592,919125,2533,"ཁམས་གསུམ་འཁོར་བ་སྡུག་བསྔལ་དགྲས་འཇིགས་མི་དགོས།"
919125,923025,3900,"ཕྱོགས་རིས་དང་བྲལ་བ་ཉམས་སུ་བླངས་ན་འབྲས་བུ་ཨེ་ཐོབ་ཀྱི་རེ་བ་དང༌།"
923025,925320,2295,"མ་ཐོབ་ཀྱི་དོགས་པ་དགྲས་འཇིགས་མི་དགོས།"
925320,928430,3110,"དེ་དག་གང་ལྡན་བྱས་པ་དོན་ཆེན་འགྲུབ།"
928430,936775,8345,"(144)  ཆོས་ལ་ཞུགས་པའི་སྤང་བླང་ཆོས་དྲུག་ནི། །ཤེས་བཞིན་མ་བསྟེན་སྤྱོད་ལམ་ཆོས་མོས་མི་འབྱོར། །"
936775,941335,4560,"མཐུན་འཇུག་མ་སྤངས་དགེ་སྦྱོར་སྲང་མི་ཚུད། །གནད་ཀྱིས་མ་གཅུན་ཉམས་མྱོང་དྲོད་མི་སྐྱེ། །"
941335,946929,5594,"དུས་ལ་མ་བབས་གཞན་དོན་ཕན་མི་ཐོགས། །ནུས་མཐུ་མ་གྲུབ་བར་ཆད་རྐྱེན་མི་སོལ། །"
946929,953044,6115,"ཟུང་འཇུག་མ་བསླངས་ཚེ་གཅིག་སངས་རྒྱས་མེད། །"
953044,955196,2152,"དེ་བས་དགེ་སྦྱོར་གནད་དུ་འགྲོ་བ་གཅེས། །"
955196,957224,2028,"གསུངས་ནས་བཟུང་སྟེ། ད་"
958733,962477,3744,"ཆོས་ཀྱི་ལམ་ལ་ཞུགས་པའི་གང་ཟག་གིས་སྤང་བྱ་སྤོང་བ་དང་"
962477,965351,2874,"གཉེན་པོ་བླང་བྱའི་ཆོས་དྲུག་ཡོད། གང་རེད་ཟེར་ན།"
965351,968832,3481,"ལུས་སེམས་ལ་ཡང་ཡང་བརྟག་པའི་ཤེས་བཞིན་རྒྱུད་ལ་མ་སྐྱེས་ནས་"
968832,972395,3563,"རང་གི་སྤྱོད་ལམ་ཆོས་ཕྱོགས་ལ་གཏན་ནས་འབྱོར་རྒྱུ་མེད་དེ་བག་མེད་རེད།"
972395,975992,3597,"འཇིག་རྟེན་མཐུན་འཇུག་གི་ངོ་སྲུང་སྟེ་མ་སྤངས་ནས་བཟུང་སྟེ་"
975992,980592,4600,"དགེ་སྦྱོར་སད་ཀྱིས་འཁྱེར་འགྲོ་ལེ་མ་གཏོགས་དགེ་སྦྱོར་སྲང་དུ་ཚུད་མི་ཐུབ།"
980592,986320,5728,"དེ་ནས་ལུས་དང་སེམས་སྒོ་གསུམ་པོ་ཐམས་ཅད་གནད་ཀྱིས་གཅུན་མ་ཐུབ་ན།"
986320,989589,3269,"ཉམས་དང་རྟོགས་པའི་ཉམས་མྱོང་གི་དྲོད་རྒྱུད་ལ་མི་སྐྱེ།"
989589,993100,3511,"གཞན་དོན་དུས་ལ་མ་བབས་ཀྱི་བར་དུ་གཞན་དོན་བྱས་"
993100,996000,2900,"གཞན་ཕན་བསྒྲུབ་དགོས་འདུག་བསམ་ན་དེས་ཕན་མི་ཐོགས།"
998927,1001689,2762,"ཡི་དམ་ལྷའི་ནུས་མཐུའི་གདིང་མ་ཐོབ་བར་དུ་"
1001689,1004351,2662,"བར་ཆད་ཀྱི་རྐྱེན་བསལ་དགོས་བསམ་ན་སེལ་མི་ཐུབ།"
1004351,1008423,4072,"ཐབས་ཤེས་ཟུང་འཇུག་གི་ལམ་མངོན་སུམ་དུ་མ་བསླངས་ན་"
1008423,1015305,6882,"ཚེ་གཅིག་སངས་རྒྱས་སྒྲུབ་པ་མེད་པས་ན། དེས་ན་དགེ་སྦྱོར་གནད་དུ་འགྲོ་བར་བྱེད་པ་"
1015305,1018449,3144,"གོང་དུ་གསུངས་པ་བཞིན་དུ། ཤེས་བཞིན་བསྟེན་རྒྱུ།"
1018449,1022475,4026,"མཐུན་འཇུག་སྤོང་རྒྱུ་དང༌། གནད་ཀྱིས་གཅུན་རྒྱུ་དང།"
1022475,1026711,4236,"དུས་ལ་བབས་ཡོད་མེད་བལྟ་རྒྱུ་དང༌། ནུས་མཐུ་ཐོབ་ཡོད་མེད་བལྟ་རྒྱུ།"
1026711,1030603,3892,"ཟུང་འཇུག་གོ་འཕང་མངོན་དུ་གྲུབ་གལ་ཆེ་བ་ཡིན་ནོ།"
1030603,1035913,5310,"(145) །ངན་པའི་འདུ་ཤེས་རྣམ་དྲུག་སྤང་བ་ནི། །བླ་མ་མིར་མཐོང་བྱིན་རླབས་སྟོར་བས་ངན། །"
1035913,1039624,3711,"གྲོགས་ལ་དགྲར་ཤེས་དམ་ཚིག་རལ་བས་ངན། །རང་ཉིད་ཆེ་ཕྱིར་ཆོས་ལམ་རིང་བས་ངན། །"
1039624,1049400,9776,"གདམས་ངག་ཟོང་ཚོང་ལོག་འཚོ་འདྲེས་པས་ངན། །ཡི་དམ་རྐྱེན་བཟློག་ལམ་སྣ་སྟོར་བས་ངན། །"
1049400,1055270,5870,"ཆོས་སྤྱོད་ནོར་འཚོལ་ཐར་ལམ་སྟོར་བས་ངན། །ངན་པ་དྲུག་བྲལ་སྒྲུབ་པ་ཤིན་ཏུ་གཅེས། །"
1055270,1058821,3551,"ཞེས་པ་སྟེ། བླ་མ་ལ་སངས་རྒྱས་དངོས་མཐོང་གི་མོས་གུས་མེད་པ་"
1058821,1062169,3348,"མིའི་རང་བཞིན་དུ་མཐོང་ན། རང་གི་རྒྱུད་ལ་བྱིན་རླབས་སྟོར་ཏེ་"
1062169,1066094,3925,"བརླག་འགྲོ་བས་ངན་པ་ཡིན། རྡོ་རྗེ་སྤུན་གྲོགས་ཐམས་ཅད་ལ་"
1066094,1070713,4619,"ཕ་མ་གཅིག་པའི་སྤུན་མཆེད་ལྟ་བུ་མ་ཡིན་པ་དེ་ལ་འགྲན་སེམས་དང་ཆགས་སྡང་སོང་ན་"
1070713,1073955,3242,"དམ་ཚིག་ལས་རལ་ཏེ་སྐྱོན་འབྱུང་བས་ངན་པ་ཡིན།"
1073955,1080801,6846,"རང་ཉིད་ཐོབ་དང་གོ་ས་རུས་ལ་སོགས་པ་མཐོན་པོ་ཡིན་པའི་ང་རྒྱལ་བྱེད་པས་ན་"
1080801,1083230,2429,"ཐར་པའི་ཆོས་དང་ཐག་རིང་པོ་འགྲོ་བས་ངན་པ་ཡིན།"
1083230,1087339,4109,"གདམས་ངག་རང་གིས་ཉམས་སུ་མི་ལེན་པ་ནོར་དང་བརྗེ་བ་དང༌།"
1087339,1093472,6133,"མི་མང་པོ་ལ་ཟོང་དུ་ཚོང༌། ཆོས་ཀྱི་རྙེད་པ་མང་པོ་ལོག་འཚོ་དང་བཅས་"
1093472,1097155,3683,"འདྲེས་པས་ངན་པ་ཡིན། ཡི་དམ་ལྷག་པའི་ལྷའི་བསྙེན་སྒྲུབ་ལ་"
1097155,1102592,5437,"མི་བརྩོན་པ་སྦྱིན་བདག་གི་རྐྱེན་བཟློག་ལ་སྲུང་ཟློག་གསད་གསུམ་མང་པོ་བྱས་ན་"
1102592,1106183,3591,"ཡི་དམ་གྱི་དངོས་གྲུབ་ཀྱི་ལམ་སྣ་སྟོར་བས་ངན་པ་ཡིན།"
1106183,1110329,4146,"ཆོས་ཆོས་བཞིན་དུ་སྤྱོད་པའི་བཟང་མདོག་གི་སྒོ་ནས་ནོར་མང་པོ་བསྡུས་ཏེ་"
1110329,1114259,3930,"དཀོར་སྡུད་པ་དེ་ནི་ཐར་པའི་ལམ་སྟོར་བའམ་མེད་པར་བྱེད་པས་"
1114259,1118550,4291,"ངན་པ་ཡིན་པས་ངན་པ་དྲུག་དང་བྲལ་བའི་སྒྲུབ་པ་ཤིན་ཏུ་གཅེས་སོ།"
1121505,1125854,4349,"(146)  །ཐར་ལམ་རང་བཞིན་མ་དྲན་ཆོས་དྲུག་ནི། །ཡུལ་ལ་ཡེངས་པས་མོས་གུས་མ་དྲན་དང༌། །"
1125854,1130555,4701,"མུ་ལྟོ་ཟས་འཚོལ་དཀོན་མཆོག་མ་དྲན་དང༌། །གཤིས་ངན་སྦུབས་ཐུང་དམ་ཚིག་མ་དྲན་དང༌། །"
1130555,1140589,10034,"མིག་འགྲིབས་སྙིང་མེད་སྡུག་བསྔལ་མ་དྲན་དང༌། །རྫས་སྲེད་རྙེད་འཚོལ་དགེ་བ་མ་དྲན་དང༌། །"
1140589,1145236,4647,"ཞེ་སྡང་དུག་སེམས་སེམས་བསྐྱེད་མ་དྲན་དང༌། །དོན་མེད་ཕྱལ་བས་ངན་སོང་མ་དྲན་དང༌། །"
1145236,1147872,2636,"འདི་དྲུག་ལྡན་པས་ཡུན་རིང་འཁྱམས་པ་ཡིན། །"
1147872,1154107,6235,"གསུངས་དུས། དམ་པའི་ཆོས་ཐར་པའི་ལམ་ཚུལ་བཞིན་དུ་སྒྲུབ་པ་དེ་ལ་"
1154107,1159030,4923,"ཆོས་ཀྱི་ཡོན་ཏན་མ་དྲན་ན་ཐར་པའི་ལམ་མྱུར་དུ་མི་ཐོབ་པའི་ངན་པ་དྲུག་ཡོད་དེ།"
1159030,1161498,2468,"གང་ཡིན་ཟེར་ན། ཡུལ་འདོད་པའི་ཡོན་ཏན་ལྔ་ལ་"
1161498,1166546,5048,"སེམས་ཡེངས་སོང་ན་བླ་མ་ལ་ཡིད་ཆེས་ཀྱི་མོས་གུས་འགྲིབ་འགྲོ་བས་མོས་གུས་མ་དྲན་པ་དང༌།"
1166546,1169954,3408,"མུ་ལྟོ་བ་ཟས་ག་ན་རག་ན་དེ་ན་འགྲོ་བསྡད་མི་དེ་"
1169954,1173044,3090,"དཀོན་མཆོག་གསུམ་གྱི་ཡོན་ཏན་མ་དྲན་པ་དང༌།"
1173044,1178254,5210,"མིའི་གཤིས་ངན་པ་དང་སྦུབས་ཐུང་བ་སྟེ་སྣ་ཐུང་བ་དེ་"
1178254,1182901,4647,"བླ་མ་དང་མཆེད་གྲོགས་ལ་དམ་ཚིག་བསྲུང་དགོས་མ་དྲན་ཏེ་"
1182901,1187338,4437,"ཁོང་ཁྲོ་དང་ཆགས་སྡང་ཕྲག་དོག་ཡོད་པ་དང་ནི།"
1187338,1194805,7467,"ད་ལྟ་ཐད་ཀར་གྱི་བསམ་བློ་མ་གཏོགས་སྔ་མ་ཕྱི་མ་ལ་བསམ་བློ་གཏོང་མི་ཤེས་པ་"
1194805,1199503,4698,"སྙིང་ཆུང་ཆུང་གི་གང་ཟག་ཐམས་ཅད་ཀྱིས་ཚེ་སྟོད་དང་ཚེ་སྨད་ཀྱི་སྡུག་བསྔལ་མ་དྲན་མཁན་"
1199503,1201833,2330,"ཆོས་ལ་བསྐུལ་མ་ནུས་པ་དང༌།"
1211483,1217161,5678,"ནོར་རྫས་ཀྱི་སྲེད་པ་ཧ་ཅང་ཆེ་བས་དེའི་དོན་དག་ཁོ་ན་རྙེད་པ་འཚོལ་ཏེ་"
1217161,1220492,3331,"བསྡད་པས་རང་གི་ཁ་ཏོན་དང་དགེ་སྦྱོར་ཐམས་ཅད་མ་དྲན་པ་དང༌།"
1220492,1226343,5851,"རྒྱུད་ལ་ཞེ་སྡང་དུག་ཧ་ཅང་འབར་བས་གཞན་ཕན་གྱི་བསམ་པ་བཟང་པོ་མ་དྲན་པ་དང༌།"
1226343,1231161,4818,"འཇིག་རྟེན་ཚེ་འདིའི་བྱ་བ་ཟ་དགའ་འཐུང་སྤྱོད་ཁོ་ན་ལ་གཡེངས་ཏེ་"
1231161,1233230,2069,"ངན་སོང་གི་སྡུག་བསྔལ་མ་དྲན་པ་དང༌།"
1233230,1237005,3775,"མ་དྲན་པ་འདི་དྲུག་དང་ལྡན་ན་ཐར་པའི་ལམ་ལས་ཐག་རིང་སྟེ་"
1237005,1238764,1759,"ཡུན་རིང་དུ་འཁོར་བ་འཁྱམས་པ་ཡིན།"
1238764,1243526,4762,"(147)  གདམས་ངག་རྣམ་དྲུག་བསྐུལ་མ་གདབ་པ་ནི། །དམ་པ་རྣམས་ཀྱི་རྣལ་འབྱོར་ཕ་ནོར་ཡིན། །"
1243526,1249422,5896,"སྒྲུབ་པ་སྙོམ་ལས་ཕྱི་བཤོལ་མི་བཞག་འཚལ། །རྣམ་རྟོག་འཆར་སྒོམ་ཤེས་རབ་བུད་ཤིང་ཡིན། །"
1249422,1253159,3737,"དམིགས་གཏད་སེམས་འཛིན་མཆོག་ཏུ་མི་འཛིན་འཚལ། །སྡུག་བསྔལ་རྐྱེན་ངན་དགེ་བའི་བསྐུལ་མ་ཡིན། །"
1253159,1257633,4474,"མྱ་ངན་སྨྲེ་སྔགས་སྤོང་བློ་མི་བགྱིད་འཚལ། །དུག་ལྔར་སྣང་བ་ཡེ་ཤེས་གསང་ལམ་ཡིན། །"
1257633,1262469,4836,"དགྲ་སྡང་ཚོགས་ལྟས་ལོག་པར་མི་གཟུང་འཚལ། །བར་ཆད་སྣ་ཚོགས་དངོས་གྲུབ་སྔ་ལྟས་ཡིན། །"
1262469,1266621,4152,"འཁུ་འཕྲིག་ངན་རྟོག་ཞེ་སྡང་མི་བགྱིད་འཚལ། །འཁོར་བར་སྣང་བ་རྒྱལ་བའི་ཞིང་ཁམས་ཡིན། །"
1266621,1269407,2786,"འཁྲུལ་སྣང་གཉིས་འཛིན་བདེན་ཞེན་མི་འཆའ་འཚལ། །"
1272427,1279315,6888,"གསུངས་དུས། གདམས་ངག་གི་གནད་རྣམ་པ་དྲུག་དང་ལྡན་ན་"
1279315,1282183,2868,"དམ་པའི་ཆོས་ལ་མྱུར་དུ་བསྐུལ་བར་བྱེད་པའི་རྒྱུ་ཡིན།"
1282183,1288520,6337,"གང་རེད་ཟེར་ན། སྐྱེས་བུ་དམ་པ་ཐམས་ཅད་ཀྱི་རྣལ་འབྱོར་འདི་ནི་གང་ཡིན་ཟེར་ན།"
1288520,1291462,2942,"དབེན་པའི་གནས་སུ་སྒྲུབ་པ་རྩེ་གཅིག་ཏུ་ཡིན་པ་དེ་"
1291462,1296544,5082,"རྗེས་སུ་དྲན་པར་བྱེད་དེ། སྒྲུབ་པ་དེ་ལ་སྙོམ་ལས་དང་ལེ་ལོའི་སྒོ་ནས་"
1296544,1300827,4283,"ཕྱི་བཤོལ་མི་བཞག་པ་དྲན་པའི་དུས་སྒྲུབ་པ་ལག་ཏུ་ལེན་ཡོད་པ་དང༌།"
1300827,1304121,3294,"རྣམ་རྟོག་གི་འཆར་སྒོ་བཀག་བཞག་ན་རིག་པའི་རྩལ་འགགས་པས་ན།"
1304121,1311250,7129,"ཞི་གནས་ལུང་མ་བསྟན་གྱི་ངང་དུ་གོལ་འགྲོ་བ་ཡིན་པས་ན།"
1311250,1314486,3236,"རྣམ་རྟོག་གི་འཆར་སྒོ་ཐམས་ཅད་རིག་པའི་རྩལ་དུ་སྦྱོང་ན་"
1314486,1317080,2594,"ཤེས་རབ་ཀྱི་རྩལ་རྒྱས་པའི་བུད་ཤིང་ལྟ་བུ་ཡིན་པས།"
1317080,1321133,4053,"དེ་སེམས་རྩེ་གཅིག་ཏུ་དམིགས་པའི་མཚན་འཛིན་སྲིད་རྩེའི་ཏིང་ངེ་འཛིན་"
1321133,1323384,2251,"ལྟ་བུ་ལ་མཆོག་ཏུ་མི་འཛིན་པ་དང༌།"
1323384,1327656,4272,"རང་ལ་ན་ཚ་གདོན་བགེགས་དགྲ་སྡང་བ་ལ་སོགས་པ་"
1327656,1332512,4856,"ཕྲད་ནས་རྐྱེན་ངན་པ་འབྱུང་ན། དེ་རྐྱེན་ངན་འདི་དམ་པའི་ཆོས་ཀྱི་དགེ་བའི་བསྐུལ་མ་ཡིན་པས་ན།"
1332512,1336920,4408,"དེ་འདྲའི་སྡུག་བསྔལ་ཐོག་ཏུ་འབབ་ན་ང་ཆོས་པ་ལ་སྡུག་བསྔལ་བྱུང་བསམ་སྟེ་"
1336920,1340420,3500,"མྱ་ངན་དང་སྨྲེ་སྔགས་ཀྱི་སྒོ་ནས་འདི་སྡུག་བསྔལ་འདི་སྤོང་བློ་མི་བྱེད།"
1340420,1342877,2457,"སྡུག་བསྔལ་དགེ་བའི་བསྐུལ་མ་རུ་ཤེས་དགོས།"
1342877,1345100,2223,"ཉོན་མོངས་པ་དུག་ལྔ་སྣང་བ་འདིའང་"
1345100,1349731,4631,"དུག་ལྔའི་རང་བཞིན་ཡེ་ཤེས་ཀྱི་རང་བཞིན་ཡིན་པའི་གསང་ལམ་འདི་ཤེས་ན།"
1349731,1354208,4477,"དུག་ལྔ་པོ་འདི་ལ་བརྟེན་ཏེ་ཐར་པའི་ལམ་གྱི་གསོས་འདེབས་སུ་འགྱུར་བ་ཡིན་པས་ན་"
1354208,1359338,5130,"དགྲ་ལ་སྡང་སེམས་དང༌། ཚོགས་པ་ལ་ལྟ་བའི་ལོག་པ་མི་གཟུང་བར་འཚལ།"
1359338,1363418,4080,"བར་ཆད་སྣ་ཚོགས་པ་བྱས་ནའང་དངོས་གྲུབ་ཐོབ་པའི་སྔ་ལྟས་ཡིན་པས་"
1363418,1368526,5108,"བར་ཆད་དེ་ཐམས་ཅད་ལ་འཁུ་འཕྲིག་དང་ངན་རྟོག་བདུད་བར་ཆད་རྩོམ་པ་པོ་"
1368526,1370902,2376,"སྡེ་བརྒྱད་མི་མ་ཡིན་ལ་ཞེ་སྡང་མི་བྱ།"
1370902,1376258,5356,"བར་ཆད་ལམ་དུ་སློང་ཚུགས་དགོས་པ་ཡིན།"
1376258,1379255,2997,"ཁམས་གསུམ་འཁོར་བའི་སྡུག་བསྔལ་སྣང་བ་འདི་དག་ཐམས་ཅད་"
1379255,1383322,4067,"གནས་ལུགས་ཚུལ་བཞིན་དུ་རྟོགས་ན་དག་པ་རྒྱལ་བའི་ཞིང་ཁམས་ཡིན་པས་ན།"
1383322,1386472,3150,"མ་དག་པའི་འཁྲུལ་སྣང་འདི་གཉིས་འཛིན་གྱི་སྒོ་ནས་"
1386472,1389120,2648,"བདེན་པར་ཞེན་པ་མི་འཚལ་བ་གལ་ཆེ་བ་ཡིན།"
1389120,1393034,3914,"(148)  བསླད་པ་དྲུག་གིས་ཆོས་ཉིད་གོལ་བ་ནི། །གནས་ལུགས་རྒྱ་ཡན་ཕྱོགས་མེད་ཡིན་པ་ལ། །"
1393034,1397837,4803,"ཞེ་འདོད་བློ་ཡི་རྟོག་པ་བྱུང་བས་བསླད། །ཆོས་ཉིད་སྨྲ་བསམ་བརྗོད་ལས་འདས་པ་ལ། །"
1397837,1401796,3959,"ཡོད་མེད་མཐར་འཛིན་སྒྲོ་སྐུར་བཏབ་པས་བསླད། །སེམས་ཉིད་གཉིས་མེད་སྐྱེ་འགག་མེད་པ་ལ། །"
1401796,1405677,3881,"སྐྱེ་ཤིར་འཛིན་པའི་འདུ་ཤེས་བསྐྱེད་པས་བསླད། །ཡུལ་སྣང་སེམས་ཉིད་སྟོང་པའི་མེ་ལོང་ལ། །"
1405677,1410027,4350,"ཆགས་སྡང་གཉིས་འཛིན་བདེན་ཞེན་ཞུགས་པས་བསླད། །དོན་དམ་སྤྲོས་པའི་མཚན་མས་དབེན་པ་ལ། །"
1410027,1416611,6584,"བདེན་འཛིན་དོན་གྱི་ཐེ་ཚོམ་བྱས་པས་བསླད། །གནས་ལུགས་ཀུན་གཞི་ཕྱོགས་མེད་རྟེན་འབྲེལ་ལ། །"
1416611,1419905,3294,"གཟུང་འཛིན་འཁྲུལ་པའི་བག་ཆགས་འགོས་པས་བསླད། །"
1422283,1425335,3052,"ཅེས་གསུངས་ཏེ། སྐྱོན་དང་ཡོན་ཏན་འདྲེས་ཏེ་"
1425335,1428605,3270,"ཡོན་ཏན་གྱི་ཚོགས་ལ་སྐྱོན་གྱིས་བསླད་སོང་ན་དེ་ཡོན་ཏན་"
1428605,1431987,3382,"འཇོམས་འགྲོ་རྒྱུ་རེད་དུས་གོལ་ས་རྣམ་པ་དྲུག་ཡོད་དེ། གང་རེད་ཟེར་ན།"
1431987,1438850,6863,"གནས་ལུགས་ཀྱི་དོན་རྒྱ་ཆད་དང་ཕྱོགས་རིས་མེད་པ་ནམ་མཁའ་ལྟ་བུ་"
1438850,1441119,2269,"སྲིད་ཞི་ཀུན་ལ་ཁྱབ་པའི་བདག་ཉིད་ཡིན་ནའང༌།"
1441119,1446048,4929,"དེ་ལ་ཕྱོགས་རིས་དང་གཟུང་འཛིན། སྣང་བ་དང་སྟོང་པ། གསལ་བ་དང་ངན་པ་ལ་སོགས་པ་"
1446048,1448317,2269,"ཞེ་འདོད་ཀྱི་བློའི་རྟོག་པས་བསླད་སོང་ན་"
1448317,1450433,2116,"གནས་ལུགས་གཟེབ་ཏུ་ཚུད་པ་ཡིན་པས་བསླད།"
1450433,1456259,5826,"ཆོས་ཉིད་ཀྱི་གཤིས་ལ་སྨྲ་བསམ་བརྗོད་མེད་སོ་སོ་རང་རིག་པའི་ཡེ་ཤེས་ཀྱི་ངོ་བོ་ཡིན་པ་ལ་"
1456259,1459322,3063,"ཡོད་པ་རྟག་པ་དང་མེད་པ་ཆད་པའི་མཐའ་རུ་འཛིན།"
1459322,1465987,6665,"ཡོད་པ་སྒྲོ་འདོགས་དང་མེད་པ་སྐུར་བ་བཏབ་པས་བསླད་འགྲོ་ཡིན།"
1465987,1471191,5204,"སེམས་ཉིད་ཀྱི་ངོ་བོ་ཐབས་ཤེས་གཉིས་སུ་མེད་པ་སྐྱེ་འགག་གནས་གསུམ་དང་བྲལ་བར་གྱུར་བ་ལ།"
1471191,1475825,4634,"གསར་དུ་སྐྱེ་བ་དང་ཕར་འགག་པ་རང་མཚན་འཛིན་པའི་འདུ་ཤེས་བསྐྱེད་པས་བསླད་པ་ཡིན།"
1475825,1478574,2749,"ཡུལ་འདོད་ཡོན་དྲུག་གི་སྣང་བ་འདི་དག་ཐམས་ཅད་"
1478574,1481677,3103,"སེམས་ཉིད་སྟོང་པའི་མེ་ལོང་གི་ངོས་སུ་ཤར་བ་དེ་ལ།"
1481677,1485121,3444,"བཟང་པོ་ལ་ཆགས་པ་དང་ངན་པ་ལ་སྡང་བ་མེད་པའི་"
1485121,1487331,2210,"གཉིས་འཛིན་རང་སར་གྲོལ་དགོས་པ་ཡིན་པ་ལ།"
1487331,1490758,3427,"དེ་ལྟ་བུ་མ་ཤེས་པས་བཟང་པོ་ལ་ཆགས་ངན་པ་ལ་སྡང་"
1490758,1494505,3747,"གཉིས་འཛིན་གྱིས་བདེན་པར་ཞེན་པས་ན་ཡུལ་གྱིས་བསླུ་འགྲོ་བ་ཡིན།"
1494505,1498855,4350,"དོན་དམ་ཆོས་ཉིད་ཀྱི་གནས་ལུགས་རྣམ་གྲངས་མ་ཡིན་པ་དེ་ལ།"
1498855,1503218,4363,"ཡོད་མེད་སྤྲོས་པའི་མཚན་མ་ཐམས་ཅད་ཀྱིས་དབེན་པ་དེ་ལ།"
1503218,1508719,5501,"བདེན་པར་འཛིན་པས་ཡོད་མེད་ཀྱི་མཚན་མར་འཛིན་པའི་དོན་གྱི་ཐེ་ཚོམ་བྱས་པས་བསླད་པ་ཡིན།"
1508719,1513727,5008,"ཆོས་ཀྱི་གནས་ལུགས་འཁོར་འདས་ཀུན་གྱི་གཞི་དེ་ལ་ཕྱོགས་རིས་མེད་པ་ཀུན་ལ་ཁྱབ་པ་"
1513727,1516432,2705,"སྟོང་དང་རྟེན་འབྱུང་ཟུང་དུ་འཇུག་པའི་བདག་ཉིད་ཡིན་པ་ལ།"
1516432,1520480,4048,"གཟུང་འཛིན་འཁྲུལ་པའི་བག་ཆགས་ཀྱིས་ཕྱོགས་རིས་སུ་འབྱམས་པས་བསླད་པར་གྱུར་པ་ཡིན།"
1520480,1524483,4003,"(149)  ལོག་པའི་འཚོ་བ་རྣམ་དྲུག་སྤང་བ་ནི། །ཚུལ་འཆོས་བསླུ་བྲིད་རྙེད་པ་ལོག་འཚོ་ཡིན།"
1524483,1529761,5278,"ཁ་གསག་མགོ་སྐོར་རྙེད་པ་ལོག་འཚོ་ཡིན། །ཞེན་འདོད་གཞོགས་སློང་བྱེད་པ་ལོག་འཚོ་ཡིན། །"
1539605,1542374,2769,"ཆོས་དཔག་ངན་ཁྲམ་བྱེད་པ་ལོག་འཚོ་ཡིན། །"
1542374,1549716,7342,"ཐོས་བསམ་རྙེད་པ་འཚོལ་བ་ལོག་འཚོ་ཡིན། །ནོར་རྫས་ཐ་མལ་སྤྱོད་པ་ལོག་འཚོ་ཡིན། །"
1549716,1551777,2061,"ཚུལ་བཞིན་བསྒྲུབ་པས་དེ་དག་སྤངས་ན་ལེགས། །"
1551777,1556727,4950,"ཞེས་པ་སྟེ། དམ་པའི་ཆོས་བྱེད་པ་ལ་མཐུན་རྐྱེན་གྱི་འབྱོར་བ་བྱུང་ནའང་"
1556727,1560173,3446,"ལོག་པའི་འཚོ་བ་དང་འདྲེས་སོང་ན་ཐར་པའི་ལམ་དང་བར་དུ་གཅོད།"
1560173,1562914,2741,"དཀོར་གྱི་གྲིབ་པ་ཆེན་པོ་ཡོད་པ་ཡིན་པས་ན།"
1562914,1568331,5417,"སྦྱིན་བདག་གི་མཐོང་ས་དེ་བྱ་བྲལ་ཡིན་མདོག་དང༌། ངེས་འབྱུང་དང་སྐྱོ་ཤས།"
1568331,1571827,3496,"ལས་རྒྱུ་འབྲས་ལ་བག་ཡོད་བྱེད་མདོག་མང་པོ་བྱས་ན་"
1571827,1577478,5651,"དེ་ཐམས་ཅད་ཀྱིས་ཆོས་པ་ཡང་དག་པ་རེད་བསམ་རྙེད་པ་མང་པོ་སྒྲུབ་ཐུབ་པ་དེ་ལོག་པ་ཡིན།"
1577478,1581261,3783,"སྦྱིན་བདག་གིས་ནོར་སྟེར་བ་དེ་ལ་ཁྱེད་ཀྱི་ནོར་དེས་ཕན་པ་ཆེན་པོ་ཐོགས།"
1581261,1583613,2352,"ང་ལ་དགོས་པའི་དུས་འདི་ལྟ་བུ་གྱུར་"
1583613,1586224,2611,"པད་ལས་མང་པོ་བཤད་ན་མགོ་སྐོར་རྙེད་ནས།"
1586224,1589377,3153,"དེ་སླར་ཡང་ལོག་པར་རྙེད་འོང་ན་དེ་ལོག་པའི་འཚོ་བ་ཡིན།"
1589377,1594886,5509,"རང་གི་ནོར་འདི་ལྟ་བུ་ཞིག་འཐོབ་ན་བསམ་པའི་ཞེ་ལ་ཡོད་པ་ཡིན་ན།"
1594886,1599983,5097,"དེ་ཐབས་ཀྱི་སྒོ་ནས་ང་དེ་འདྲ་ཞིག་ཐབས་ཆག་གི་ཡོད་ཟེར་མང་པོ་ཟུར་གྱིས་བཤད་ནས་"
1599983,1602506,2523,"དེ་སྟེར་འོང་ན་དེའང་ལོག་འཚོ་ཡིན།"
1602506,1610235,7729,"ཆོས་ལ་ཁ་གཡར་ནས་ཁྲམ་པའི་ལས་ཀ་བྱེད་ན་དེའང་ལོག་འཚོ་ཡིན།"
1610235,1615627,5392,"ཐོས་པ་དང་བསམ་པའི་ཡོན་ཏན་ཡོད་ན་དེ་ལ་བརྟེན་ཏེ་ཆོས་གཞན་ལ་བཤད་པའི་སྒོ་ནས་"
1615627,1618395,2768,"ལྟོ་གོས་མང་པོ་འཚོལ་བར་བྱེད་པ་དེ་ལོག་འཚོ་ཡིན།"
1618395,1621822,3427,"ནོར་དང་རྫས་ཡོད་ན་མཆོད་སྦྱིན་དུ་མི་བྱ་བ་"
1621822,1626527,4705,"གསོག་འཇོག་གི་སྒོ་ནས་ཡང་ནས་ཡང་དུ་གསོག་འཇོག་མང་པོ་བྱེད་བསྡད་ན་"
1626527,1629712,3185,"དེ་ལོག་འཚོ་ཡིན་པས་ན། ཚུལ་བཞིན་དུ་དམ་པའི་ཆོས་སྒྲུབ་པས་"
1629712,1632711,2999,"ལོག་འཚོ་རྣམ་པ་དྲུག་པོ་དེ་དག་སྤང་བར་བྱས་ན་ལེགས།"
1632711,1635527,2816,"(150)  ཆོས་སྤྱིའི་གདམས་ངག་རྣམ་དྲུག་བསྟན་པ་ནི། །"
1635527,1645416,9889,"མས་འཛེག་ཀུན་སྤྱོད་གཙང་བ་གདམས་ངག་ཡིན། །"
1645416,1649279,3863,"སེམས་བསྐྱེད་ཚད་མེད་བཞིས་སྦྱངས་གདམས་ངག་ཡིན། །གང་ཡང་ཟུང་འཇུག་ཉམས་ལེན་གདམས་ངག་ཡིན། །"
1649279,1651739,2460,"ས་ལམ་ཟབ་མོའི་གནད་བཙལ་གདམས་ངག་ཡིན། །"
1651739,1655552,3813,"ལྟ་བ་སེམས་ཉིད་མཐའ་གྲོལ་གདམས་ངག་ཡིན། །ཕྱོགས་མེད་ཐོས་བསམ་བྱེད་པ་གདམས་ངག་ཡིན། །"
1655552,1659109,3557,"ཞེས་གསུངས་པ་སྟེ།"
1659109,1665920,6811,"དེ་ནས་ཆོས་པ་སྤྱིའི་སྙིང་ནོར་ཐུན་མོང་མ་ཡིན་པ་གདམས་ངག་རྣམ་པ་དྲུག་དང་ལྡན་ན་"
1665920,1669705,3785,"ཆོས་རྣམ་པར་དག་པ་ཡིན་ཏེ། ལྟ་བ་མཐོ་དགོས་རྒྱུ་རེད་དེ་"
1669705,1672934,3229,"སྤྱོད་པ་དམའ་དགོས་པའི་ཕྱིར་ན་ཉན་ཐོས་ཀྱི་ལུགས་བཞིན་"
1672934,1677368,4434,"ལས་རྒྱུ་འབྲས་བག་ཡོད་དང་དྲན་ཤེས་ཀྱིས་རྒྱུད་བསྡམ་པར་བྱེད་དེ།"
1677368,1680722,3354,"ཁང་པའི་སྟེང་ལ་འཛེག་ན་སྐས་ཀྱི་མས་ནས་ཡ་འཛེག་དགོས་རེད་དུས།"
1680722,1683845,3123,"དེ་ལྟ་བུ་འཛེག་པའི་སྒོ་ནས་ཀུན་སྤྱོད་གཙང་མ་བྱེད་དེ་"
1683845,1687150,3305,"ཆང་དང་བུད་མེད་ལ་སོགས་པ་སྤང་བ་གདམས་ངག་ཡིན།"
1687150,1691489,4339,"གཞན་ཕན་གྱི་བསམ་པ་བཟང་པོའི་སྒོ་ནས་བདེ་བ་དང་ལྡན་འདོད་ཀྱི་བྱམས་པ།"
1691489,1696977,5488,"སྡུག་བསྔལ་དང་འབྲལ་འདོད་ཀྱི་སྙིང་རྗེ། བདེ་བ་དང་མི་བྲལ་བར་འདོད་པའི་དགའ་བ།"
1696977,1701387,4410,"ཉེ་རིང་ཆགས་སྡང་མེད་པའི་བཏང་སྙོམས་ཚད་མེད་བཞིས་རྒྱུད་ཡང་ནས་སྦྱངས་"
1701387,1705066,3679,"ཐེག་པ་ཆེན་པོའི་ལམ་གྱི་རྩ་བ་ཡིན་པས་ན་དེ་གདམས་ངག་ཡིན།"
1705066,1709283,4217,"ཐབས་སྙིང་རྗེ་ཆེན་པོ་དང་ཤེས་རབ་སྟོང་པ་ཉིད་ཟུང་འཇུག་གི་ངང་དུ་"
1709283,1713075,3792,"མཉམ་པར་བཞག་སྟེ་བསྡད་ན་དེ་གདམས་ངག་མཐར་ཐུག་པ་ཡིན།"
1713075,1716355,3280,"ས་བཅུ་ལམ་ལྔ་ལ་སོགས་པ་ཟབ་མོའི་གནད་"
1716355,1721679,5324,"སེམས་ཉིད་གཅིག་གི་ངང་ནས་ཚང་བ་འདིའི་གནད་འདི་བཙལ་ཤེས་ན་གདམས་ངག་ཡིན།"
1721679,1728050,6371,"གནས་ལུགས་ཀྱི་ལྟ་བ་ཞེས་བྱ་བ་འདི་སེམས་ཀྱི་ཆོས་ཉིད་ཡོད་མེད་རྟག་ཆད་ཀྱི་མཐའ་ལས་གྲོལ་བ་དེ་"
1728050,1731955,3905,"གདམས་ངག་ཡིན། ཐོས་པ་དང་བསམ་པ་ཕྱོགས་གཅིག་ཏུ་བྱས་ན་"
1731955,1736066,4111,"གཡག་ཞར་གྱིས་རྩྭ་ཟོས་པ་ལྟ་བུ་འགྱུར་བས། ཕྱོགས་མེད་ཀྱི་ཐོས་བསམ་བྱས་ནས་"
1736066,1739792,3726,"ཁོང་དུ་སྒྲོག་གྲོལ་བར་བྱས་ན་གདམས་ངག་ཡིན།"
1739792,1745760,5968,"འབྲས་བུ་སངས་རྒྱས་གོ་འཕང་ཨེ་ཐོབ་བསམ་རྒྱུ་རེ་བ་མང་པོ་མྱུར་དུ་བྱས་ན་"
1745760,1749656,3896,"དེ་མ་ཡིན་པ་རེ་ཐག་ཐམས་ཅད་ཆོད་པར་འགྱུར་པའི་གདམས་ངག་དགོས་པ་ཡིན།"
1749656,1754214,4558,"(151)  རེ་ཐག་ཆོད་པའི་གདམས་ངག་རྣམ་དྲུག་ནི། །ཁྲེལ་མེད་མི་ལ་སྲུང་སྡོམ་རེ་ཐག་ཆོད། །"
1754214,1757750,3536,"སྙིང་རུས་མེད་ལ་སྒྲུབ་པ་རེ་ཐག་ཆོད། །དད་གུས་མེད་ལ་བྱིན་རླབས་རེ་ཐག་ཆོད། །"
1757750,1762955,5205,"ཤེས་རབ་མེད་ལ་རྟོགས་པ་རེ་ཐག་ཆོད། །སྙོམ་ལས་ཅན་ལ་གྲུབ་རྟགས་རེ་ཐག་ཆོད། །"
1762955,1765016,2061,"བསམ་ངན་མི་ལ་ཕན་སེམས་རེ་ཐག་ཆོད། །"
1765016,1770950,5934,"གསུངས་པ། གོང་མའི་ཡོན་ཏན་ལ་རེ་བ་བྱས་ན་"
1770950,1775904,4954,"སྐྱོན་འདི་རྣམས་དང་ལྡན་ན་རེ་བ་འདི་བསྒྲུབ་རྒྱུ་ཡོད་མ་རེད། གང་རེད་ཟེར་ན།"
1775904,1781533,5629,"ཁྲེལ་དང་ངོ་ཚ་མེད་པའི་མི་ལ་སོ་བྱང་སྔགས་གསུམ་གྱི་སྡོམ་པ་སྲུང་སྡོམ་གྱི་རེ་བ་བྱེད་རྒྱུ་མེད།"
1781533,1783461,1928,"ཁོ་རང་བག་མེད་དུ་སྤྱོད་འགྲོ་བ་ཡིན།"
1783461,1785876,2415,"སྙིང་རུས་དང་བརྩོན་འགྲུས་མེད་པའི་གང་ཟག་དེ་ལ་"
1785876,1790077,4201,"སྒྲུབ་པ་བྱེད་པའི་རེ་ཐག་བཅད་པ་དེ་བརྩོན་པར་ནུས་མ་ཡིན།"
1790077,1794539,4462,"དཀོན་མཆོག་དང་བླ་མ་ལ་ཡིད་ཆེས་ཀྱི་དད་གུས་མེད་པ་དེ་"
1794539,1797639,3100,"སེམས་ལ་བྱིན་རླབས་ཨེ་འཇུག་གི་རེ་ཐག་ཆོད་དེ་འཇུག་རྒྱུ་མེད།"
1797639,1800614,2975,"ཐོས་བསམ་སྒོམ་གསུམ་གྱི་ཤེས་རབ་ཡང་དག་པ་ཞིག་མེད་ན་"
1800614,1803680,3066,"ཆོས་ཀྱི་གནས་ལུགས་རྟོགས་པའི་རེ་ཐག་ཆོད་པ་ཡིན།"
1803680,1807273,3593,"མི་ཚེ་ཟ་ཉལ་གཉིས་པོ་རེད་དེ་ཕག་པ་ལྟ་བུ་རེད་སོང་ན་"
1807273,1811430,4157,"སྙོམ་ལས་ཅན་ལ་གྲུབ་རྟགས་མྱུར་དུ་གདོན་པའི་རེ་ཐག་ཆོད་པ་ཡིན།"
1811430,1815766,4336,"གཞན་ཕན་གྱི་བསམ་པ་བཟང་པོ་མེད་དེ་ཐམས་ཅད་ལ་གནོད་སེམས་ཀྱི་བསམ་པ་ཡོད་ན་"
1815766,1818389,2623,"དེ་ལ་ཕན་པ་སེམས་པའི་རེ་ཐག་ཆོད་པ་ཡིན།"
1818389,1822283,3894,"(152)  བསླབ་པའི་གོ་རིམ་རྣམ་དྲུག་བསྟན་པ་ནི། །འཇུག་སྒོ་དང་པོ་འབྲི་ཀློག་སྒྲ་ཚད་བསླབ། །"
1822283,1824540,2257,"གཉིས་པར་ཁྲིམས་བསྲུང་སྡེ་སྣོད་ཐོས་བསམ་བྱ། །"
1824540,1827427,2887,"གསུམ་པར་ལམ་འཇུག་བླ་མ་དམ་པ་བསྟེན། །"
1827427,1831336,3909,"བཞི་པར་མཉེས་བྱ་སྙན་བརྒྱུད་དམ་པ་ཉོན། །"
1831336,1836866,5530,"ལྔ་པར་བསྒྲུབ་བྱ་མཐར་ཕྱིན་བརྩོན་འགྲུས་བརྩམ། །དྲུག་པ་གཞན་དོན་སྐྱོ་ངལ་མེད་པར་བྱ། །"
1836866,1839208,2342,"དེ་རྣམས་རྗེས་འཇུག་སྐྱེས་བུ་དམ་པའི་སྲོལ། །"
1839208,1842066,2858,"ཞེས་པ་སྟེ། དམ་པའི་ཆོས་ལ་བསླབ་པ་དེ་ལ་"
1842066,1846473,4407,"རིམ་པ་བཞིན་དུ་བྱིས་པ་བཙས་མ་ཐག་པ་དང༌། གཞོན་ནུ་དང༌། དར་ལ་བབ་པ།"
1846473,1851251,4778,"རྒན་པ་རྣམས་ཁ་ཟས་ཡང་དེ་ལྟར་དུ་བྱས་པ་མ་གཏོགས་ལུས་ཀྱིས་འཇུ་རྒྱུ་མ་རེད་དུས།"
1851251,1854354,3103,"དཔེ་དེ་བཞིན་དུ་ཐེག་པའི་གོ་རིམ་མ་ནོར་བ་ཉམས་ལེན་བྱས་ན་"
1854354,1858944,4590,"རང་གི་རྒྱུད་ལ་ཡོན་ཏན་གྱི་སྐྱེད་བྱེད་ཀྱི་རྐྱེན་དུ་འབྱུང་བ་ཡིན་པའི་ཕྱིར་ན།"
1858944,1863434,4490,"སངས་རྒྱས་ཀྱི་བསྟན་པ་ལ་འཇུག་པའི་དང་པོ་ཡི་གེ་འབྲི་བ་དང༌།"
1863434,1869900,6466,"ཀློག་པ་དང༌། དེ་ལའང་མ་དག་པ་ཐམས་ཅད་བསལ་ཏེ་སྒྲ་དང་ཚད་མའི་རིགས་པ་"
1869900,1871845,1945,"གཙོ་བོ་རུ་བསླབ་དགོས་པ་ཡིན།"
1871845,1876681,4836,"དེ་ལྟར་ལེགས་པར་བསླབས་ཟིན་པའི་རྗེས་སུ་ཡོན་ཏན་ཐམས་ཅད་ཀྱི་གཞི་རྟེན་"
1876681,1881399,4718,"སོ་བྱང་སྔགས་གསུམ་གྱི་ཚུལ་ཁྲིམས་མ་ཉམས་པ་ཚུལ་བཞིན་དུ་"
1881399,1886315,4916,"བསྲུང་ཞིང་ཐེག་པ་གསུམ་གྱི་སྡེ་སྣོད་དེ་ལ་ཐོས་པ་དང་བསམ་པས་གཏན་ལ་ཕབ་དགོས་པ་ཡིན།"
1886315,1889739,3424,"གསུམ་པ་ཐར་པའི་ལམ་ལ་འཇུག་པར་བྱེད་པ་དེ་ལ་"
1889739,1893615,3876,"དེད་དཔོན་བླ་མ་དགེ་བའི་བཤེས་གཉེན་དམ་པ་འདི་ཚུལ་བཞིན་དུ་བསྟེན་དགོས་པ་ཡིན།"
1893615,1897137,3522,"བཞི་པ་བླ་མ་དམ་པ་དེ་ལ་རབ་སྒྲུབ་པ། འབྲིང་ལུས་ངག །"
1897137,1899471,2334,"ཐ་མ་ཟང་ཟིང་གི་མཆོད་པས་མཉེས་པར་བྱེད།"
1899471,1904159,4688,"བླ་མའི་ཐུགས་ལ་བརྣག་པའི་སྙན་བརྒྱུད་ཀྱི་གདམས་པ་འདི་རྩེ་གཅིག་ཏུ་ཉན་དགོས་པ་ཡིན།"
1904159,1907390,3231,"ལྔ་པ་བླ་མའི་སྐུ་མདུན་ནས་གདམས་ངག་ཐོབ་ཚར་ནས་"
1907390,1910122,2732,"རང་གིས་གདམས་ངག་དེ་ཚུལ་བཞིན་དུ་སྒྲུབ།"
1910122,1913369,3247,"སྒྲུབ་པ་དེ་མཐར་མ་ཕྱིན་གྱི་བར་དུ་སྙིང་རུས་ཡལ་བར་མ་དོར་བ་"
1913369,1914829,1460,"བརྩོན་འགྲུས་བརྩམ་དགོས་པ་ཡིན།"
1914829,1917720,2891,"ཉམས་རྟོགས་རྒྱུད་ལ་སྐྱེས་ཏེ་རང་དོན་བསྒྲུབས་ཚར་ནས།"
1917720,1923266,5546,"དྲུག་པ་གཞན་སེམས་ཅན་དོན་དང་བསྟན་པའི་དོན་རྒྱ་ཆེན་པོ་སྐྱོ་ངལ་མེད་པ་བྱས་ན།"
1923266,1927333,4067,"དེ་རྣམས་ཀྱི་རྗེས་སུ་འཇུག་ན་སྐྱེས་བུ་དམ་པ་སྔ་རབས་གཤེགས་པ་ཐམས་ཅད་ཀྱི་"
1927333,1929066,1733,"རྣམ་ཐར་དང་རྗེས་སུ་མཐུན་པ་ཡིན།"
1929066,1933716,4650,"(153)  སྐལ་བཟང་སློབ་མ་སྐྱོང་བའི་ཆོས་དྲུག་ནི། །དད་ཅན་གང་མོས་རྗེས་སུ་འཛིན་ཤེས་དང༌། །"
1933716,1938222,4506,"བརྩོན་འགྲུས་བྱ་བྱེད་མི་གཞུག་ལམ་དགོད་ཤེས། །ཐོས་བསམ་ཚིག་འབྱམས་མི་གཞུག་སྒྲུབ་ལ་འཛུད། །"
1938222,1942300,4078,"རྙེད་འཚོལ་ཡོན་ཏན་མི་སློབ་དགེ་སྦྱོར་འཛུད། །གསོག་བྲུན་ནོར་སོག་མི་སློབ་ཆོག་ཤེས་བསླབ། །"
1942300,1947305,5005,"ཚེ་འདིའི་གྲོས་འདུན་མི་སྦྱོར་ཆོས་མགོ་འདོན། །དེ་དག་ཐབས་མཁས་བཤེས་གཉེན་བཟང་པོའི་ལུགས། །"
1947305,1951939,4634,"ཞེས་པ་སྟེ། སྐལ་བཟང་གི་སློབ་མ་དམ་པའི་ཆོས་ཀྱི་སྣོད་དུ་གྱུར་པ་དེ་ལ་"
1951939,1955433,3494,"བླ་མ་དགེ་བའི་བཤེས་གཉེན་གྱིས་སྐྱོང་ཚུལ་རྣམ་པ་དྲུག་ཡོད་དེ།"
1955433,1962350,6917,"གང་རེད་ཟེར་ན། བླ་མ་སངས་རྒྱས་དངོས་མཐོང་དང་གདམས་ངག་ལ་ཡིད་ཆེས་ཀྱི་དད་པ་ཡོད་པའི་གང་ཟག་དེ་ལ།"
1962350,1968707,6357,"ཐེག་པ་རྣམ་པ་གསུམ་གྱི་ཆོས་གང་ལ་མོས་པ་ཡོད་པ་དེས་"
1968707,1974254,5547,"རྗེས་སུ་འཛིན་ཏེ་དེའི་གདམས་ངག་འདི་ཚུལ་བཞིན་དུ་བསླབ་དགོས་པ་ཡིན།"
1974254,1978481,4227,"དེ་བརྩོན་འགྲུས་དང་ལྡན་པའི་གང་ཟག་ཡིན་ན་དེ་ལ་འཇིག་རྟེན་གྱི་བྱ་བ་དང༌།"
1978481,1982711,4230,"བཟོ་ལ་སོགས་པ་བྱེད་དུ་མི་བཅུག་པ་ཁོ་རང་ཐར་པའི་ལམ་དེ་ལ་"
1982711,1987022,4311,"རྩེ་གཅིག་ཏུ་འཇུག་པར་བྱས་ན་དེ་ནས་ལམ་རྟགས་ཀྱི་ཡོན་ཏན་སྐྱེ་འོང་དུས་དེ་དགོས་པ་ཡིན།"
1987022,1990299,3277,"ཐོས་པ་དང་བསམ་པ་ཕྱོགས་མེད་དུ་ཤེས་པའི་གང་ཟག་རེད་ན་"
1990299,1995466,5167,"ཁའི་ཚིག་ཙམ་དུ་མི་བྱུང་བ། ཐོས་བསམ་གྱི་དོན་དེ་རང་གི་སེམས་རྒྱུད་ལ་སྦྱོར་ཏེ་"
1995466,1998292,2826,"སྒྲུབ་པ་ལ་རྩེ་གཅིག་ཏུ་བསྐུལ་བར་བྱེད་དགོས་པ་ཡིན།"
1998292,2003489,5197,"ཡོན་ཏན་ཡོད་པ་དེ་དག་གིས་འཇིག་རྟེན་གྱི་རྙེད་པ་མི་འཚོལ་བ་དང༌།"
2003489,2007550,4061,"ལམ་གང་ལ་སྤངས་རྟོགས་ཀྱི་ཡོན་ཏན་སློབ་པར་འགྱུར་པ་དེ་ལ།"
2007550,2010610,3060,"དགེ་སྦྱོར་རྩེ་གཅིག་ཏུ་བརྩོན་པར་བྱེད་དགོས་པ་ཡིན།"
2010610,2015349,4739,"གསོག་བྲུན་གྱིས་ནོར་ཡུན་རིང་པོ་མི་གསོག་པ་ཆོག་ཤེས་ཀྱི་སྒོ་ནས་"
2015349,2020717,5368,"འདོད་ཆུང་ཆོག་ཤེས་བྱེད་དེ། ཟས་ལྟོ་འགྲངས་དང་གོས་ལྷགས་སྐྱོབ་ཙམ་གྱིས་ཆོག་པར་བྱེད་པ་ཡིན།"
2020717,2025774,5057,"འཇིག་རྟེན་ཚེ་འདིའི་དགྲ་འདུལ་གཉེན་སྐྱོང་ནོར་ལོངས་སྤྱོད་བསགས་པ་ལ་སོགས་པ་"
2025774,2032027,6253,"གྲོས་འདུན་མི་བྱེད་པ། དམ་པའི་ཆོས་ཁོ་ན་སྤྱོད་པས་"
2032027,2034819,2792,"རང་གི་མགོ་འཐོན་པ་ཞིག་དགོས་པ་ཡིན་པས།"
2034819,2039666,4847,"དེ་དག་ཚུལ་བཞིན་དུ་སྤྱོད་ན་ཐབས་ལ་མཁས་པའི་དགེ་བའི་བཤེས་གཉེན་བཟང་པོས་"
2039666,2044518,4852,"གདུལ་བྱ་སློབ་མ་རྗེས་སུ་སྐྱོང་བར་བྱེད་པའི་ལུགས་ཡིན།"
2044518,2048585,4067,"(154)  དྲན་པའི་བྱ་ར་བཏང་བའི་ཆོས་དྲུག་ནི། །ཚེ་འདིར་ཤོར་རམ་དྲན་པའི་བྱ་ར་བཏང༌། །"
2048585,2052509,3924,"ལེ་ལོས་གཡེངས་སམ་དྲན་པའི་བྱ་ར་བཏང༌། །གོལ་སྒྲིབ་བྱུང་ངམ་དྲན་པའི་བྱ་ར་བཏང༌། །"
2052509,2056699,4190,"འཁྲུལ་རྟོག་ཤོར་རམ་དྲན་པའི་བྱ་ར་བཏང༌། །འཆལ་གཏམ་ཤོར་རམ་དྲན་པའི་བྱ་ར་བཏང༌། །"
2056699,2058598,1899,"ཐ་མལ་ལུས་སམ་དྲན་པའི་བྱ་ར་བཏང༌། །"
2061893,2066632,4739,"གསུངས་དུས། རང་གི་སེམས་དེ་ལ་དྲན་པ་དང་ཤེས་བཞིན་གཉིས་ཀྱིས་སོ་པ་བཞག་སྟེ་"
2066632,2070596,3964,"རྟག་ཏུ་དམ་པའི་ཆོས་ལ་བཙུད་པར་བྱེད་པའི་བྱ་ར་གཏང་དགོས་རྒྱུ་རེད།"
2070596,2074512,3916,"གང་རེད་ཟེར་ན། རང་གི་སེམས་འདིས་ཚེ་འདིའི་རྙེད་པ་བཀུར་སྟི་"
2074512,2077534,3022,"ནོར་དང་ལོངས་སྤྱོད་ལ་སོགས་པ་དྲན་གྱི་འདུག་གམ་མི་འདུག །"
2077534,2082553,5019,"དྲན་གྱི་འདུག་ན་དེ་ལ་ཆོག་ཤེས་ཀྱི་གཉེན་པོ་བསྟེན་ཏེ་བྱ་ར་གཏང་དགོས་པ་ཡིན།"
2082553,2087933,5380,"ཟས་གོས་ལ་སོགས་པ་དང་འཇིག་རྟེན་བྱ་བ་ལེ་ལོས་གཡེངས་སོང་བ་ཡིན་ན་"
2087933,2093498,5565,"འཆི་བ་མི་རྟག་པ་རྗེས་སུ་དྲན། དམ་པའི་ཆོས་ལ་ཡར་སྦྱོར་བའི་དྲན་པའི་བྱ་ར་གཏང་དགོས་པ་ཡིན།"
2093498,2098500,5002,"ཉམས་དང་རྟོགས་པ་རྒྱུད་ལ་སྐྱེ་བའི་ཚེ་ན་གོལ་ས་དང་སྒྲིབ་པ་ཨེ་བྱུང་ལྟ་སྟེ་"
2098500,2101236,2736,"གེགས་སེལ་དང་བོགས་འདོན་གྱི་གདམས་ངག་བསྟེན་ཏེ་"
2101236,2103262,2026,"དྲན་པའི་བྱ་ར་གཏང་དགོས་པ་ཡིན།"
2104855,2107868,3013,"ཆགས་སྡང་གི་འཁྲུལ་པའི་རྣམ་པར་རྟོག་པ་མང་པོ་འབྱུང་ན་"
2107868,2110260,2392,"དེའི་དབང་གིས་ཁམས་གསུམ་འཁོར་བ་འཆིང་བ་ཡིན་པས།"
2110260,2113344,3084,"ཆགས་སྡང་གི་གཉེན་པོ་བསྟེན་ཏེ་དྲན་པའི་བྱ་ར་བཏང༌།"
2113344,2116689,3345,"ངག་འཁྱལ་མང་པོས་མི་ཚེ་སྟོང་ཟད་དུ་སོང་ན་"
2116689,2120444,3755,"དེས་ཚེ་འཕྲོ་བརླག་ཏུ་འགྲོ་བ་ཡིན་པའི་ཕྱིར་ན།"
2120444,2124056,3612,"རྟག་ཏུ་སྨྲ་བ་བཅད་པ་དང༌། ཆགས་སྡང་གི་གཏམ་མང་པོ་མི་སྨྲ་བ་"
2124056,2126183,2127,"དྲན་པའི་བྱ་ར་གཏང་དགོས་པ་ཡིན།"
2126183,2130894,4711,"དུས་རྟག་ཏུ་ལུས་ངག་གིས་དམ་པའི་ཆོས་ལ་ཚུལ་བཞིན་དུ་མི་བརྩོན་པ་"
2130894,2133761,2867,"ཐ་མལ་དུ་ལུས་བསྡད་ཡོད་དུས་དྲན་པའི་བྱ་ར་བཏང་ནས།"
2133761,2138511,4750,"དེ་དྲན་པའི་བྱ་རས་རྩིས་ཟིན་པ་དང་མཉམ་དུ་སྐྱོན་དེ་དག་གི་དབང་དུ་མ་བཏང་ན་"
2138511,2141311,2800,"ཐར་པའི་ལམ་མྱུར་དུ་འཐོབ་པར་འགྱུར་བ་ཡིན།"
2141311,2144997,3686,"(155)  ཆོས་མཛད་རྣམ་ཀྱི་བྱ་བ་རྣམ་དྲུག་ནི། །ཚེ་ལ་ལོང་མེད་མྱུར་དུ་འགྲོ་རྩིས་བྱ། །"
2144997,2149073,4076,"ལས་འབྲས་ཆེ་ཕྲ་དགེ་སྡིག་བླང་དོར་བྱ། །གཞན་དོན་འགྲུབ་དཀའ་རང་དོན་མ་ཤོར་བྱ། །"
2149073,2154994,5921,"ཤེས་བྱ་ཐུག་མེད་ཚིག་འབྱམས་མ་ཤོར་བྱ། །མི་ཤེས་བླུན་སྒོམ་རྨོངས་པར་མ་ཤོར་བྱ། །"
2154994,2158072,3078,"མཁས་བཙུན་བཟང་འདོད་ང་རྒྱལ་མ་སོང་བྱ། །"
2158072,2164309,6237,"གསུངས་དུས། དམ་པའི་ཆོས་ཚུལ་བཞིན་དུ་མཛད་པའི་གང་ཟག་རྣམས་ཀྱིས་"
2164309,2167047,2738,"དུས་རྟག་ཏུ་བྱ་དགོས་པའི་ཆོས་རྣམ་པ་དྲུག་ཡོད་དེ།"
2167047,2171802,4755,"མི་ཚེ་དེ་དག་ལ་ནམ་འཆི་ཆ་མེད། འཆི་རྐྱེན་ངེས་མེད་དུ་ཡིན་པས་ན་"
2171802,2173752,1950,"མྱུར་དུ་འཆི་བ་སླེབས་ཀྱི་རེད་བསམ།"
2173752,2178349,4597,"ཐར་པའི་ལམ་ལ་འགྲོ་བའི་ལམ་དེ་ལ་རྩེ་གཅིག་ཏུ་བརྩོན་པར་བྱ་དགོས་པ་ཡིན།"
2178349,2181494,3145,"ལས་འབྲས་འདི་ཉིད་གཏན་ནས་བསླུ་བ་མེད་པས་ན་"
2181494,2183302,1808,"རྟོགས་པ་ནམ་མཁའ་དང་མཉམ་ནའང་"
2183302,2186522,3220,"རྒྱུ་འབྲས་ཀྱི་འབྲས་བུ་བསམ་གྱིས་མི་ཁྱབ་པ་བསླུ་བ་མེད་པ་ཡིན།"
2186522,2190357,3835,"དགེ་བ་བླང་སྡིག་པ་དོར་ཏེ་ཚུལ་བཞིན་དུ་བྱ་བ་ཡིན།"
2190357,2194783,4426,"ཐོག་མ་ཉིད་དུ་སོ་སོ་སྐྱེ་བོས་གཞན་དོན་རྒྱ་ཆེན་པོ་འགྲུབ་པར་དཀའ་བས་"
2194783,2197373,2590,"ཐོག་མར་རང་གི་སེམས་འདུལ་བ་ལ་ནན་ཏན་བྱེད་དེ་"
2197373,2200555,3182,"རང་གི་དོན་མདོ་མ་ཤོར་བ་བྱེད་དགོས་པ་ཡིན།"
2200555,2203211,2656,"ཆོས་བསླབ་དགོས་པའི་གནས་སུ་ཤེས་བྱ་དེ་ལ།"
2203211,2206827,3616,"ཤེས་བྱ་ནམ་མཁའི་གཟའ་སྐར་འདྲ། །བསླབ་དགོས་གནས་ལ་ཟད་པ་མེད། །"
2206827,2210233,3406,"ད་རེས་ཆོས་སྐུ་སྙིང་པོའི་དོན། །འགྱུར་མེད་བཙན་ས་བཟུང་ན་ལེགས། །"
2210233,2212733,2500,"ཞེས་པ་དེ་རེད་དུས་ཚིག་གི་རྗེས་སུ་མི་འབྲང་བ་"
2212733,2215722,2989,"རང་གི་ཉམས་སུ་ལེན་རྒྱུའི་གནད་དོན་དེ་ཚུལ་བཞིན་"
2215722,2217994,2272,"རྒྱུད་ལ་ཡོད་པར་བྱ་དགོས་པ་ཡིན།"
2217994,2223056,5062,"གདམས་ངག་ཟབ་མོའི་གནད་གང་ཡང་མི་ཤེས་པས་བླུན་སྒོམ་བྱས་ན་"
2223056,2226782,3726,"མུན་ནག་ནང་ནས་མདའ་འཕང་ན་འབེན་ལ་འཕོག་སྲིད་རྒྱུ་མ་རེད་དུས།"
2226782,2230496,3714,"བླུན་པོའི་སྒོམ་པ་དེ་དང་འདྲ་བ་ཡིན་པས་བླུན་སྒོམ་མ་ཤོར་བར་བྱ།"
2230496,2236269,5773,"མཁས་པ་དང་བཙུན་པ་སངས་རྒྱས་ཀྱི་བསྟན་པ་ལ་བྱ་བ་བྱས་པའི་མཛད་པ་བཟང་པོ་ཡོད་ན།"
2236269,2245263,8994,"ང་དེ་ལྟ་བུ་དང་ལྡན་ནོ་སྙམ་སྟེ་"
2247266,2250131,2865,"ང་རྒྱལ་གྱི་དབང་དུ་ཕྱིན་སོང་ན་"
2250131,2253889,3758,"ཡོན་ཏན་གོང་འཕེལ་དུ་སྒྲུབ་པ་མེད་པས་དེ་ལྟར་བརྩོན་དགོས་པ་ཡིན།"
2253889,2258139,4250,"(156)  སྒྲུབ་འདོད་ལེགས་པར་བསམ་པའི་ཆོས་དྲུག་ནི། །ཚེ་འདི་མ་བྲལ་ཕ་ཡུལ་བློས་མི་ཐོངས། །"
2258139,2261963,3824,"འདོད་ཞེན་མ་ལོག་དབེན་པར་སྡོད་མི་ཚུགས། །གྲུབ་མཐའ་མ་གྲོལ་རང་རྒྱུད་ཆོས་ཀྱིས་འཆིང༌། །"
2261963,2267370,5407,"བསམ་གཏན་མ་སྐྱེས་སྟན་ལ་འདུག་མི་ཚུགས། །གཉེན་པོ་བྲལ་བས་རྣམ་གཡེང་རྐྱེན་མི་ཐུབ། །"
2267370,2271366,3996,"བརྟུལ་ཞུགས་མཆོག་འཛིན་གཉེན་པོ་དུག་ཏུ་འགྲོ། །དེ་བས་འདི་དག་ལེགས་པར་བསམ་པ་གཅེས། །"
2271366,2277455,6089,"ཞེས་པ་སྟེ། དམ་པའི་ཆོས་ཚུལ་བཞིན་དུ་བསྒྲུབ་པར་འགྱུར་པ་དེ་ལ་"
2277455,2280363,2908,"ལེགས་པའི་ཡོན་ཏན་དྲུག་ཡོད་དགོས་པས། གང་རེད་ཟེར་ན།"
2280363,2283728,3365,"ཚེ་འདིའི་ཆགས་སྡང་རྨོངས་གསུམ་དང་མ་བྲལ་ན་"
2283728,2288805,5077,"ཕ་ཡུལ་སྤོང་བའི་བློ་བྱས་ནའང་ཆགས་སྡང་སེམས་ལ་ཡོད་ན་ཕན་རྒྱུ་མེད་པ་དང༌།"
2288805,2293376,4571,"ཉེ་རིང་དང་གཉེན་ལ་སོགས་པ་དང༌། ཁྱིམ་མཚེས་གྲོགས་པོ་ཐམས་ཅད་"
2293376,2299716,6340,"བློས་མི་གཏོང་བ་ཞེན་ཆགས་བྱས་པ་འཇིག་རྟེན་འཁོར་བའི་བྱ་བ་འཇིག་རྟེན་ཆོས་བརྒྱད་ལས་ཞེན་པ་མ་ལོག་ན་"
2299716,2304250,4534,"རི་ཁྲོད་དབེན་པའི་གནས་སུ་སྡོད་དགོས་ནའང་སྤྲེའུ་དང་འདྲ་སྟེ་སྡོད་མི་ཚུགས་པ།"
2304250,2307251,3001,"གྲུབ་མཐའ་ཐམས་ཅད་སླུ་བྱེད་ཅན་འཆིང་བ་ཡིན་པས་"
2307251,2310564,3313,"དེ་ཆོས་ཉིད་ཀྱི་ངང་དུ་གྲོལ་མ་ཐུབ་ན་"
2310564,2316489,5925,"རང་གི་ཆོས་ལུགས་གྲུབ་མཐའ་དེ་ལ་བཟང་པོ་དང༌། གཞན་གྱི་གྲུབ་མཐའ་ལ་སྐྱོན་འདེབས་པར་བྱེད་པས་"
2316489,2321767,5278,"རང་རྒྱུད་ཆོས་ཀྱིས་ཕར་ལས་ངན་ཆོས་སྤོང་བསགས་ཏེ་སྟེ་འཆིང་འགྲོ་བ་མ་གཏོགས་མེད།"
2321767,2326526,4759,"ཞི་གནས་དང་ལྷག་མཐོང་གི་བསམ་གཏན་ཡང་དག་པ་རྒྱུད་ལ་མ་སྐྱེས་ན་"
2326526,2329101,2575,"སྟན་གྱི་སྟེང་དུ་མཉམ་པར་བཞག་དགོས་ནའང་"
2329101,2331735,2634,"ཡུན་རིང་པོ་རུ་མཉམ་པར་བཞག་མི་ཚུགས་པ་ཡིན།"
2331735,2338626,6891,"རང་གི་རྒྱུད་ལ་རྣམ་གཡེང་དང་འདུ་འཛིའི་གཉེན་པོ་ངེས་འབྱུང་དང་སྐྱོ་ཤས་མེད་ན།"
2338626,2342760,4134,"དོན་མེད་ས་མཐའ་ལ་སྐོར་བསྡད་ནའང་རྣམ་གཡེང་དབང་གིས་"
2342760,2345000,2240,"རྐྱེན་ལ་འགྱུར་ཏེ་མི་ཐུབ་པ་ཡིན།"
2345000,2349233,4233,"གསང་སྔགས་སྤྱོད་པ་སྤྱད་པའི་གང་ཟག་ཡིན་ན་ང་གྲུབ་ཐོབ་ཡིན།"
2349233,2353628,4395,"གསང་སྔགས་ཀྱི་སྤྱོད་པས་ཉོན་མོངས་པ་གང་གིས་འགོས་པ་མེད་བསམ་མཆོག་ཏུ་འགྲོ་ན།"
2353628,2358512,4884,"དཔེར་ན་དུག་ཟོས་བཞག་ན་དུག་གིས་སླར་ཡང་"
2358512,2363379,4867,"འཆི་རྫས་བྱེད་རྒྱུ་རེད་དེ། དཔེ་དེ་ལྟ་བུ་རང་གི་སྤྱོད་པས་ཐར་པའི་ལམ་དང་"
2363379,2366769,3390,"རྒྱབ་འགལ་བར་བྱེད་པ་ཡིན་པས། དེ་བས་འདི་དག་སྐྱེའི་འདུག་གམ་མི་འདུག་"
2366769,2370050,3281,"ལེགས་པར་བསམ་སྟེ་ཡོད་ན་སྐྱོན་སྤང་བར་བྱ་བ་ཡིན།"
2370050,2377455,7405,"(157)  ཕྱི་ནང་རྟགས་དྲུག་ལེགས་པར་བསྟན་པ་ནི། །དཔྱོད་ལྡན་མི་དཔེས་གང་བརྩམས་མཐར་ཕྱིན་དང༌། །"
2377455,2382905,5450,"རྟོགས་ལྡན་མི་དཔེས་གཏམ་ལ་བསྐྱར་ཐུབ་དང༌། །གོ་རིག་ལྡན་པས་གང་ཡང་ཤེས་པ་དང༌། །"
2382905,2386897,3992,"ངེས་ཤེས་སྐྱེས་ཏེ་དཀའ་སྤྱད་ནུས་པ་དང༌། །ཆོས་དང་འདྲེས་ཏེ་རང་རྒྱུད་དུལ་བ་དང༌། །"
2386897,2391672,4775,"ཤེས་རབ་ཅན་དེ་ཐོས་པས་མི་ངོམས་དང༌། །ནང་གི་རྟགས་ཀྱིས་ཕྱི་རོལ་ཤར་བ་ཡིན། །"
2391672,2395771,4099,"གསུངས། རང་གི་ལུས་ངག་ཡིད་གསུམ་ལ་"
2395771,2400422,4651,"དུས་རྟག་ཏུ་ཤེས་བཞིན་གྱི་སྒོ་ནས་ཡང་ནས་ཡང་དུ་ཤེས་པར་བྱས་ན།"
2400422,2406994,6572,"དེ་ཤེས་པ་དེ་ལ་བརྟེན་ཏེ་ཕྱིའི་སྤྱོད་པ་དང་ནང་གི་སྤྱོད་པ་ཆ་མཚུངས་པ་ལེགས་པ་ཡིན་པའི་ཕྱིར་ན།"
2406994,2410894,3900,"གང་རེད་ཟེར་ན། རང་གི་ལུས་ངག་ཡིད་གསུམ་གྱིས་བྱ་བ་གང་བྱེད་ན།"
2410894,2414790,3896,"དེ་ལ་བསམ་བློ་ལེགས་པར་བཏང་སྟེ་བྱ་བ་དེ་བརྩམས་ཟིན་ནས་བཟུང་སྟེ་"
2414790,2418839,4049,"མཐར་ཕྱིན་པ་ཞིག་དགོས་རྒྱུ་རེད་དུས་མཐར་ཕྱིན་པ་བྱེད་པ།"
2418839,2427645,8806,"རྟོགས་ལྡན་མི་དཔེས་ཡང་ནས་ཡང་དུ་གདམས་ངག་ཐོས་བསམ་སྒོམ་གསུམ་གྱིས་"
2427645,2434224,6579,"བསྐྱར་ཐུབ་ན་གདམས་ངག་གི་གནད་ཐམས་ཅད་ཤེས་པས་སྔ་ཕྱི་འགལ་བ་མེད་པས་གཏམས་ལ་བསྐྱར་ཐུབ་པ་དང༌། གོ་རིག་ལྡན་པས་"
2434224,2438825,4601,"ཐམས་ཅད་ཤེས་པར་བྱས་ནས་མདོ་སྔགས་ཀྱི་དོན་གང་ཡང་ཤེས་པ་དང༌།"
2438825,2444634,5809,"རང་གི་ལྟ་སྒོམ་སྤྱོད་གསུམ་ལ་ངེས་ཤེས་ཡག་པོ་ཡོད་ན་དཀའ་སྤྱད་སྙིང་རུས་བརྩོན་འགྲུས་སྒོ་ནས་"
2444634,2448831,4197,"ལུས་ལ་ན་ཚ་སེམས་ལ་སྡུག་བསྔལ་འབྱུང་ནའང་བཟོད་ཐུབ་པ་བྱེད་པ།"
2448831,2452218,3387,"ཆོས་དང་རང་རྒྱུད་འདྲེས་ཡོད་མེད་བརྟག་པ་བྱེད་པ་དེ་ལ་"
2452218,2457973,5755,"རང་རྒྱུད་དུས་རྟག་ཏུ་ཉོན་མོངས་མེད་པ་དང༌། ཆོས་ལ་སྦྱོར་ཐུབ་པའི་དྲན་ཤེས་བག་ཡོད་ལྡན་པའི་"
2457973,2463455,5482,"དུལ་བ་ཡིན་པ་དང༌། ཤེས་རབ་ཅན་གྱི་གང་ཟག་ཡིན་ན་ག་ཚོད་ཐོས་པ་རྒྱ་ཆེན་པོ་ཡོད་ནའང་"
2463455,2467683,4228,"མཐའི་རྒྱ་མཚོ་ཆེན་པོ་ལ་ཆུས་ངོམས་པ་མེད་པ་ལྟར་དུ་མི་ངོམས་པ།"
2467683,2472494,4811,"དེ་ནང་ལ་ཡོན་ཏན་ཡོད་པའི་རྟགས་དེ་ཕྱི་རོལ་དུ་ཤར་དུས། རྟགས་སྤྱོད་པས་བསྟན་ཞེས་བྱ་བ་ཡིན།"
2472494,2476617,4123,"(158)  གཟུང་འཛིན་མདུད་པ་དགྲོལ་བའི་ཆོས་དྲུག་ནི། །ཆགས་སྡང་སྐྱེས་དུས་སེམས་ལས་བལྟས་ཏེ་དགྲོལ། །"
2476617,2480944,4327,"དུག་ལྔ་སྐྱེས་དུས་རང་ངོ་བལྟས་ཏེ་དགྲོལ། །ཟུག་རྔུ་བྱུང་དུས་བདེ་ཆེན་བསྒོམས་ཏེ་དགྲོལ། །"
2480944,2485456,4512,"རྣམ་རྟོག་འཐོར་དུས་རང་བཞིན་བཅད་དེ་དགྲོལ། །ངལ་དུབ་སྐྱེས་དུས་ལྷོད་དེ་གློད་དེ་དགྲོལ། །"
2485456,2493040,7584,"འཐིབས་ཤིང་ལྟེང་ཚེ་གསལ་དག་ངར་བཅས་དགྲོལ། །"
2496639,2500900,4261,"གསུངས་དུས། རང་གི་རྒྱུད་ལ་གཟུང་འཛིན་གྱི་མདུད་པ་འདི་གཉེན་པོས་བཀྲོལ་ཐུབ་ཡོད་མེད་"
2500900,2504266,3366,"ཚད་ལྟ་བའི་རྣམ་པ་ཆོས་དྲུག་ཡིན། གང་རེད་ཟེར་ན།"
2504266,2507845,3579,"རང་ཕྱོགས་ལ་ཆགས་གཞན་ཕྱོགས་ལ་སྡང་བའི་རྟོག་པ་མང་པོ་སྐྱེས་དུས་"
2507845,2511767,3922,"རང་གི་སེམས་འདི་ཆགས་སྡང་གི་དབང་དུ་འགྲོ་ཨེ་འདུག་མིན་འདུག་བལྟས་ཏེ་"
2511767,2515966,4199,"སེམས་དྲན་ཤེས་བག་ཡོད་ཅིག་བྱེད་དང༌། ཆགས་སྡང་གི་མདུད་པ་དགྲོལ་རུང་བ་ཡིན།"
2515966,2520890,4924,"ཉོན་མོངས་པ་དུག་ལྔ་སྐྱེ་ན་དུག་ལྔའི་ངོ་བོ་དེ་སྐྱེ་འགག་གནས་གསུམ་དང་བྲལ་བའི་"
2520890,2524744,3854,"ཆོས་ཉིད་ཀྱི་རང་ངོ་ལ་བལྟས་ན་དུག་ལྔ་ཡེ་ཤེས་ཀྱི་ངོ་བོ་"
2524744,2529028,4284,"རང་བཞིན་རྫོགས་པ་ཆེན་པོའི་གྲོལ་ལུགས་ཀྱི་གདམས་ངག་དང་ལྡན་པ་ཡིན།"
2529028,2531328,2300,"ན་ཚ་ལ་སོགས་པའི་ཟུག་རྔུ་འབྱུང་ན་"
2531328,2534828,3500,"དེ་ཐམས་ཅད་བདེ་བ་ཆེན་པོའི་ཡེ་ཤེས་ཀྱི་རོལ་བ་བསྒོམ་ན་"
2534828,2539443,4615,"དེ་ཟུག་རྔུ་འདི་དགྲོལ་བ། རྣམ་རྟོག་མང་པོ་རང་བཞིན་སེམས་ལ་ཤར་འོང་ན་"
2539443,2544811,5368,"རྣམ་རྟོག་གི་རང་བཞིན་ཆོས་ཉིད་སྟོང་པ་ཉིད་ཡིན་པ་དེ་ཐག་བཅད་དེ་དགྲོལ་དགོས་པ་དང༌།"
2544811,2550307,5496,"ཞི་གནས་དང་ལྷག་མཐོང་གི་ཏིང་ངེ་འཛིན་རྩེ་གཅིག་ཏུ་སྒོམ་པའི་ཚེ་ན་"
2550307,2553589,3282,"སེམས་ཧ་ཅང་བཅུན་བཅས་ངལ་དུབ་སྐྱེ་འོང་ན་"
2553589,2557250,3661,"ཁོང་ལྷོད་པའི་སྒོ་ནས་གུ་ཡངས་བློ་བདེ་བྱས་ན་དགྲོལ་བ་ཡིན།"
2557250,2562278,5028,"ཉམས་སུ་ལེན་པའི་ཚེ་ན་གཉིད་ཁུག་པ་དང་སེམས་འཐིབས་པལྟ་བུ་ཡིན་ན་"
2562278,2564872,2594,"ཞི་གནས་ཀྱི་སྟེང་དུ་འགྲོ་བ་ཡིན་པས་ན་"
2564872,2568859,3987,"རིག་པ་གསལ་ངར་དང་དག་པ་དང་བཅས་པའི་སྒོ་ནས་དགྲོལ་བ་བྱེད་དགོས།"
2568859,2572762,3903,"(159)  སྒྲུབ་པའི་ཆོས་ལ་བཅས་པ་རྣམ་དྲུག་ནི། །གདམས་ངག་ཟབ་མོ་ངོ་སྤྲོད་བཅས་པ་དགོས། །"
2572762,2577027,4265,"ངོ་སྤྲོད་གོང་མའི་ཕྱག་བཞེས་བཅས་པ་དགོས། །ཕྱག་བཞེས་དེ་ཡང་ཉམས་མྱོང་བཅས་པ་དགོས། །"
2577027,2580904,3877,"ཉམས་མྱོང་དྲོད་ཚད་རྟགས་དང་བཅས་པ་དགོས། །དྲོད་རྟགས་ཐོབ་བྱའི་འབྲས་བུར་བཅས་པ་དགོས། །"
2580904,2589797,8893,"འབྲས་བུ་གཞན་དོན་མཛད་པར་བཅས་པ་དགོས། །ཡ་བྲལ་ལམ་དེ་གོལ་བའི་གནས་སུ་འཁྱོག །"
2589797,2601512,11715,"ཅེས་པ་སྟེ། བསྒྲུབ་པར་བྱ་བའི་ཆོས་དེ་ལའང་ཤིན་ཏུ་གཅེས་སྤྲས་བྱ་བའི་གདམས་ངག་དྲུག་ཡོད་དེ།"
2601512,2607329,5817,"གང་རེད་ཟེར་ན། བླ་མའི་གདམས་ངག་ཟབ་མོ་འདི་ཆོས་ཉིད་ཀྱི་རང་ངོ་འཕྲོད་ཡོད་པ་བཅས་ཤིག་དགོས་པ་ཡིན།"
2607329,2611804,4475,"རང་ངོ་འཕྲོད་པ་དེའང་བརྒྱུད་ལྡན་བླ་མ་གོང་མའི་ཕྱག་བཞེས་ལྟར་དུ་མ་ཉམས་པ།"
2611804,2615733,3929,"གེགས་དང་གོལ་ས་མེད་པ་ནོར་འཁྲུལ་དང་བྲལ་བ་ཞིག་དགོས།"
2615733,2620245,4512,"བླ་མའི་ཕྱག་བཞེས་དེའང་བླ་མ་རང་གིས་ཀྱང་ཆོས་དེ་ཉམས་སུ་ལེན་ཏེ་"
2620245,2623958,3713,"དེ་ཉམས་མྱོང་ཡོད་པ་དེ་ལ་བརྟེན་ཏེ་གཞན་དག་དེའི་ལམ་ལས་ཡར་འཁྲིད་དགོས།"
2623958,2627143,3185,"ངོ་སྤྲོད་ལྡན་མཁན་བླ་མའི་ཕྱག་བཞེས་མཛད་པ་དེའང་"
2627143,2629365,2222,"ཉམས་མྱོང་དང་བཅས་པ་ཅན་ཞིག་དགོས།"
2629365,2631779,2414,"རང་གི་སེམས་ལ་ཉམས་མྱོང་སྐྱེ་འོང་བའི་ཚེ་ན།"
2631779,2636650,4871,"ཉམས་མྱོང་མཐོ་དམན་ཆེ་འབྲིང་ཆུང་གསུམ་གང་འདྲ་ཡིན་བལྟ་སྟེ་"
2636650,2639525,2875,"ལམ་རྟགས་ཀྱི་དྲོད་ཚད་ངེས་འབྱུང་དང་སྐྱོ་ཤས།"
2639525,2642758,3233,"མོས་གུས་དང་རྟོགས་པ་མངོན་ཤེས་དང་བཅས་པ་དགོས།"
2642758,2645223,2465,"དྲོད་རྟགས་སེམས་ལ་ཤར་འོང་བའི་ཚེ་ན་"
2645223,2649395,4172,"མཐར་ཐུག་གི་འབྲས་བུ་གཏན་ཁེལ་བ་ཞིག་ཐོབ་ཡོད་པ་དེ་དགོས།"
2649395,2651614,2219,"མཐར་ཐུག་གི་འབྲས་བུ་མངོན་སུམ་དུ་འབྱུང་ན་"
2651614,2655839,4225,"གཞན་སེམས་ཅན་ནམ་མཁའ་དང་མཉམ་པ་ལ་ཕན་ཐོགས་པ་ཅན་ཞིག་དགོས་པ་ཡིན་མ་གཏོགས།"
2655839,2660211,4372,"དེ་དག་མ་ལྡན་ན་ཟུང་འཇུག་གི་ལམ་དེ་"
2660211,2663610,3399,"ཡ་བྲལ་བ་ཡིན་པས་ན་གོལ་བའི་གནས་སུ་འཁྱོག་སྟེ་གོལ་བ་ཡིན།"
2663610,2672555,8945,"(160) གཅེས་པའི་གདམས་ངག་རྣམ་དྲུག་བསྟན་པ་ནི། །དགེ་སྦྱོར་གང་བྱེད་ཐུན་ལས་མི་འདའ་གཅེས། །བཀའ་ལུང་ཆོས་དང་རང་རྒྱུད་འདྲེས་པ་གཅེས། །བསམ་གཏན་རྐྱེན་ཐུབ་རང་རྒྱུད་མི་འཁྲུགས་གཅེས། །"
2672555,2676833,4278,"ལྟ་བ་མཐའ་གྲོལ་ཕྱོགས་འཛིན་མེད་པ་གཅེས། །ཆོས་ཉིད་ངང་དང་འདུ་འབྲལ་མེད་པ་གཅེས། །"
2676833,2678943,2110,"ཅིར་སྣང་ཐབས་ལ་ཡེ་ཤེས་སྐྱེ་བ་གཅེས། །"
2678943,2685042,6099,"ཞེས་པ་གཅེས་པའི་གདམས་ངག་རྣམ་པ་དྲུག་ཡོད་དེ། གང་རེད་ཟེར་ན།"
2685042,2688272,3230,"རང་གི་ལུས་ངག་ཡིད་གསུམ་གྱིས་དགེ་སྦྱོར་གང་བྱས་ནའང་"
2688272,2691863,3591,"མཉམ་རྗེས་རིས་མེད་དུ་སོང་ནས། ཐུན་བཞིའི་རྣལ་འབྱོར་མི་བཅག་ཅེས་པ་ལྟར།"
2691863,2697195,5332,"ཐུན་བཞི་དང་དྲུག་ལ་སོགས་པའི་སྒོ་ནས་བར་མཚམས་མེད་པ་"
2697195,2700342,3147,"སྤྱད་ཐུབ་ན་བོགས་འདོན་པ་དང་དགེ་བ་གང་སྐྱོང་བ་ཡིན།"
2700342,2703980,3638,"བཀའ་ལུང་མང་པོ་ཐོབ་སོང་བ་དེའི་ཆོས་དེ་ཐོབ་ཡོད་ན།"
2703980,2709539,5559,"ཆོས་ཀྱི་ཡོན་ཏན་ཤེས་པ་དེ་དང་རང་གི་རྒྱུད་གཅིག་ཏུ་འདྲེས་པར་བྱེད་པ་དགོས་ཡིན།"
2709539,2716134,6595,"ཞི་གནས་ཀྱི་བསམ་གཏན་རྒྱུད་ལ་སྐྱེ་འོང་ན་བསམ་གཏན་དེ་རྣམ་གཡེང་དང་བྱིང་རྒོད་ཀྱི་རྐྱེན་ཐུབ་"
2716134,2719724,3590,"རང་གི་རྒྱུད་ལ་ཆགས་སྡང་གི་རྐྱེན་གྱིས་མི་འཁྲུགས་པ་གཅེས་པ་ཡིན།"
2719724,2725760,6036,"ཆོས་ཉིད་ཀྱི་ལྟ་བ་ཡོད་མེད་ཀྱི་མཐའ་ལས་གྲོལ་བ་རྟོགས་ན་ལྟ་བ་སྣང་ཕྱོགས་དང་སྟོང་ཕྱོགས་ལ་སོགས་པའི་"
2725760,2728028,2268,"ཕྱོགས་རིས་ཀྱི་འཛིན་པ་མེད་པ།"
2728028,2733565,5537,"ཆོས་ཉིད་ཀྱི་ལྟ་བ་དེའི་ངང་དུ་ཡེངས་འཁྲུལ་མེད་པའི་འདུ་འབྲལ་མེད་པ་དགོས།"
2733565,2737733,4168,"ཅིར་ཡང་སྣང་བ་ཐམས་ཅད་ཐབས་མཁས་ཀྱི་མན་ངག་ལ་བརྟེན་ཏེ་"
2737733,2740683,2950,"རང་གི་རྒྱུད་ལ་བདེ་ཆེན་ཡེ་ཤེས་སྐྱེ་བ་གཅེས་པ་ཡིན།"
2740683,2746205,5522,"(161)  ཡང་དག་ཆོས་ལ་གྱིས་པ་རྣམ་དྲུག་ནི། །འཁོར་བའི་ཉེས་ལྟོས་ཞེན་པ་ལོག་པ་གྱིས། །"
2746205,2750134,3929,""