0,2748,2748,"(215) །ཆོས་ཉིད་དོན་ལ་གཞག་པའི་ཆོས་དྲུག་ནི། །གཟུང་བའི་ཡུལ་ལ་སྒོ་ལྔས་རྟེན་མ་བྱེད། ། འཛིན་པའི་སེམས་ལ་སྤྲོ་བསྡུས་བཟོ་མ་བྱེད། །བདེ་གསལ་ཞེན་མེད་རྣམ་རྟོག་འཕྲོ་མ་གཞུག ། རང་བྱུང་ལྷུག་པ་སྤྲོས་པའི་གོས་མ་གོན། །ཆོས་ཉིད་རྒྱ་ཡན་སེམས་འཛིན་སྒྲོག་མ་གཞུག །"
2748,9253,6505,"ཡངས་གྲོལ་བློ་ཡངས་འདུ་ཤེས་གཟེབ་མ་བཅིངས། །དེ་ལྟར་སུས་ཤེས་ཡང་དག་དོན་ལ་ཉེ། །"
9253,14253,5000,"ཞེས་པ་འདི་ནི། ཆོས་ཉིད་ཀྱི་དོན་ལ་རྣལ་མ་དང་མ་བཅོས་པ་བཞག་པ་ལ་"
14253,19252,4999,"ཁྱད་ཆོས་དྲུག་དགོས་གང་རེད་ཟེར་ན། ཕྱི་གཟུང་བའི་ཡུལ་དེ་ལ་མིག་ལ་སོགས་པ་"
19252,23136,3884,"དབང་པོ་སྒོ་ལྔས་གཟུང་བའི་ཡུལ་བཟང་པོ་ལ་ཆགས་པ།"
23136,26979,3843,"ངན་པ་ལ་སྡང་བ་བྱས་ན་ཕྱིའི་ཡུལ་དེས་ནང་གི་དབང་པོ་འཁྲུལ།"
26979,30145,3166,"ཡུལ་དབང་ཤེས་གསུམ་ལྷན་ཅིག་ཕྲད་ནས་འཁྲུལ་འགྲོ་རྒྱུ་རེད།"
30145,34865,4720,"དེས་རྟེན་པ་མ་བྱེད་གསུངས། ནང་འཛིན་པའི་སེམས་ཀྱིས་ཆགས་སྡང་མང་པོ་ཡོད་པ་དེ།"
34865,37286,2421,"དེ་གཅིག་ཡང་རྣམ་རྟོག་གཅིག་གིས་གཉིས།"
37286,39253,1967,"གཉིས་ཀྱིས་གསུམ་བྱས་སྤྲོ་བསྡུས་མང་པོ་བྱས་ན་"
39253,41831,2578,"འཁྲུལ་པ་རྒྱ་འབྱམས་པས་དེ་བཟོ་བོ་མ་བྱེད།"
41831,45303,3472,"སེམས་ལ་བདེ་གསལ་མི་རྟོག་པའི་ཉམས་ཤར་བྱུང་ན་"
45303,47641,2338,"ཉམས་དེ་དག་ཐམས་ཅད་ཞེན་མེད་དུ་མ་བྱས་ན།"
47641,50932,3291,"ཉམས་འཇའ་ཚོན་དང་འདྲ་བའི་ལྟད་མོས་བསླུས་པར་བྱས་པ་དང་འདྲ་བས་"
50932,55451,4519,"སྒོམ་ཆེན་བསླུ་བྱེད་རྣམ་རྟོག་གི་རྒྱ་ལ་ཚུད་འགྲོ་དུས་དེ་མ་བྱེད་གསུངས་རེད།"
55451,60173,4722,"དེ་ནས་མ་བཅོས་རྫོགས་པ་ཆེན་པོའི་དོན་བསྒོམ་ན་"
60173,63141,2968,"རང་བྱུང་ཤུགས་ཀྱི་ངང་དུ་མཉམ་པར་བཞག་དགོས་པ་ཡིན་པས།"
63141,66180,3039,"ངའི་སེམས་འདི་གསལ་བ་རེད། ངའི་སེམས་འདི་སྟོང་པ་རེད།"
66180,68291,2111,"ལྟ་བ་མཐོན་པོ་རེད། སྒོམ་པ་མཐོན་པོ་རེད་ཟེར་"
68291,72653,4362,"སྤྲོས་པ་མང་པོ་བྱས་བཞག་ན་གོས་བཀོན་བཞག་པ་ལྟ་བུ་འགྱུར་བས་དེ་ཡིན།"
72653,77300,4647,"ཆོས་ཉིད་རྒྱ་ཡན་ཆེན་པོ་འདི་ལ་དེ་ནས་ཞི་གནས་ཀྱི་སེམས་འཛིན་མང་པོ་རེད་སོང་ན།"
77300,79188,1888,"ཞི་གནས་ཀྱི་རྫིང་ལ་མ་ཞེན་པ། །ཟེར་མཁན་"
79188,81918,2730,"ཞེན་པ་འདི་རེད་འགྲོ་རྒྱུ་རེད་དུས་ཕན་རྒྱུ་མ་རེད།"
81918,86180,4262,"རྟག་ཆད་ཡངས་སུ་གྲོལ་བའི་གོ་ཡངས་པའི་འདུ་ཤེས་འདི་འཆིང་བའི་"
86180,88711,2531,"གཟེབ་ཏུ་མ་བཅུག་པ་གོ་ཡངས་བྱེད་པ་ཡིན།"
88711,94605,5894,"དེ་ལྟར་སུས་ཤེས་པ་འདི་ཡང་དག་རྫོགས་པ་ཆེན་པོའི་དོན་ལ་ཉེ་བ་ཡིན་ནོ།"
94605,100800,6195,"(216) །ཐེག་ཆེན་ཆོས་དོན་མ་གོ་ཆོས་དྲུག་ནི། །འགྲོ་ཀུན་རྒྱལ་བའི་སྲས་པོ་དམ་པ་ལ། ། དམན་པ་ཁྱད་གསོད་ཐེག་ཆེན་དོན་མ་གོ །སློང་བ་ཐམས་ཅད་དགེ་བསྐུལ་དྲིན་ཅན་ལ། །"
100800,103631,2831,"སེར་སྣའི་འཇུར་གེགས་ཐེག་ཆེན་དོན་མ་གོ །གནོད་བྱེད་དགྲ་འདྲེ་བཟོད་པའི་ཡུལ་མཆོག་ལ། །"
103631,107602,3971,"ཞེ་སྡང་ཁོང་ཁྲོ་ཐེག་ཆེན་དོན་མ་གོ །ཉེས་སྐྱོན་ངན་སྨྲས་སྐྱོན་སེལ་གདམས་ངག་ལ། །"
107602,111170,3568,"ངར་འཛིན་ཀོ་ལོང་ཐེག་ཆེན་དོན་མ་གོ །རྙེད་བཀུར་སྙན་གྲགས་ཕུང་འདྲེའི་ནང་དབྱེན་ལ། །"
111170,115552,4382,"ཆོས་བརྒྱད་རློམ་སེམས་ཐེག་ཆེན་དོན་མ་གོ །བྱིན་རླབས་ནུས་མཐུ་བདུད་ཀྱི་སྣ་འདྲེན་ལ། །"
115552,120213,4661,"ང་རྒྱལ་རློམ་སེམས་ཐེག་ཆེན་དོན་མ་གོ །དེ་དག་མང་བས་འཁོར་བར་འཁྱམས་པ་ཡིན། །"
120213,125996,5783,"ཞེས་པ་སྟེ། ཐེག་པ་ཆེན་པོའི་ཆོས་ཀྱི་གནས་ལུགས་མ་གོ་ན་ཡང་དག་རེད་རྒྱུ་མ་རེད།"
125996,128429,2433,"དེ་མ་གོ་བའི་ཆོས་དྲུག་འདི་གང་ཡིན་ཟེར་ན།"
128429,132950,4521,"འགྲོ་བ་སེམས་ཅན་མ་ལུས་པ་ཐམས་ཅད་ལ་ཕན་གང་ཐོགས་པ་བྱས་ན་"
132950,134856,1906,"སངས་རྒྱས་ལ་མཆོད་པ་དང༌། སེམས་ཅན་ལ་"
134856,137800,2944,"ཕན་པ་གཉིས་བསོད་ནམས་ཀྱི་ཚོགས་འདྲ་འདྲ་ཡིན་པ་དང༌།"
137800,141180,3380,"ལྷག་པར་དུ་སངས་རྒྱས་ཀྱི་གོ་འཕང་འགྲུབ་པ་ལ་སེམས་ཅན་ལ་མ་བརྟེན་པར་"
141180,145798,4618,"འགྲུབ་མི་ནུས་པས་ན། སེམས་ཅན་ཐམས་ཅད་སངས་རྒྱས་ཀྱི་སྲས་ཀྱི་ངོ་བོ་ཡིན་པ་ལ།"
145798,151974,6176,"ཁ་ཤས་ལ་སྡང་བ་དང་དམན་པ་ལ་ཁྱད་གསོད་བྱེད་པ་ཐེག་ཆེན་གྱི་དོན་མ་གོ་བའི་རྟགས།"
151974,156417,4443,"དེ་ནས་སློང་མོ་བ་ཐུག་འབྱུང་ན་དེ་ལ་སློང་མོ་བའི་རེ་བ་ཡིད་བཞིན་བསྐང་ན་"
156417,160960,4543,"རང་སྦྱིན་པའི་ཕ་རོལ་ཕྱིན་པ་རྫོགས་པར་བྱེད་པའི་དགེ་བསྐུལ་ཡིན་ཏེ།"
160960,164324,3364,"དེ་ཡིན་དུས་དྲིན་ཅན་ཡིན་པ་དེ་མ་ཤེས་དུས་སློང་མོ་བོ་ལ་ཁོང་ཁྲོ་བྱས་ན་"
164324,169640,5316,"རང་གི་ཟས་ནོར་སྦྱིན་པ་སྟེར་རྒྱུ་ལ་སེར་སྣའི་འཇུར་གེགས་ཀྱིས་བཅིངས་སོང་ན་"
169640,173198,3558,"ཐེག་ཆེན་གྱི་དོན་མ་གོ་བ། རང་ལ་གནོད་པར་བྱེད་པའི་དགྲ་དང༌།"
173198,177415,4217,"དེ་ནས་སྡེ་བརྒྱད་མ་རུངས་པའི་དམ་སྲི་རྒྱལ་འགོང་ལ་སོགས་པ་ཡོད་ན་"
177415,180799,3384,"དེ་ཐམས་ཅད་ཀྱིས་གནོད་པ་བྱས་ན་དེ་ལ་བཟོད་པ་བསྒོམ་ན་"
180799,185680,4881,"རང་ལ་ཡང་བཟོད་པའི་ཚོགས་རྫོགས། སྒྲིབ་པ་བྱང་དེ་འདྲ་རེད་དུས།"
185680,188635,2955,"དེ་དགྲ་འདྲེ་ཐམས་ཅད་བཟོད་པའི་ཡུལ་ཡིན་པ་ལ་མ་གོ་སྟེ་"
188635,192557,3922,"དགྲ་དང་འདྲེ་ལ་ཞེ་སྡང་གི་སྒོ་ནས་ཕར་ཚར་གཅོད་པ་དང༌།"
192557,195967,3410,"ཟིལ་གྱིས་གནོན་པས་མཐའ་ལ་འབེབས་པ་ཐེག་ཆེན་ཆོས་མ་གོ་བ་ཡིན།"
195967,201150,5183,"རང་ལ་སྐྱོན་ཡོད་པ་ཐམས་ཅད་གཞན་གྱིས་ཡང་ནས་ཡང་དུ་བསྒྲགས།"
201150,206283,5133,"མི་ཁ་བྲ་མཆུ་ངན་པ་འོང་ན་དེ་སྐྱོན་དེ་ལ་བརྟེན་ཏེ་རང་གི་སྐྱོན་ངོ་ཤེས།"
206283,209897,3614,"མི་ཁ་མི་སྙན་པ་བརྗོད་པ་དེ་ལམ་དུ་ཁྱེར་མ་ཤེས་ན་"
209897,212459,2562,"བྱང་ཆུབ་ཀྱི་ལམ་གྱི་གེགས་སུ་འགྱུར་བ་ཡིན་དུས།"
212459,215969,3510,"གང་ཟག་དག་གདམས་ངག་ཡིན་པ་འདི་མ་གོ་སྟེ་"
215969,218898,2929,"རང་ལ་སྐྱོན་བརྗོད་བྱེད་པ་ཐམས་ཅད་ལ་སླར་ཡང་ཁོང་ཁྲོ་བྱས་"
218898,223281,4383,"འཁོན་དུ་བཟུང་ཀོ་ལོང་མང་པོ་བྱས་ན་ཐེག་ཆེན་གྱི་དོན་མ་གོ་བ་ཡིན།"
223281,225523,2242,"དེ་ནས་རང་ལ་འཇིག་རྟེན་ཆོས་བརྒྱད་ཀྱི་རྙེད་པ་དང་"
225523,228376,2853,"བཀུར་སྟི་སྙན་པ་དང་གྲགས་པ་འོང་ན།"
228376,231787,3411,"དཔེར་ན་མི་ཞིག་གི་ཁྱིམ་ན་ཕུང་འདྲེ་འཛུལ་འོང་ན་"
231787,233869,2082,"ཁྱིམ་དེ་ལ་བཀྲ་མ་ཤིས་པ་འོང་རྒྱུ་རེད་དུས།"
233869,235781,1912,"དཔེ་དེ་ལྟ་བུ་རྙེད་བཀུར་གྲགས་སྙན་འདི་"
235781,239750,3969,"དམ་པའི་ཆོས་རྣམ་པར་དག་པ་སྒྲུབ་པ་ལ་ཕུང་འདྲེ་ལྟ་བུ་ཡིན་པས་ན།"
239750,242675,2925,"དེ་ལ་ཕུང་འདྲེ་ཡིན་དུས་ཆོས་བརྒྱད་ལ་"
242675,246186,3511,"སྤོང་བློ་མ་བྱས་པ་ཆོས་བརྒྱད་འདི་ཡང་ནས་ཡང་དུ་སྒྲུབ།"
246186,248514,2328,"ཅུང་ཟད་ཐོབ་པ་ལ་དེ་ལས་ལྷག་ཙམ་འོང་ན་"
248514,254982,6468,"བསམ་རྩོལ་བ་མང་པོ་བྱེད་པས་ཐེག་པ་ཆེན་པོའི་དོན་མ་གོ་བ་ཡིན།"
254982,258177,3195,"ཡི་དམ་ལྷས་སྐུ་གསུང་ཐུགས་ཀྱི་བྱིན་གྱིས་བརླབས་རྟགས་"
258177,263559,5382,"དངོས་གྲུབ་ནུས་མཐུ་ཆེན་པོ་ཐོབ་སྟེ་རྟགས་བསྟན་པ་ལྟ་བུ་འབྱུང་ན།"
263559,266413,2854,"དེ་ལ་རློམ་སེམས་དང་ང་རྒྱལ་སྐྱེས་ཏེ་ཆགས་སྡང་གི་"
266413,269303,2890,"ལས་ཀ་མང་པོ་བྱས་ན་བར་ཆད་བདུད་ཀྱི་སྣ་འདྲེན་ཡིན་དུས།"
269303,271842,2539,"དེ་ཡིན་པ་བར་ཆད་བདུད་ཀྱི་སྣ་འདྲེན་ཡིན་པ་དེ་"
271842,274172,2330,"མ་ཤེས་པ་ང་རྒྱལ་དང་རློམ་སེམས་བྱས་ནས།"
274172,276977,2805,"ང་ནུས་པ་ཆེན་པོ་ཡོད། ཕ་རོལ་པོ་ལ་"
276977,279532,2555,"གདོན་བགེགས་བྱིན་རླབས་བྱེད་པ་ཙམ་གྱིས་ཕན་བསམ་ན་"
279532,281237,1705,"ཐེག་ཆེན་གྱི་དོན་མ་གོ་བ་ཡིན།"
283297,285275,1978,"དེ་ལྟ་བུ་ཐེག་ཆེན་གྱི་དོན་མ་གོ་བ་སྐྱོན་འདི་ལ་"
285275,288684,3409,"ཡོན་ཏན་འཛིན་པ་མང་བས་ཐམས་ཅད་འཁོར་བ་འཁྱམས་པ་ཡིན་པས།"
288684,292949,4265,"དེ་ཐེག་ཆེན་གྱི་མ་གོ་བའི་སྐྱོན་དྲུག་པོ་འདི་སྤངས་ནས་"
292949,296693,3744,"ཆོས་ཡང་དག་པ་བརྩོན་དགོས་པ་ཡིན།"
296693,300891,4198,"(217) སྤངས་ནས་བསྡད་པར་བྱ་བའི་ཆོས་དྲུག་ནི། །འདུ་འཛི་གཡེང་བའི་ཡུལ་སྤངས་དབེན་པར་སྡོད། །"
300891,305283,4392,"སྡེ་ཚན་ཕྱོགས་རིས་སྤངས་ལ་འདྲིས་མེད་སྡོད། །འཇིག་རྟེན་སོ་ནམ་འབྲེལ་སྤངས་བདེ་བར་སྡོད། །"
305283,309261,3978,"མང་པོའི་ཚོགས་སྤངས་གཅིག་ཏུ་དབེན་པར་སྡོད། །དོན་དང་བྱ་བ་མང་སྤངས་དབེན་པར་སྡོད། །"
309261,312131,2870,"མི་དགེ་ལུང་མ་བསྟན་སྤངས་དགེ་བར་སྡོད། །"
312131,316150,4019,"ཅེས་པ་སྟེ། ཐེག་ཆེན་གྱི་དོན་མ་གོ་བའི་སྐྱོན་སྤངས་ནས་"
316150,319231,3081,"ལྷོད་ལྷོད་བྱས་སྡོད་དགོས་པའི་ཆོས་དྲུག་ཡོད། གང་རེད་ཟེར་ན།"
319231,321734,2503,"འདུ་འཛི་ཐམས་ཅད་རྣམ་གཡེང་ཡོད་ན་"
321734,324338,2604,"དེ་ཏིང་ངེ་འཛིན་གྱི་གེགས་དང་བྱང་ཆུབ་ལམ་གྱི་གེགས་རེད།"
324338,326660,2322,"དེ་ཐམས་ཅད་སྤངས་ཏེ་དབེན་པའི་གནས་"
326660,328748,2088,"གཅིག་པུ་རང་ཉིད་ཕར་རི་དྭགས་བཞིན་དུ་སྡོད།"
328748,332214,3466,"རང་ཕྱོགས་དང་གཞན་ཕྱོགས་ཆགས་སྡང་གི་ཕྱོགས་རིས་མང་པོ་བྱས་ན་"
332214,335624,3410,"དེས་ཉེས་པ་མང་པོ་བསག་པ་ཡིན་པས་སུ་ལ་"
335624,338346,2722,"འབྲེལ་འདྲིས་མེད་པ་རི་དྭགས་རྨས་མ་བཞིན་དུ་སྡོད།"
338346,344281,5935,"འཇིག་རྟེན་སོ་ནམ་སྒོ་ནས་ཞིང་ཁ། ཚོང༌། ཁེ་སྐྱེད་ཐོབ་པ་ལ་སོགས་པ་"
344281,348501,4220,"དེ་ཡིན་པ་དེ་ཐམས་ཅད་བསྒྲུབ་ན།"
348501,351260,2759,"ཉིན་མི་དལ་མཚན་མི་ཉལ་བྲེལ་ལ་མང་པོ་ཡིན།"
351260,355576,4316,"དེ་ཐམས་ཅད་ཕར་བློ་ཐག་རྦད་ཀྱིས་གཅོད་ལ་གུ་ཡངས་བློ་བདེ་ངང་ནས་སྡོད།"
355576,358217,2641,"མི་མང་པོའི་ཚོགས་དཔོན་བྱེད་དགོས་ན་"
358217,360117,1900,"ཐམས་ཅད་ཀྱི་སེམས་དང་མཐུན་པར་མི་འགྱུར།"
360117,362607,2490,"དེ་ནས་རང་གི་དོན་དེ་ཚུལ་བཞིན་དུ་མི་གྲུབ།"
362607,365277,2670,"དཀའ་ལས་ཁག་པོ་ཡོད་པའི་ཕྱིར་ན་རང་ཉིད་གཅིག་པུ་"
365277,368707,3430,"རི་ཁྲོད་དབེན་པའི་གནས་སུ་བག་ཕེབས་ཏེ་སྡོད་པར་གྱིས་ཤིག །"
368707,372547,3840,"དོན་དག་དང་བྱ་བ་གཅིག་བསྒྲུབ་ན་མཐར་ཕྱིན་རྒྱུ་རེད།"
372547,377329,4782,"དེ་མིན་དོན་དག་དང་བྱ་བ་མང་པོའི་འགོ་བཟུང་སོང་ན་དེ་མཐར་ཕྱིན་རྒྱུ་མ་རེད་དུས།"
377329,381249,3920,"དེ་ཕར་སྤངས་ཏེ་བྱ་བྲལ་གྱི་ཚུལ་དུ་དབེན་པར་བསྡད་པ་ཡིན།"
381249,385124,3875,"སྡིག་པ་མི་དགེ་བའི་ལས་དང༌། དེ་བཞིན་དུ་དགེ་སྡིག་གང་ཡང་མ་ཡིན་པའི་"
385124,387196,2072,"ལུང་མ་བསྟན་ཐམས་ཅད་སྤངས་ཏེ་"
387196,390522,3326,"དུས་རྟག་ཏུ་དགེ་བ་ཁོ་ན་ལ་བརྩོན་པར་བྱེད་དེ་བསྡད་པ་ཡིན།"
390522,394940,4418,"(218) དེ་ལྟར་བསྡད་དུས་བྱ་བ་རྣམ་དྲུག་ནི། །རིག་པ་གཅེར་བུ་རང་ངོ་ཟིན་པར་བྱ། །"
394940,398529,3589,"སེམས་ཀྱི་གནས་ལུགས་གཏན་ལ་དབབ་པར་བྱ། །ཤེས་པ་སྙམ་བྱེད་འདུན་མ་བྲལ་བར་བྱ། །"
398529,405594,7065,"དངོས་འཛིན་གཟའ་གཏད་ཆེད་དུ་གཟུང་མི་བྱ། །བརྩོན་འགྲུས་འདོད་བློ་རང་སར་ཆོད་པར་བྱ། །"
405594,407886,2292,"བྱེད་མཁན་ངོ་བོ་ཟད་སར་སྐྱོལ་བར་བྱ། །"
407886,412640,4754,"གསུངས་དུས་གོང་དུ་བཤད་པ་དེ་ལྟར་དུ་དབེན་པའི་རི་ཁྲོད་"
412640,413685,1045,"འབྲེལ་འདྲིས་སྤངས་ཏེ་བསྡད་འོང་དུས།"
413685,417121,3436,"རང་གི་དགོས་པའི་བྱ་བ་རྣམ་པ་དྲུག་ཡོད། གང་རེད་ཟེར་ན།"
417121,421715,4594,"རིག་པ་འདི་སེམས་ཀྱི་སྦུབས་སུ་འཐུམ་སོང་ན་རྫོགས་ཆེན་ཚུལ་བཞིན་དུ་མ་རེད་དུས་"
421715,423779,2064,"དེ་སེམས་དང་རིག་པ་གཉིས་ཤན་ཕྱེ་སྟེ་"
423779,425966,2187,"རིག་པ་གཅེར་བུ་རང་ངོ་ཟིན་དགོས་པ་ཡིན།"
425966,431520,5554,"སེམས་ཁོ་རང་རྣམ་རྟོག་འཁྲུལ་བ་དེ་ཤེས་བསྡད་ཕན་རྒྱུ་མ་རེད།"
431520,433171,1651,"སེམས་ཀྱི་གནས་ལུགས་མ་ནོར་བ་དེ་"
433171,435752,2581,"རང་གིས་གཏན་ལ་དབབ་དགོས་པ་ཡིན།"
435752,439567,3815,"རང་གིས་ལྟ་བ་རྟོགས་ཏེ་རྫོགས་ཆེན་རྟོགས་བསྡད་ཡོད་བསམ་རྒྱུའི་"
439567,443797,4230,"འཛིན་པ་མང་པོ་ཡོད་ན་དེས་ཕན་རྒྱུ་མ་རེད་དུས།"
443797,448465,4668,"རང་རིག་པ་དང་སེམས་ཀྱི་གནས་ལུགས་དེ་ལ་དྲན་པ་དང་ཤེས་བཞིན་གྱིས་"
448465,450735,2270,"སྙམ་བྱེད་ཀྱི་་འདུན་མ་དང་བྲལ་བ་བྱེད་དགོས་པ་ཡིན།"
450735,456427,5692,"སྙན་པ་དང་གྲགས་པ། རྙེད་པ་དང་བཀུར་སྟི་དངོས་འཛིན་བྱས་ནས་"
456427,462160,5733,"གཅིག་སྤངས་གཅིག་སྒྲུབ་དེ་འདྲ་བྱས་ན་བག་ཕེབས་པོ་མང་རྒྱུ་མི་འོང་བས་"
462160,464600,2440,"དེ་གཟའ་གཏད་ཆེད་དུ་གཟུང་བར་མི་བྱ།"
464600,466491,1891,"གང་བྱུང་ན་འབྱུང་བཅུག་དགོས།"
466491,468837,2346,"ཆོས་ལ་བརྩོན་འགྲུས་ཡང་དག་པ་ཞིག་འདོད་ན་"
468837,470611,1774,"བློ་ཐག་གཅིག་གི་སྟེང་ནས་གཅད་ན་"
470611,473603,2992,"དེ་ནས་བརྩོན་འགྲུས་ཡང་དག་པ་འབྱུང་རྒྱུ་རེད་དུས་དེ་ལྟར་བྱེད།"
473603,477102,3499,"དེ་ལྟར་བརྩོན་འགྲུས་བྱེད་མཁན་གྱི་ངོ་བོ་དེའང་བྱེད་བྱ།"
477102,479121,2019,"བྱེད་བྱེད་ཐམས་ཅད་ཆོས་ཉིད་གཅིག་མ་གཏོགས་པའི་"
479121,481442,2321,"སོ་སོ་མེད་པས་ཟད་སར་སྐྱོལ་བར་བྱའོ།"
481442,486639,5197,"(219) །རིག་པ་བསམ་གཏན་གནས་པའི་ཆོས་དྲུག་ནི། །སྣང་ཚུལ་མ་འགགས་བཀྲ་ཡལ་སིང་ངེ་བ། །"
486639,490528,3889,"ཤེས་པ་མ་རྨུགས་ཡེ་རེ་སིང་ངེ་བ། །འཕྲོ་རྒོད་མ་སྙོག་རང་དངས་སིང་ངེ་བ། །"
490528,494467,3939,"འཕྲོ་རྒོད་མ་ཤོར་མཉམ་པར་ལྷན་ནེ་བ། །རྨུགས་འཐིབས་མེད་པར་རང་སང་ལྷག་གེ་བ། །"
494467,499333,4866,"མཐའ་བཞིར་མ་བསྐྱོད་རང་བབས་ཕྱལ་ལེ་བ། །མཚན་ཉིད་དྲུག་ལྡན་གོལ་ས་མེད་པ་ཡིན། །"
499333,503977,4644,"གསུངས་དུས། ད་རིག་པ་མ་བཅོས་པ་བསམ་གཏན་ལ་གནས་པའི་ཆོས་དྲུག་ཡོད།"
503977,508653,4676,"གང་རེད་ཟེར་ན། ཆོས་ཉིད་མཉམ་པ་ཉིད་ཀྱི་དོན་ལ་མཉམ་པར་བཞག་བསྡད་ཡོད་ན་"
508653,512530,3877,"ཚོགས་དྲུག་གི་སྣང་བ་འདི་འགག་གི་མ་རེད། རྒྱ་མཚོ་ལ་གཟའ་སྐར་ཤར་ནས་ཡོད་"
512530,516714,4184,"དེ་ལ་ཆགས་སྡང་གི་ཞེན་པ་མེད་པའི་སྒོ་ནས་བཀྲ་ཡལ་སིང་ངེ་བ་བསྒོམ་དགོས།"
516714,519947,3233,"དེ་ནས་རིག་པ་དེ་ལའང་གསལ་དྭངས་ངར་དང་བཅས་དགོས་པ་མ་གཏོགས།"
519947,522342,2395,"བཏང་སྙོམས་ལུང་མ་བསྟན་རེད་ན་གཏི་མུག་མ་རིག་པས་"
522342,526961,4619,"བསྒྲིབ་འགྲོ་རྒྱུ་ཡིན་པས་དེ་མ་རིག་པས་མི་སྒྲིབ་པའི་ཡེ་རེ་སིང་ངེ་འདི་བལྟ་དགོས།"
526961,528696,1735,"རྣམ་རྟོག་འཕྲོ་རྒོད་མང་པོ་བྱས་ན་"
528696,530757,2061,"རྣམ་རྟོག་གིས་སྒོམ་གཏོར་བཞག་བསམ་"
530757,532930,2173,"རེ་དོགས་མང་པོ་བྱས་ནས་ཕན་རྒྱུ་མ་རེད།"
532930,536336,3406,"རྣམ་རྟོག་རང་ཤར་རང་གྲོལ་སྒོ་ནས་སིང་ངེ་བ་ལ་བྱེད་དགོས།"
536336,539702,3366,"དེ་ནས་རྣམ་རྟོག་མང་པོ་འཕྲོ། སེམས་རྒོད་དེ་འདྲ་བྱས་ན་"
539702,545768,6066,"ཏིང་ངེ་འཛིན་ཆ་མཉམ་མ་རེད་དུས་ལྷན་ནེ་བའི་ངང་དུ་བཞག །"
545768,547973,2205,"གཏི་མུག་མ་རིག་པའི་རྨུགས་འཐིབས་མེད་པ་"
547973,550727,2754,"འོད་གསལ་ནང་ནས་ཤར་བས་རང་སང་ལྷག་གེ་བ།"
550727,554491,3764,"ཡོད་པ་དངོས་པོ་དང༌། མེད་པ་ཆད་མཐའ་གང་ཡང་མ་ཡིན་པ་"
554491,557361,2870,"མཐའ་བཞིར་མ་བསྐྱོད་རང་བབས་ཕྱལ་ལེ་རུ་འཇོག་ན།"
557361,561315,3954,"མཚན་ཉིད་དྲུག་དང་ལྡན་པའི་རིག་པ་འདི་གོ་འོང་ན་"
561315,562998,1683,"གོལ་ས་མེད་པར་འགྱུར་བ་ཡིན།"
562998,567276,4278,"(220) ལྟ་སྒོམ་ཉམས་སུ་བླང་བའི་ཆོས་དྲུག་ནི། །ཅིར་སྣང་ལྟ་བར་ཤེས་པས་གྲུབ་མཐའི་འཛིན་པ་གྲོལ། །"
567276,572322,5046,"ཅིར་སེམས་སྒོམ་པར་ཤེས་པས་ཐུན་མཚམས་རིས་ལས་གྲོལ། །ཅི་བྱས་འཛིན་མེད་སྤྱོད་པས་ཆེད་འཛིན་ཞེན་པ་གྲོལ། །"
572322,577410,5088,"ཅིར་སྣང་དགོངས་པར་ཤར་བས་ཉམས་སུ་མྱོང་བ་གྲོལ། །ཅིར་བགྲོད་ཆོས་ཉིད་ཆོད་པས་ས་ལམ་ཚད་མར་གྲོལ། །"
577410,581458,4048,"ཅི་བསྒྲུབ་སྐུ་ལྔར་གྲུབ་པས་འབྲས་བུའི་ཞེན་པ་གྲོལ། །དེ་འདྲའི་རྣལ་འབྱོར་ནམ་མཁའ་ལྟ་བུ་ཡིན། །"
581458,585671,4213,"ཞེས་པ་རྫོགས་པ་ཆེན་པོའི་ལྟ་སྒོམ་མཐར་ཐུག་པ་ཉམས་སུ་ལེན་པའི་"
585671,588419,2748,"གདིང་ཐོབ་འོང་ན་སྣང་བ་ཐམས་ཅད་"
588419,590504,2085,"སྣང་སྟོང་ཟུང་འཇུག་ལྟ་བའི་ངོ་བོ་ཡིན་དུས།"
590504,592687,2183,"དེ་རང་གི་ལྟ་བ་ཡིན་ཟེར་མཁན་འདྲ།"
592687,594476,1789,"གཞན་གྱི་ལྟ་བ་ལ་དགག་པ་གཏོང་རྒྱུ་"
594476,596882,2406,"དེ་འཛིན་པ་རང་ཤུགས་ཀྱིས་གྲོལ་འོང་ལེ་ཡིན།"
596882,599852,2970,"སེམས་མ་བཅོས་པ་གཉུག་མའི་ངོ་བོ་དེ་ཤེས་ན་"
599852,602578,2726,"སེམས་ཀྱིས་གང་དྲན་པ་ཐམས་ཅད་སྒོམ་རེད་དུས་"
602578,605163,2585,"མཉམ་བཞག་དང་རྗེས་ཐོབ་ཀྱི་ཐུན་མཚམས་ཀྱི་བྱ་བ་"
605163,607706,2543,"སོ་སོར་མེད་པས་ཐུན་མཚམས་ཀྱི་རིས་ལས་གྲོལ།"
607706,611514,3808,"ལུས་ངག་ཡིད་ཀྱིས་ཅི་བྱས་ན་དེ་ལ་ཆེད་དུ་འཛིན་པ་དང་"
611514,613218,1704,"མཆོག་འཛིན་མེད་པ་རང་བཞིན་བབས་ཀྱི་"
613218,614944,1726,"དྲན་པ་དང་མ་བྲལ་བ་ཞིག་ཡོད་ན།"
614944,617324,2380,"དེས་འཛིན་ཞེན་ཐམས་ཅད་རང་སར་གྲོལ་བ་མ་གཏོགས།"
617324,618665,1341,"ངས་དགེ་བ་བསྒྲུབས་བཞག་ཡོད།"
618665,622474,3809,"ངས་ཆོས་བྱས་བཞག་ཡོད་ང་རྒྱལ་དང་རློམ་སེམས་མེད་པ་ཤར་བ་ཡིན།"
622474,624665,2191,"ཆོས་ཉིད་རིག་པའི་རང་རྩལ་ཅི་ཤར་འོང་ན་"
624665,627092,2427,"ཆོས་ཉིད་ཀྱི་དགོངས་པ་མ་གཏོགས་མེད་པས་ན་"
627092,631614,4522,"ཉམས་མྱོང་གི་འཛིན་པ་རང་སར་གྲོལ་བར་འགྱུར་བ་ཡིན།"
631614,635171,3557,"དེ་ལྟ་བུ་མཉམ་རྗེས་རིས་མེད་ཀྱི་ལྟ་བ་འདི་ཡང་དག་པ་ཟིན་ནས་"
635171,637773,2602,"ལམ་ཅི་བགྲོད་ན་ཆོས་ཉིད་ཀྱི་ངང་ནས་བགྲོད་ནས་"
637773,640375,2602,"ས་ལམ་ཐམས་ཅད་རང་ཤུགས་ཀྱིས་རྫོགས་འོང་ལེ་ཡིན་དུས།"
640375,644808,4433,"ས་ཨེ་ཐོབ་བསམ་རྒྱུའི་རེ་བ། མི་ཐོབ་བསམ་རྒྱུའི་དོགས་པ་མེད་པ་ཡིན།"
644808,648764,3956,"ལུས་ངག་ཡིད་གསུམ་གྱིས་བྱ་བ་ཅི་བསྒྲུབ་ན་སངས་རྒྱས་སྐུ་ལྔའི་ངང་དུ་ཟིན་ནས་"
648764,651833,3069,"སྐུ་ལྔའི་ཡོན་ཏན་རང་ལ་ཐོབ་སྟེ་འབྲས་བུའི་ཞེན་པ་གྲོལ་བ་ཡིན།"
651833,654539,2706,"དེ་ལྟ་བུའི་རྣལ་འབྱོར་དེ་ནམ་མཁའ་ལྟ་བུ་ཡིན།"
654539,658096,3557,"(221) སྐྱོན་དྲུག་བརྟགས་ཏེ་སྤང་བར་བྱ་བ་ནི། །དད་བརྩོན་ལྡན་ཡང་བླ་མ་འབྲལ་སྔས་ན། །"
658096,662155,4059,"ལམ་མཐར་མ་ཕྱིན་བྱེའུ་ཕྲུག་མ་བྲལ་འདྲ། །རྒྱུ་འབྲས་གོ་ཡང་འདོད་བློ་མ་ཞིག་ན། །"
662155,665651,3496,"རྐྱེན་དབང་འཆོར་བ་གཡོ་སྒྱུ་ཁྲམ་པ་འདྲ། །ཤེས་རབ་ཆེ་ཡང་ཉམས་སུ་མ་ལེན་ན། །"
665651,669534,3883,"དགོས་དུས་མི་བསྟོངས་གཡུལ་ངོར་མཚོན་སྟོར་འདྲ། །རང་ངོ་འཕྲོད་ཀྱང་གོམས་འདྲིས་མ་བྱས་ན། །"
669534,673129,3595,"རྣམ་རྟོག་དགྲས་ཁྱེར་གཡུལ་ངོའི་བུ་ཆུང་འདྲ། །སྒོམ་ཡུན་རིང་ཡང་ཞེན་བློ་མ་ཞིག་ན། །"
673129,680713,7584,"ངལ་བ་དོན་མེད་རབས་ཆད་ཁེ་གྲགས་འདྲ། །ཡིན་མིན་ཤེས་ཀྱང་ཕྱོགས་རིས་མ་ཕྱེད་ན། །"
680713,685973,5260,"ཉོན་མོངས་རོ་ལྡང་མདེའུ་ཤའུ་འདྲ། །དེ་བས་སྐྱོན་དབང་མ་སོང་ཤིན་ཏུ་གཅེས། །"
685973,695148,9175,"གསུངས་པ་འདི་ཉམས་ལེན་གྱི་སྐྱོན་དྲུག་ཡོད་དེ། དེ་རང་གི་རྒྱུད་ལ་བྱུང་མ་བྱུང་བརྟགས་ཏེ་སྤང་དགོས་པ་ཡིན།"
695148,700267,5119,"གང་རེད་ཟེར་ན། དད་པ་དང་བརྩོན་འགྲུས་བླ་མ་ཅི་མཛད་ལེགས་མཐོང་གི་དད་པ།"
700267,702429,2162,"དམ་པའི་ཆོས་ལ་བརྩོན་འགྲུས་ལྡན་པ་ཡིན་ནའང་"
702429,705147,2718,"ཉམས་ལེན་གྱི་བརྟན་པ་མ་ཐོབ་པ་བླ་མ་དང་འབྲལ་"
705147,707633,2486,"སྔས་ན་ལམ་དེ་མཐར་ཕྱིན་རྒྱུ་མ་རེད༌།"
707633,710529,2896,"དེ་མི་ཕྱིན་འོང་དུས་དཔེར་ན་བྱའི་བྱེའུ་འདི་ཉིད་"
710529,713900,3371,"གཟུགས་པོ་ལ་སྤུ་མ་སྐྱེས་གོང་མ་ཡིས་བྲལ་བཞག་ན་"
713900,716724,2824,"དེས་རང་མགོ་འཐོན་རྒྱུ་མ་རེད། དཔེ་དེ་ལྟ་བུ་ཡིན།"
716724,720325,3601,"ལས་རྒྱུ་འབྲས་བསླུ་བ་མེད་པ་ཚུལ་བཞིན་དུ་གོ་ནས"
720325,725264,4939,"རྒྱུ་འབྲས་བསླུ་བ་མེད་པའི་དོན་ལ་དུས་རྟག་ཏུ་ཉམས་སུ་ལེན་ནའང་"
725264,727731,2467,"ཡུལ་ལ་ཞེན་པའི་འདོད་བློ་མ་ཞིག་ན།"
727731,730679,2948,"དེ་ཆོས་པ་ཟེར་མཁན་འདི་རྐྱེན་ཁར་འཆོར་འགྲོ་རྒྱུ་ཡིན་པས་ན།"
730679,733090,2411,"གཡོ་སྒྱུའི་སྒོ་ནས་མི་མགོ་སྐོར་གཏོང་རྒྱུ་དང༌།"
733090,736252,3162,"བཟང་པོ་རྫུ་བ་དང་ཚུལ་འཆོས་ལ་སོགས་པ་འགྲོ་རྒྱུ་ཡིན།"
736252,738482,2230,"ཐོས་བསམ་སྒོམ་གསུམ་གྱི་ཤེས་རབ་ཆེ་ནའང་"
738482,740497,2015,"རང་གི་སེམས་ལ་ཉམས་ལེན་གནད་དུ་འགྲོ་སྟེ་"
740497,744724,4227,"ཆོས་དང་རང་རྒྱུད་གཅིག་ཏུ་འདྲེས་པ་ཞིག་མ་བྱས་ན།"
744724,748358,3634,"རྐྱེན་བཟང་ངན་ཞིག་འོང་དུས་མཐར་ཐུག་གཉེན་པོས་མི་སླེབས་པས་ན་"
748358,752711,4353,"མི་གཡུལ་ངོར་འཐབ་ས་ཞིག་ལ་མཚོན་ཆ་བརླགས་སོང་ན་"
752711,755496,2785,"དགྲ་གསོད་ཀྱི་མ་རེད་དུས་དཔེ་དེ་ལྟ་བུ་ཡིན།"
755496,758049,2553,"ཆོས་ཉིད་རང་ངོ་འཕྲོད་ནའང་ངོ་འཕྲོད་པ་འདི་ཉིད་"
758049,762630,4581,"ངོ་ཤེས་རྩལ་རྫོགས་བརྟན་པ་ཐོབ་པའི་གོམས་འདྲིས་མ་བྱུང་ན།"
762630,765874,3244,"རྣམ་རྟོག་གི་དགྲ་བོ་ཞིག་གིས་ཆོས་ཉིད་ཀྱི་རང་ངོ་བརླག་འགྲོ།"
765874,768875,3001,"དཔེར་ན་མི་དཔའ་བོའི་བུ་ཞིག་ཡོད་ན་"
768875,772448,3573,"དེ་ཡར་རྩལ་མ་རྫོགས་བར་དུ་གཡུལ་འཐབ་ས་ཞིག་ལ་བཞག་བཞག་ན་"
772448,773609,1161,"དེ་གསད་འགྲོ་ལེ་མ་གཏོགས།"
773609,776547,2938,"བྱིས་པ་ལ་སྟོབས་ཡོད་རྒྱུ་མ་རེད་དུས་དེ་འདྲ་བ་ཡིན།"
776547,779996,3449,"ལོ་ཟླ་བ་ཞག་ཚེ་གྲངས་མང་པོ་ཞིག་སྒོམ་བསྡད་ནའང་"
779996,783102,3106,"ནང་ནས་ཆོས་ཉིད་ཀྱི་འཛིན་པའི་ཞེན་སྣང་འདི་མ་ཞིག་ནས་བཟུང་"
783102,785943,2841,"ཡུན་རིང་པོ་སྡོད་བསྡད་ན་འཕྱི་བ་རྒད་པོ་བསྡད་བསྡད་རེད།"
785943,793398,7455,"ངལ་བ་དོན་མེད་པས་ན་རིགས་བརྒྱུད་མེད་པའི་མ་རྒན་ཡ་གཅིག་ཅིག་"
793398,795662,2264,"འཇིག་རྟེན་གྱི་ཁེ་གྲགས་སྒྲུབ་བསྡད་ན་"
795662,799053,3391,"མོ་རང་བུ་དང་བུ་མོ་གཅིག་མེད་ཡུན་རིང་པོ་འཚོ་འབྱུང་ན་"
799053,801706,2653,"བརྙས་བཅོས་བྱེད་རྒྱུ་མ་གཏོགས་ཡོད་མ་རེད་དུས་དེ་རེད།"
801706,807418,5712,"ལྟ་སྒོམ་སྤྱོད་གསུམ་གྱི་དོན་ལ་ཡིན་པ་དང་མིན་པ་ཚུལ་བཞིན་དུ་ཤེས་ཏེ།"
807418,810339,2921,"དེ་དུས་ཚོད་དང་འབྲེལ་བའི་ཕྱོགས་རིས་མ་ཕྱེ་ནས་བཟུང་སྟེ།"
810339,812925,2586,"རང་གི་ཉོན་མོངས་བཅོམ་བསྡད་ཡོད་བསམ་ནའང་"
812925,814685,1760,"ཉོན་མོངས་ཀྱི་དུག་རོ་ལྡང་འོང་བ།"
814685,817504,2819,"དཔེར་ན་མཚོན་ཆ་འདིས་འབིགས་བཞག་སོང་ན་"
817504,819465,1961,"མདེའུ་འདི་ཤའུ་ནང་ཚུད་སོང་ནས།"
819465,823352,3887,"མདེའུ་འདི་ཚུར་མ་ལོན་ན་ཡུན་རིང་པོ་ནད་རེད་དེ་ཤི་འོང་གི་རེད།"
823352,825893,2541,"དེ་བས་སྐྱོན་དྲུག་སྤོང་བ་ཤིན་ཏུ་གཅེས་པ་ཡིན།"
825893,829514,3621,"(222) གནས་ལུགས་རྟོགས་ན་མི་དགོས་རྣམ་དྲུག་ནི། །རང་ལུས་རི་བོར་དྲི་མེད་སེམས་གནས་ན། །"
829514,833130,3616,"རི་ངོགས་དབེན་པའི་དགོན་པ་བསྟེན་མི་དགོས། །གང་བྱུང་ཆོས་ཉིད་ངང་ལས་མི་འདའ་ན། །"
833130,836807,3677,"དུས་ཚོད་ངེས་གཟུང་སྡུག་རྒུར་མཚམས་མི་དགོས། །སྣང་གྲགས་ཡེ་ཤེས་རོལ་པར་འཆར་བ་ན། །"
836807,840818,4011,"ཐུན་མཚམས་བར་བཅད་ཆེད་དུ་བསྒོམ་མི་དགོས། །སྤང་ཐོབ་མཚན་མ་གཞི་ལ་རང་དག་ན། །"
840818,846100,5282,"མཚན་བཅས་བསགས་སྣང་འདུན་མ་བཏང་མི་དགོས། །ཅིར་སྣང་སྐུ་གསུམ་ཞིང་དུ་འཆར་བ་ན། །"
846100,849779,3679,"སྒོམ་སྒྲུབ་ཡུལ་ལ་གཉེན་པོ་བསྟེན་མི་དགོས། །དགོངས་པ་ཕྱོགས་མེད་རྒྱ་ཡན་འཆར་བ་ན། །"
849779,853884,4105,"རེ་དང་དོགས་པའི་འདུ་ཤེས་བསྐྱེད་མི་དགོས། །དེ་དང་སུ་ལྡན་ཡེ་ཤེས་དོན་དང་མཇལ། །"
853884,858902,5018,"ཞེས་པ་སྟེ། གནས་ལུགས་རྟོགས་སོང་ན་ཆེད་དུ་བཙལ་མི་དགོས་པ་ཆོས་རྣམ་པ་དྲུག་ཡོད།"
858902,862948,4046,"གང་རེད་ཟེར་ན། རང་གི་ལུས་རི་བོ་ལྟ་བུ་འདིའི་ནང་སེམས་འདི་"
862948,865534,2586,"རྣམ་གཡེང་དང་འདུ་འཛིས་མ་ཁྱེར་གནས་བསྡད་ན།"
865534,867446,1912,"ཆེད་དུ་རི་ངོགས་ཀྱི་རི་ཁྲོད་དབེན་པ་ཞིག་ལ་"
867446,869700,2254,"གནས་དགོས་པའི་དགོས་མཚན་གང་ཡང་མེད།"
869700,872513,2813,"ལུས་ངག་ཡིད་གསུམ་གྱིས་སྤྱོད་པ་གང་བྱས་ན་ཐམས་ཅད་"
872513,875770,3257,"ཆོས་ཉིད་ཀྱི་ངང་ལས་མི་འདའ་བའི་ཉམས་ལེན་ཞིག་སྐྱོང་ཐུབ་ན།"
875770,879480,3710,"ང་ལོ་འདི་ལ་མཚམས་བསྡད། ཟླ་བ་འདི་ལ་"
879480,881164,1684,"མཚམས་བསྡད་ཟེར་མཁན་གྱི་ངེས་གཟུང་དང༌།"
881164,883258,2094,"ཡུན་རིང་པོའི་སྡུག་རྒུར་གྱི་མཚམས་མི་དགོས།"
883258,885687,2429,"ཐུན་དང་ཐུན་མཚམས་ཐམས་ཅད་ལ་"
885687,888260,2573,"ཆོས་ཉིད་ལས་གཡེང་བ་མེད་པ་འདིས་ཆོག་པ་ཡིན།"
888260,891794,3534,"སྣང་གྲགས་རིག་གསུམ་གྱི་སྣང་བ་ལྷ། སྒྲ་གྲགས་སྔགས།"
891794,893970,2176,"དྲན་རྟོག་ཡེ་ཤེས་ཀྱི་རོལ་བ་ཤར་འོང་ན་"
893970,899066,5096,"ཐུན་དང་ཐུན་མཚམས་ཀྱིས་བར་བཅད་དེ་ཐུན་མཚམས་ནས་བྱ་བ་ཅི་ཡང་བྱེད།"
899066,902793,3727,"ཐུན་དངོས་གཞི་སྐབས་མི་བྱེད་པ་དེ་འདྲ་བསྒོམ་མི་དགོས།"
902793,907795,5002,"སྤང་བྱ་གསར་དུ་སྤང་རྒྱུ་དང༌། འཐོབ་བྱ་གསར་དུ་ཐོབ་པ་མེད་པ་"
907795,911247,3452,"བསལ་བཞག་དང་བྲལ་བའི་ཆོས་ཉིད་རང་གི་རྒྱུད་ལ་"
911247,916003,4756,"རྩ་བ་སྐྱེས་སོང་ན་མཚན་བཅས་ཀྱི་དགེ་སྦྱོར་མང་པོ་རྒྱ་ཆེན་པོ་བསགས།"
916003,918925,2922,"སྐད་གྲགས་ཆེན་པོའི་འདུན་མ་བཏང་མི་དགོས།"
918925,921423,2498,"སྒོ་གསུམ་གྱི་སྣང་བ་ཅི་ཤར་བ་ཐམས་ཅད་"
921423,923659,2236,"སྐུ་གསུམ་གྱི་རོལ་པའི་ཞིང་དུ་འཆར་ཐུབ་ན།"
923659,929582,5923,"ཆེད་དུ་སྒོམ་པ་དང༌། སྒྲུབ་པ་དང༌། བསྙེན་སྒྲུབ་མང་པོ་གཉེན་པོ་བསྟེན་དགོས་པ་མ་ཡིན།"
929582,932898,3316,"ཆོས་ཉིད་ཀྱི་དགོངས་པ་ཕྱོགས་མེད་རྒྱ་ཡན་འདི་འཆར་ཐུབ་ན་"
932898,935599,2701,"འབྲས་བུ་སངས་རྒྱས་ཀྱི་གོ་འཕང་འཐོབ་བསམ་པའི་རེ་བ་དང༌།"
935599,939550,3951,"རང་ལ་མཁས་པ་ཞིག་འོང་བསམ་རྒྱུའི་དོགས་པའི་འདུ་ཤེས་ཐམས་ཅད་བསྐྱེད་མི་དགོས།"
939550,942885,3335,"དེ་དང་སུ་ལྡན་ན་ཡེ་ཤེས་རྗེན་པའི་དོན་དང་མཇལ་བ་ཡིན།"
942885,947157,4272,"(223) འགྲོ་བ་དྲུག་གི་མན་ངག་བསྟན་པ་ནི། །མི་དགེ་ཐུབ་པའི་མི་དེ་རང་བཞིན་དཔའ་བོར་འགྲོ། །"
947157,954320,7163,"དུག་ལྔ་ཁོང་གསོད་མི་དེ་སྐྱེས་བུ་མཐུ་ཅན་འགྲོ། །དམིགས་འཛིན་མེད་པའི་མི་དེ་དགེ་སྦྱོར་ཅན་དུ་འགྲོ། །"
954320,961098,6778,"ཤེས་བཞིན་བག་ཡོད་འཆང་དེ་མཁས་ཤིང་མཛངས་པར་འགྲོ། །གནོད་འཛུགས་སྤོང་བའི་མི་དེ་གོ་མཚོན་ཅན་དུ་འགྲོ། །"
961098,966142,5044,"དམ་ཅན་བསྐོར་བའི་མི་དེ་འཁོར་འབངས་ཅན་དུ་འགྲོ། །དེ་ལྟར་ཅི་འགྲོ་བྱ་བ་གདམས་པའི་མཆོག །"
966142,973755,7613,"ཅེས་པ་སྟེ། གོང་ནས་བཤད་པ་ལྟར་དུ་ཉམས་སུ་ལེན་ན་"
973755,977544,3789,"རང་ཤུགས་ཀྱིས་འབད་མི་དགོས་པ་འགྲོ་བ་དྲུག་གི་མན་ངག་ཡོད།"
977544,980743,3199,"གང་རེད་ཟེར་ན། མི་དགེ་སྡིག་པ་གཏན་ནས་མི་བྱེད་པ་"
980743,984242,3499,"དྲན་ཤེས་བག་ཡོད་ཀྱིས་བསྲུང་ཐུབ་པའི་མི་དེ་དཔའ་བོ་འདི་ཡིན་ཏེ།"
984242,986909,2667,"སྡིག་པ་མི་དགེ་བའི་དབང་དུ་མ་སོང་ནས་བཟུང་སྟེ་"
986909,990767,3858,"ཚེ་རབས་ཐམས་ཅད་ལ་འཁོར་བའི་དགྲ་བོ་ལས་"
990767,993180,2413,"གྲོལ་བསྡད་དུས་དཔའ་བོའི་མཆོག་ཏུ་གྱུར་པ་དེ་ཡིན།"
993180,997079,3899,"ཉོན་མོངས་པ་དུག་ལྔ་ཁོང་ནས་ཤར་འོང་བ་དང་མཉམ་དུ་"
997079,1001431,4352,"དེ་ལ་དེ་མ་ཐག་ཏུ་གཉེན་པོས་དུག་ལྔ་མགོ་ཡན་ཙམ་མ་བཏང་ན།"
1001431,1004196,2765,"སྐྱེས་བུ་ནུས་མཐུ་ཅན་ཞེས་བྱ་བ་དེ་ལ་གོ་དགོས།"
1004196,1007695,3499,"དམིགས་འཛིན་མེད་པའི་ཆོས་ཉིད་ལྟ་བའི་ངང་དུ་བྱས་ནས་"
1007695,1011054,3359,"དུས་རྟག་ཏུ་དགེ་སྦྱོར་མཐར་ཕྱིན་པའི་གང་ཟག་གི་མི་དེ་དེ་ཡིན།"
1011054,1015396,4342,"རང་གི་ལུས་དང་སེམས་ཡང་ཡང་བརྟགས་པའི་ཤེས་བཞིན་གྱི་བག་ཡོད་འཆང་བ་ཡིན་ན།"
1015396,1018118,2722,"དེ་མི་དེ་བྱ་བ་ལས་ཀ་གང་བྱེད་ནའང་འཁྲུལ་བ་དང༌།"
1018118,1020105,1987,"སྐྱོན་གཏན་ནས་མེད་པས་ན་མཁས་ཤིང་"
1020105,1023678,3573,"མཛངས་པ་མི་འཇོན་པོ་ཅན་དུ་འགྱུར་བ་ཡིན།"
1023678,1030638,6960,"རང་ལ་ཚུར་གནོད་པ་བྱས་ནས་ཕར་ལ་ཕན་པ་བཏགས།"
1030638,1032781,2143,"དེ་ལ་གནོད་སེམས་མེད་པའི་མི་འདི་ཡིན་ན་"
1032781,1035503,2722,"གོ་མཚོན་ཐོགས་པའི་མི་དེ་དང་འདྲ་བ་ཡིན།"
1035503,1039123,3620,"དམ་ཅན་ཆོས་སྐྱོང་ཐམས་ཅད་དུས་རྟག་ཏུ་སྐོང་བ་བྱེད་པའི་མི་དེ་"
1039123,1042516,3393,"འཁོར་འབངས་རང་ཤུགས་ཀྱིས་བྱུང་སོང་བས་ན་འདུ་འོང་བ་ཡིན།"
1042516,1046840,4324,"དེ་ལྟར་ཅི་འགྲོ་བ་བྱས་ན་གདམས་ངག་ཐམས་ཅད་ཀྱི་མཆོག་ཡིན།"
1046840,1050972,4132,"(224) བསླུ་བས་སྤང་བར་བྱ་བའི་ཆོས་དྲུག་ནི། །རང་རིག་མ་བསླངས་གཞན་རིག་རྫུན་པོས་བསླུ། །"
1050972,1055070,4098,"འོད་གསལ་མ་ཡིན་ཞི་གནས་ལྟེང་པོས་བསླུ། །ཆིག་ཆོད་མ་ཡིན་བཏང་སྙོམས་འབྱམས་པས་བསླུ། །"
1055070,1058978,3908,"རང་དག་མ་ཡིན་རྣམ་རྟོག་ཉིང་འཁྲུལ་བསླུ། །ཟུང་འཇུག་མ་ཡིན་བྱར་མེད་ཁ་འབྱམས་བསླུ། །"
1058978,1063282,4304,"རང་གནས་མ་ཡིན་རྩེ་གཅིག་སེམས་འཛིན་བསླུ། །འདྲ་གཉིས་བསླུ་བས་དོན་མེད་མ་བཏང་ཅིག །"
1063282,1069790,6508,"ཅེས་པ་སྟེ། རང་གི་སེམས་སླུ་བར་བྱེད་པའི་སྤང་བྱའི་ཆོས་དྲུག་ཡོད།"
1069790,1072366,2576,"གང་རེད་ཟེར་ན། རང་གི་རིག་པའི་ཆོས་ཉིད་ཀྱི་དོན་དེ་"
1072366,1076421,4055,"རྗེན་པ་མ་རྟོགས་ནས་བཟུང་སྟེ་གཞན་ལ་ངོ་སྤྲོད་མང་པོ་བྱས་ན་"
1076421,1078566,2145,"རྫུན་གྱི་སྒོ་ནས་མགོ་སྐོར་གཏོང་བ་ཡིན།"
1078566,1081360,2794,"ཆོས་ཉིད་འོད་གསལ་གྱི་དགོངས་པ་ནང་ནས་མ་ཤར་ནས་བཟུང༌།"
1081360,1083339,1979,"སེམས་རང་བཞིན་གྱིས་གནས་བསྡད་ན་"
1083339,1086439,3100,"ཞི་གནས་བཏང་སྙོམས་ལུང་མ་བསྟན་ལྟ་བུ་ལ་འགྲོ་བ་ཡིན།"
1086439,1089474,3035,"དེ་ནས་གཉེན་པོ་ཆིག་ཆོད་ཀུན་གྲོལ་ཟེར།"
1089474,1090913,1439,"གཉེན་པོ་གཅིག་གིས་སྤང་བྱ་ཐམས་ཅད་"
1090913,1093076,2163,"འཇོམས་ཐུབ་བྱེད་ཅིག་མ་བྱས་ནས་བཟུང༌།"
1093076,1097898,4822,"དགེ་སྡིག་ལུང་མ་བསྟན་བཏང་སྙོམས་ཀྱི་དབང་དུ་"
1097898,1100385,2487,"རྩེ་གཅིག་ཏིང་ངེ་འཛིན་འགྲོ་བ་ལྟ་བུ་ཡིན།"
1100385,1102626,2241,"རང་ཤར་རང་གྲོལ་གྱིས་རྣམ་རྟོག་ཐམས་ཅད་"
1102626,1105428,2802,"དག་མ་ཐུབ་ནས་བཟུང་སྟེ་རྣམ་རྟོག་གི་འཁྲུལ་པ།"
1105428,1107090,1662,"འཁྲུལ་པ་ལས་ཀྱང་ཡང་འཁྲུལ་རེད་དེ་"
1107090,1108753,1663,"འཁྲུལ་པ་ཉིང་དུ་བསྐྱུར་འགྲོ་བ་ཡིན།"
1108753,1111929,3176,"ཐབས་ཤེས་ཟུང་འཇུག་གི་དོན་མ་ཤེས་ནས་བཟུང་སྟེ།"
1111929,1113581,1652,"ང་བྱར་མེད་རྫོགས་པ་ཆེན་པོ་ཡིན་ཟེར་"
1113581,1115988,2407,"ལྟ་བ་ཁ་ལ་འབྱམས་སོང་དུས་བསླུ་བ་ཡིན།"
1115988,1118610,2622,"ཡེ་བབས་རང་གནས་ཀྱི་དགོངས་པ་མ་རྟོགས་ནས་བཟུང༌།"
1118610,1120908,2298,"དེ་ནས་ཞི་གནས་ལྟ་བུ་རྩེ་གཅིག་ཏུ་བསྒོམས་ཏེ།"
1120908,1123452,2544,"ཞི་གནས་ཡུན་རིང་པོ་སྒོམ་ནའང་ཉོན་མོངས་"
1123452,1126431,2979,"རྩ་བ་ནས་སྤོང་མི་ཐུབ་ནས་རང་གི་བསླུ་བར་འགྲོ་བ་ཡིན།"
1126431,1130778,4347,"དེ་ལ་འདྲ་འདྲ་མང་པོ་ཡོད་པའི་ཕྱིར་ན་"
1130778,1137105,6327,"བཟང་པོ་འདི་རང་གི་རྒྱུད་ལ་བསྟེན། འདྲ་ལ་ཁད་ངན་པ་རེད་སོང་ན་དེའི་དབང་དུ་མ་བཏང་ཞིག"
1137105,1142053,4948,"(225) །འགྲོ་བ་དྲུག་གི་རང་བཞིན་བསྟན་པ་ནི། །དམིགས་མེད་རང་བཞིན་མ་རྟོགས་དགེ་བཅུ་འཆིང་བར་འགྲོ། །"
1142053,1147515,5462,"རང་ལ་ཞེན་ལོག་མ་སྐྱེས་སྤྲོས་མེད་བླང་དོར་འགྲོ། །ཆོས་འདས་དབྱིངས་སུ་མ་བྱས་བསྒོམས་ཀྱང་བློ་བྱས་འགྲོ། །"
1147515,1152210,4695,"ཐུག་ཕྲད་རང་ངོ་མ་རྟོགས་བསྒོམས་ཀྱང་བཅོས་མར་འགྲོ། །ངང་དངས་གནས་ལུགས་མ་ཤེས་བསྒོམས་ཀྱང་རྟོག་པར་འགྲོ། །"
1152210,1157234,5024,"ཡེ་གྲོལ་འཛིན་མེད་མ་ཤེས་བསྒོམས་ཀྱང་མཚན་མར་འགྲོ། །འགྲོ་བའི་གནས་ལས་ལོག་པ་ཤིན་ཏུ་གཅེས། །"
1157234,1163011,5777,"ཞེས་པ་འགྲོ་བ་དྲུག་གི་རང་བཞིན་གང་ཡིན་ཞེ་ན།"
1163011,1166297,3286,"སྟོང་ཉིད་དམིགས་པ་མེད་པའི་དོན་དེ་མ་རྟོགས་ནས་བཟུང་སྟེ་"
1166297,1168434,2137,"རང་གིས་དགེ་བ་བཅུ་མང་པོ་ཞིག་སྒྲུབ་བསྡད་ན་"
1168434,1170006,1572,"དེ་མཚན་བཅས་ཀྱི་དགེ་བ་རེད་དུས།"
1170006,1173200,3194,"དེ་ལ་ང་རྒྱལ་དང་རློམ་སེམས་མང་པོ་སྐྱེས་རང་གི་རྒྱུད་ལ་"
1173200,1175393,2193,"འཆིང་བྱེད་མ་གཏོགས་གྲོལ་བྱེད་མི་བྱེད་གསུངས་རེད།"
1175393,1178246,2853,"རང་གིས་ནང་ནས་ཁམས་གསུམ་འཁོར་བ་ལ་"
1178246,1181481,3235,"ཞེན་ལོག་ཡང་དག་པ་ཞིག་མ་སྐྱེས་ན་རི་ཁྲོད་དབེན་པ་ལ་འགྲོ་ཡི་ཡོད།"
1181481,1183815,2334,"ང་བྱར་གཏོང་ཡིན་ཟེར་སྤྲོས་མེད་བྱེད་བསྡད་ན་"
1183815,1187884,4069,"དོན་དུ་སྙན་གྲགས་སྒྲུབ་བྱེད་ཀྱི་ངོ་བོ་ལ་འགྲོ་བ་ཡིན།"
1187884,1195356,7472,"བྱས་པའི་ཆོས་ཐམས་ཅད་ལས་འདས་པའི་ཆོས་ཉིད་ཀྱི་དབྱིངས་དགོངས་པ་དེ་"
1195356,1197874,2518,"ཚུལ་བཞིན་དུ་མ་རྟོགས་ནས་ལོ་མང་པོ་བསྒོམས་ཡོད།"
1197874,1199241,1367,"ངས་བསྐྱེད་རིམ་བསྒོམས་བཞག་ཡོད།"
1199241,1201328,2087,"རྫོགས་རིམ་བསྒོམས་བཞག་ཡོད་ན་བློ་བྱས་ཀྱིས་"
1201328,1203511,2183,"འཆིང་བ་མ་གཏོགས་གྲོལ་ཐུབ་རྒྱུ་མ་ཡིན།"
1203511,1206183,2672,"ཉོན་མོངས་སེམས་ལས་ཤར་བ་དང་གཉེན་པོ་བསྟེན་ནས་"
1206183,1207979,1796,"ཐུག་ཕྲད་ཀྱི་སྒོ་ནས་འབྲལ་མ་ཐུབ་ན།"
1207979,1212829,4850,"སྒོམ་སྒྲུབ་མང་པོ་བྱེད་སྐབས་བཅོས་མ་ལ་འགྲོ་དུས་བཅོས་མས་དོན་མི་རྟོགས།"
1212829,1215023,2194,"ཆོས་ཉིད་རང་གི་དགོངས་པ་འདི་ཤེས་འོང་ན་"
1215023,1217432,2409,"འོད་གསལ་བའི་དགོངས་པ་རང་ཤུགས་ཀྱིས་འདོན་འོང་བ་ཡིན།"
1217432,1219635,2203,"དེ་གནས་ལུགས་འདི་མ་ཤེས་ནས་བཟུང་སྟེ་"
1219635,1221766,2131,"དམིགས་གཏད་ཅན་གྱི་སྒོམ་པ་མང་པོ་བྱས་ན་"
1221766,1223579,1813,"རྣམ་རྟོག་གི་སྒོམ་དུ་འགྲོ་བ་ཡིན།"
1223579,1227864,4285,"ཆོས་ཉིད་ཀྱི་ངོ་བོ་ཡེ་ནས་གྲོལ་བ་འཛིན་མེད་ཀྱི་རང་བཞིན་མ་ཤེས་ན་"
1227864,1231734,3870,"ཞི་གནས་དང་བསམ་གཏན་བསྐྱེད་རིམ་རྫོགས་རིམ་མང་པོ་སྒོམ།"
1231734,1234074,2340,"མཚན་མའི་ལྟ་བ་ལས་མི་འདའ་བ་ཡིན་པས་ན།"
1234074,1237776,3702,"འགྲོ་བའི་གནས་ལས་ཉིད་དེ་གོལ་ས་ལ་མ་སོང་བ་ཤིན་ཏུ་གཅེས་པ་ཡིན།"
1237776,1242308,4532,"(226) གསོད་པ་དྲུག་གི་གདམས་ངག་བསྟན་པ་ནི། །འདྲེ་གདོན་ཞི་བར་འདོད་ན་ལུས་སྲོག་གཅེས་འཛིན་སོད། །"
1242308,1247157,4849,"མཐུན་འཇུག་བྱ་བར་འདོད་ན་ང་རྒྱལ་ཁེངས་སེམས་སོད། །སྡུག་བསྔལ་ཞི་བར་འདོད་ན་གཉིས་འཛིན་མཚན་མ་སོད། །"
1247157,1251936,4779,"གནས་ལུགས་དགོངས་པ་འདོད་ན་གཉེན་པོ་མཆོག་འཛིན་སོད། །གཉིས་མེད་ཡེ་ཤེས་འདོད་ན་སྒོམ་བློའི་གཉེན་པོ་སོད། །"
1251936,1257516,5580,"ཚེ་གཅིག་བྱང་ཆུབ་འདོད་ན་ཕྱི་བཤོལ་ལེ་ལོ་སོད། །དེ་དག་ལྡན་ན་གང་ཡིན་བདུད་བཞིའི་དགྲ་ལས་རྒྱལ། །"
1257516,1263100,5584,"ཞེས་པ་སྟེ། གསོད་པ་དྲུག་གི་གདམས་ངག་འདི་གང་ཡིན་ཟེར་ན།"
1263100,1268655,5555,"ཕྱིའི་འདྲེ་གདོན་འདི་ཞི་བར་འདོད་ན། ཕྱིའི་འདྲེ་གདོན་ཕྱི་ནས་"
1268655,1271051,2396,"བཙལ་མི་དགོས་ཏེ་ནང་ནས་རང་གི་ལུས་སེམས་ལ་"
1271051,1272462,1411,"གཅེས་འཛིན་འདི་འབོར་སོང་ན།"
1272462,1274491,2029,"ནད་གདོན་གྱིས་བླ་ཚེ་འཕྲོག་པ་དང༌།"
1274491,1280390,5899,"རྐུ་བ་ལ་སོགས་པ་ཐུབ་རྒྱུ་མ་རེད་དུས་དེ་རེད། འཇིག་རྟེན་མཐུན་འཇུག་རྒྱ་ཆེན་པོ་ཞིག་བྱེད་པར་འདོད་ན་"
1280390,1284106,3716,"རང་དམའ་ས་ལ་བཟུང་སྟེ་ང་རྒྱལ་དང་ཁེངས་སེམས་སྤངས་སོང་ན་"
1284106,1287109,3003,"དེ་ཐམས་ཅད་ཀྱི་མཐུན་པོ་འོང་རྒྱུ་རེད་དུས་དེ་ལྟར་དང༌།"
1287109,1289327,2218,"རང་གི་རྒྱུད་ལ་སྡུག་བསྔལ་འདི་ཞི་བར་འདོད་ན་"
1289327,1293033,3706,"གཟུང་འཛིན་གཉིས་སྣང་གི་མཚན་མ་འདི་སྤང་དགོས་རེད་དེ་"
1293033,1295471,2438,"སྡུག་བསྔལ་ཐམས་ཅད་ཀྱི་རྩ་བ་གཉིས་འཛིན་གྱི་"
1295471,1297200,1729,"རྟོག་པ་ལས་བྱུང་གི་རེད་དུས་དེ་ཡིན།"
1297200,1300525,3325,"གནས་ལུགས་ཀྱི་དགོངས་པ་ཚུལ་བཞིན་དུ་རྟོགས་པར་འདོད་ན།"
1300525,1303748,3223,"གཉེན་པོ་ཟེར་མཁན་ཞིག་སྤང་བྱ་ལོགས་སུ་འཚོལ་འོང་རྒྱུ་ལྟ་བུ་དང༌།"
1303748,1306456,2708,"སྒོམ་བྱ་ཡིན་པའི་མཆོག་འཛིན་གྱི་ལྟ་བ་ཕར་སོད།"
1306456,1310112,3656,"ཐབས་ཤེས་གཉིས་མེད་ཀྱི་དོན་བསྒོམ་པར་འདོད་ན་ནི།"
1310112,1313887,3775,"སྒོམ་བློའི་གཉེན་པོའི་སྒོ་ནས་དམིགས་གཏད་"
1313887,1316465,2578,"འཛིན་པ་ཅན་གྱི་སྒོམ་པ་འདི་ཕར་སོད་དགོས།"
1316465,1320313,3848,"ཚེ་གཅིག་བྱང་ཆུབ་འདོད་ན་ནི་དུས་རྟག་ཏུ་ཉིན་མཚན་"
1320313,1323760,3447,"ཡེངས་མེད་དུ་བརྩོན་པ་མ་གཏོགས། ད་རེས་མ་ཡིན་རྗེས་ནས་ཡིན།"
1323760,1327237,3477,"ལོ་གཞོན་དུས་མ་ཡིན་རྒས་དུས་ཡིན་བསམ་པ་དེ་ལྟ་བུའི་ལེ་ལོ་སོད།"
1327237,1330972,3735,"དེ་དག་གང་ཡིན་ན་བདུད་བཞིའི་དགྲ་ལས་རྒྱལ་བར་འགྱུར་བ་ཡིན།"
1330972,1335521,4549,"(227) མེད་པ་དྲུག་གི་རང་བཞིན་བསྟན་པ་ནི། །སེམས་ཅན་ཅི་མགུ་བྱས་ན་རྒྱལ་མཆོད་ལོགས་ན་མེད། །"
1335521,1340314,4793,"གཞན་དོན་དང་ལེན་བྱས་ན་ཐར་ལམ་ལོགས་ན་མེད། །དབྱེ་བསལ་གཉིས་མེད་རྟོགས་ན་མཉམ་ཉིད་ལོགས་ན་མེད། །"
1340314,1344869,4555,"ཡུལ་སེམས་གཉིས་མེད་རྟོགས་ན་ཆོས་ཉིད་ལོགས་ན་མེད། །འཁོར་བ་བདེན་མེད་ཤེས་ན་མྱང་འདས་ལོགས་ན་མེད། །"
1344869,1349540,4671,"སྒྲུབ་མཁན་ངོ་བོ་སྟོར་ན་གོལ་སྒྲིབ་བསལ་དུ་མེད། །དེ་ལྟར་རྟོགས་རྣམས་ཆོས་སྐུ་རང་ཆས་འགྲུབ། །"
1349540,1353710,4170,"ཅེས་པ་སྟེ། མེད་པ་དྲུག་གི་རང་བཞིན་འདི་གང་ཡིན་ཟེར་ན།"
1353710,1356685,2975,"སེམས་ཅན་གཞན་ལ་ཕན་ཅི་ཐོགས་ཀྱི་སྒོ་ནས་མགུ་བར་བྱས་ན་"
1356685,1359737,3052,"སངས་རྒྱས་ལ་མཆོད་པ་མི་དགོས་འདུག །སེམས་ཅན་ཕན་པར་འབྱུང་ན་"
1359737,1363051,3314,"སངས་རྒྱས་མཆོད་པའི་ཚོགས་ཐམས་ཅད་དུ་འགྱུར་བ་དེ་ཡིན།"
1363051,1368015,4964,"གཞན་སེམས་ཅན་གྱི་དོན་དེ་གཙོ་བོ་བྱས་ཏེ་གཞན་ལ་ཕན་གང་ཐུབ་ཐུབ་བྱེད་དེ་"
1368015,1370422,2407,"རང་དོན་ཡིད་བྱེད་ཀྱི་རྩ་བ་དེ་སྤངས་བཞག་ན་"
1370422,1373667,3245,"ཐར་པ་བྱང་ཆུབ་ཀྱི་ལམ་དེ་ལོགས་སུ་འཚོལ་དགོས་པ་མ་ཡིན།"
1373667,1377086,3419,"ཆོས་ཉིད་དབྱེ་བསལ་མེད་པའི་དོན་དེ་ཚུལ་བཞིན་དུ་རྟོགས་ན་"
1377086,1380295,3209,"འཁོར་འདས་མཉམ་པ་ཉིད་ཀྱི་ལྟ་བ་ཟེར་རྒྱུ་དེ་ལོགས་སུ་འཚོལ་མི་དགོས།"
1380295,1383808,3513,"ཡུལ་དང་སེམས་གཉིས་པོ་ལག་པ་སྦྲེལ་འགྲོ་དུས་འཁྲུལ་གྱི་རེད་དུས།"
1383808,1387838,4030,"ཡུལ་ཡང་སྟོང་པ་ཉིད། སེམས་ཀྱང་སྟོང་པ་ཉིད་ཡུལ་སེམས་གཉིས་མེད་ཀྱི་དོན་"
1387838,1390763,2925,"རྟོགས་སོང་ན་ཆོས་ཉིད་ཀྱི་དགོངས་པ་ལོགས་ན་འཚོལ་མི་དགོས།"
1390763,1393605,2842,"ཁམས་གསུམ་འཁོར་བའི་སྣང་ཆ་གང་ཡིན་ན་"
1393605,1397179,3574,"བདེན་མེད་སྒྱུ་མ་ལྟ་བུ་ཤེས་ཚར་ན་འཁོར་བས་བསླུ་མ་ཐུབ་དུས།"
1397179,1399429,2250,"མྱ་ངན་ལས་འདས་པ་འཁོར་བ་སྤོང་བའི་ཕ་རོལ་ན་"
1399429,1401414,1985,"ཡོད་རྒྱུ་ཞིག་ལོགས་ན་འཚོལ་མི་དགོས།"
1401414,1404991,3577,"སངས་རྒྱས་གོ་འཕང་སྒྲུབ་མཁན་ཟེར་མཁན་དེའི་ངོ་བོ་དེ་ལ་"
1404991,1407982,2991,"བསྒྲུབ་བྱ་སྒྲུབ་བྱེད་མེད་པའི་ཆོས་ཉིད་ཅིག་རྟོགས་སོང་ན་"
1407982,1410810,2828,"ལམ་གྱི་གོལ་ས་དང་སྒྲིབ་ས་ཟེར་རྒྱུ་མེད།"
1410810,1413175,2365,"དེ་ལྟར་རྟོགས་ན་ཆོས་སྐུ་རང་གནས་ཀྱི་དགོངས་པ་"
1413175,1414738,1563,"རང་ཤུགས་ཀྱིས་འཆར་བ་འགྱུར་བ་ཡིན།"
1414738,1418793,4055,"(228) དཀའ་བ་དྲུག་གི་རང་བཞིན་བསྟན་པ་ནི། །ཆོས་ལ་ཞུགས་དཀའ་དེ་བས་མི་ལྡོག་དཀའ། །"
1418793,1422579,3786,"དེ་སྣོད་ཤེས་དཀའ་དེ་བས་རྒྱུད་སྦྱོར་དཀའ། །དམ་ཚིག་ཐོབ་དཀའ་དེ་བས་ལེགས་བསྲུང་དཀའ། །"
1422579,1426489,3910,"ཟབ་དོན་ཕྲད་དཀའ་དེ་བས་ཉམས་ལེན་དཀའ། །དགོངས་པ་སྐྱེ་དཀའ་དེ་བས་སྐྱོང་བ་དཀའ། །"
1426489,1431221,4732,"གཞན་དོན་བྱེད་དཀའ་དེ་བས་སྐྱོ་བཟོད་དཀའ། །སངས་རྒྱས་འདོད་ན་དཀའ་ཡང་བསྒྲུབ་འཚལ་ལོ། །"
1431221,1436611,5390,"ཞེས་པ་དཀའ་བ་དྲུག་གི་རང་བཞིན་འདི་གང་ཡིན་ཞེ་ན།"
1436611,1442019,5408,"དམ་པའི་ཆོས་ཀྱི་སྒོ་རུ་ཞུགས་པ་འདི་ནི་ཤིན་ཏུ་ནས་ཀྱང་"
1442019,1444595,2576,"དུས་རྒྱ་ལམ་རེས་འགའ་ཙམ་མ་གཏོགས་དཀའ་མོ་ཡིན།"
1444595,1447866,3271,"དེ་བས་ཀྱང་ཆོས་ལ་ཞུགས་ནས་ཆོས་མཐར་ཕྱིན་ཏེ་"
1447866,1450428,2562,"ཕྱིར་མི་ལྡོག་པ་བྱེད་པ་དེ་བས་དཀའ་བ་ཡིན།"
1450428,1453753,3325,"སྡེ་སྣོད་གསུམ་ལ་ཐོས་བསམ་སྒོམ་གསུམ་བྱས་པ་དེ་ཤེས་པར་དཀའ།"
1453753,1456838,3085,"ཐོས་བསམ་སྒོམ་གསུམ་བྱས་ཧ་ལམ་ཤེས་སོང་ནའང་"
1456838,1458799,1961,"ཤེས་པའི་དོན་དེ་རང་གི་སེམས་རྒྱུད་ལ་"
1458799,1461387,2588,"སྦྱོར་བའི་ཆོས་དང་སེམས་རྒྱུད་གཉིས་འདྲེས་པ་འདི་དཀའ་མོ་ཡིན།"
1461387,1464838,3451,"གསང་སྔགས་རྡོ་རྗེ་ཐེག་པའི་དམ་ཚིག་འདི་བསྲུང་དཀའ་བ་ཡིན་ཏེ་"
1464838,1468891,4053,"དེ་བས་ཀྱང་དམ་ཚིག་ཁས་ལེན་ཚར་ནས་མཐར་མ་ཕྱིན་བར་དུ་"
1468891,1470972,2081,"ལེགས་པར་བསྲུང་བ་དེ་དཀའ་བ་ཡིན།"
1470972,1476240,5268,"དེ་ནས་ཟབ་དོན་ཕྱག་རྒྱ་ཆེན་མོ་དང་རྫོགས་པ་ཆེན་པོའི་གདམས་ངག་དང་ཕྲད་པར་དཀའ་སྟེ།"
1476240,1479678,3438,"གདམས་ངག་ཕྲད་པ་བས་ཀྱང་གདམས་ངག་དེ་ཉམས་ལེན་བྱེད་དཀའ་བ་ཡིན།"
1479678,1483471,3793,"ཆོས་ཉིད་ཀྱི་དགོངས་པ་མ་ནོར་བ་རྒྱུད་ལ་སྐྱེ་བར་དཀའ་སྟེ་"
1483471,1486853,3382,"དགོངས་པ་མ་ནོར་བ་རྒྱུད་ལ་སྐྱེས་ནའང་དེ་མྱོང་བའི་སྒོ་ནས་"
1486853,1490095,3242,"མཐའ་མ་ཐོན་གྱི་བར་དུ་ཉམས་ལེན་མཐར་སྐྱོང་བ་དཀའ་བ་ཡིན།"
1490095,1493210,3115,"གཞན་སེམས་ཅན་གྱི་དོན་བྱེད་པ་དཀའ་སྟེ་དེ་བས་ཀྱང་"
1493210,1498164,4954,"སེམས་ཅན་གཞན་གྱི་དོན་བྱས་ན་ཕ་ལ་ཕན་པ་བྱས་ནའང་དྲིན་མི་ཤེས་པ་དང༌།"
1498164,1501892,3728,"ཚུར་ལ་གནོད་པ་མང་པོ་བྱེད་འོང་ན་དེ་ལ་བཟོད་པ་བསྒོམ་པ་དཀའ་བ་ཡིན།"
1501892,1504631,2739,"སངས་རྒྱས་གོ་འཕང་འཐོབ་པར་འདོད་ན་ནི་"
1504631,1506959,2328,"དེ་དཀའ་བ་དྲུག་པོ་འདི་དཀའ་ལས་ཆེ་ནའང་"
1506959,1510474,3515,"ཡིན་གཅིག་མིན་གཅིག་རང་གི་རྒྱུད་ལ་ཨེ་སྦྱོར་བལྟ་སྟེ་བསྒྲུབ་དགོས་པ་ཡིན།"
1510474,1514192,3718,"(229) ངོ་མཚར་ཆེ་བའི་གདམས་ངག་རྣམ་དྲུག་ནི། །དད་བརྩོན་ཡོད་ན་ཆོས་ཀྱི་སྦྱིན་པ་ལ། །"
1514192,1518255,4063,"དགོས་སུ་སྤྱོད་རྒྱུ་ཡོད་པ་ངོ་མཚར་ཆེ། །མོས་གུས་ཡོད་ན་བླ་མ་སངས་རྒྱས་ལ། །"
1518255,1521899,3644,"གདམས་ངག་མཉན་དུ་ཡོད་པ་ངོ་མཚར་ཆེ། །ཟབ་མོའི་ཐབས་ཀྱིས་ཟིན་ན་འདོད་ཡོན་ལྔ། །"
1521899,1526107,4208,"མ་སྤངས་སྤྱོད་པས་གྲོལ་བ་ངོ་མཚར་ཆེ། །བརྩོན་པས་ཉམས་སུ་བླངས་ན་སེམས་ཅན་གྱིས། །"
1526107,1529834,3727,"ཚེ་གཅིག་སངས་རྒྱས་འགྲུབ་པ་ངོ་མཚར་ཆེ། །རྟོགས་པའི་ངང་ལ་མ་ཡེངས་བསྒོམས་བྱས་ན། །"
1529834,1534412,4578,"གཏིང་གསལ་ཆོས་ཉིད་མངོན་གྱུར་ངོ་མཚར་ཆེ། །དཀྱིལ་འཁོར་གསུམ་ལ་རྟག་ཏུ་འདྲིས་བྱས་ན། །"
1534412,1536279,1867,"སྐུ་གསུམ་ཡེ་ཤེས་འཆར་བ་ངོ་མཚར་ཆེ། །"
1536279,1542420,6141,"གསུངས་དུས་དཀའ་བ་དྲུག་པོ་དེ་ཚུལ་བཞིན་དུ་སྒྲུབ་བསྡད་ན་"
1542420,1546164,3744,"ངོ་མཚར་ཆེན་པོ་ཆོས་དྲུག་ཏུ་རྣམ་པ་ཡོད། གང་རེད་ཟེར་ན།"
1546164,1551940,5776,"དད་པ་དང་བརྩོན་འགྲུས་ཡོད་ན་དམ་པའི་ཆོས་ཀྱི་སྦྱིན་པ་དེ་ལ་"
1551940,1554469,2529,"རང་གིས་དུས་རྟག་ཏུ་ལོངས་སུ་སྤྱོད་རྒྱུ་ཡོད་ན།"
1554469,1557458,2989,"ཆོས་ཀྱི་ཆེ་བ་འདི་དད་པ་དང་བརྩོན་འགྲུས་གཉིས་ཀྱི་སྒོ་ནས་"
1557458,1560761,3303,"ཤེས་འོང་རྒྱུ་རེད་དུས་ངོ་མཚར་ལྷག་པར་དུ་ཆེ་བ་ཡིན།"
1560761,1564375,3614,"མོས་གུས་བཅོས་མ་མ་ཡིན་པ་ཞིག་ཡོད་ན་"
1564375,1567642,3267,"བླ་མ་སངས་རྒྱས་ཀྱི་སྐུ་མདུན་གདམས་ངག་ཞུ་དུས་ཡོད་པ་དེ།"
1567642,1570244,2602,"བསྐལ་པ་མང་པོ་ལ་ནོར་ལོངས་སྤྱོད་དང་"
1570244,1573599,3355,"འཁོར་ལོ་བསྒྱུར་བའི་རྒྱལ་པོ་ཐོབ་པ་ལས་ཀྱང་ངོ་མཚར་ཆེ་བ་ཡིན།"
1573599,1575936,2337,"ཟབ་མོའི་ལམ་འདི་ལ་ཐབས་ཀྱིས་ཟིན་ན་"
1575936,1578635,2699,"འདོད་པའི་ཡོན་ཏན་ལྔ་པོ་འདི་དག་ཐམས་ཅད་ཀྱང་"
1578635,1581793,3158,"སྒྱུ་མ་དང་རྨི་ལམ་ལྟ་བུ་ཤེས་པའི་སྒོ་ནས།"
1581793,1585206,3413,"འདོད་ཡོན་ཆེད་དུ་སྤོང་མི་དགོས་པ་འདོད་ཡོན་ལམ་གྱི་གྲོགས་སུ་འགྱུར་ཏེ་"
1585206,1589059,3853,"སྤྱོད་པས་གྲོལ་བ་སྟེ་གསང་སྔགས་ཐབས་ཀྱི་ལམ་ཡིན་དུས་ངོ་མཚར་ཆེན་པོ་ཡིན།"
1589059,1591776,2717,"བརྩོན་པས་རྩེ་གཅིག་ཉམས་སུ་བླང་ན་"
1591776,1593778,2002,"ད་ལྟ་ཐ་མལ་པའི་སེམས་ཅན་ཞིག་ཡིན་ནའང་"
1593778,1596022,2244,"ཚེ་གཅིག་ལུས་གཅིག་གིས་སྟེང་དུ་སངས་རྒྱས་ཀྱི་གོ་འཕང་"
1596022,1599689,3667,"འགྲུབ་རྒྱུ་ཡོད་པ་དེ་ལམ་ཐག་ཉེ་བ་ཤིན་ཏུ་ངོ་མཚར་ཆེ་བ་ཡིན།"
1599689,1603582,3893,"ཆོས་ཉིད་རྟོགས་པའི་ངང་ལ་དུས་རྟག་ཏུ་མ་ཡེངས་པ་སྒོམ་བསྡད་ན་"
1603582,1606546,2964,"ཆོས་ཉིད་འོད་གསལ་བའི་ཡེ་ཤེས་དེ་ནང་ནས་གསལ་དུས།"
1606546,1609931,3385,"གཏིང་ནས་གསལ་བ་ཆོས་ཉིད་དགོངས་པ་མངོན་དུ་གྱུར་ན་"
1609931,1613785,3854,"ཟག་མེད་ཀྱི་ཡོན་ཏན་ཐམས་ཅད་རང་ཤུགས་ཀྱིས་ཤར་འོང་རྒྱུ་ཡིན་པ་ངོ་མཚར་ཆེ།"
1613785,1615462,1677,"སྣང་གྲགས་རྟོག་གསུམ་སངས་རྒྱས་ཀྱི་"
1615462,1618555,3093,"སྐུ་གསུང་ཐུགས་ཀྱི་དཀྱིལ་འཁོར་འདི་ཤར་བ་འདྲིས་པར་བྱས་ན།"
1618555,1621169,2614,"སྐུ་གསུམ་གྱི་ཡེ་ཤེས་ལོགས་སུ་འཚོལ་མི་དགོས་པ་"
1621169,1624912,3743,"ད་ལྟ་སྣང་གྲགས་རྟོག་པ་འདིའི་ནང་དུ་འཆར་བ་སྟེ་ངོ་མཚར་ཆེ་བ་ཡིན།"
1624912,1628933,4021,"(230) ཆོས་བྱེད་རྣམས་ཀྱི་སྐྱོན་དྲུག་བསྟན་པ་ནི། །བྱེ་བྲག་མི་ཤེས་ལྟ་བའི་མིག་དང་བྲལ། །"
1628933,1635131,6198,"གཏན་དུ་དགོས་པ་དགེ་སྦྱོར་གྲོགས་དང་བྲལ། །ཐར་པར་ཁྲིད་བྱེད་བཤེས་གཉེན་ལོང་ཁྲིད་མེད། །"
1635131,1641567,6436,"ཐོགས་པར་བྱེད་པ་ཐོས་བསམ་འཁར་བ་ཆག །མི་འདོད་ཉོན་མོངས་གཟུང་འཛིན་གདོན་གྱིས་བརླབས། །"
1641567,1645929,4362,"ཐར་མེད་སྲིད་ལས་ངན་སོང་གཡང་མཆོང་བ། །ཉེས་པ་དྲུག་ལྡན་འགྲོ་བ་འདི་དག་ཀུན། །"
1645929,1649710,3781,"སྙིང་རྗེས་བཟོད་དཀའ་མཆི་མ་འཁྲུག་ནའང༌། །ལས་ངན་མ་ཟད་དྲང་བའི་ཐབས་དང་བྲལ། །"
1649710,1653924,4214,"ཞེས་པ་ཆོས་བྱེད་པ་རྣམས་ལ་སྐྱོན་དྲུག་ཡོད། གང་རེད་ཟེར་ན།"
1653924,1657420,3496,"ལྟ་བ་བཟང་ངན་གྱི་བྱེ་བྲག་དེ་ཚུལ་བཞིན་དུ་མི་ཤེས་ན་"
1657420,1659844,2424,"ལྟ་བ་ཡང་དག་པ་ཞིག་ཤེས་ཀྱི་མ་རེད།"
1659844,1663285,3441,"ལྟ་བ་ཡང་དག་པ་མ་ཤེས་ན་ཐར་པའི་ལམ་དུ་འགྲོ་བྱེད་ཀྱི་མིག་ལྟ་བུ་"
1663285,1665945,2660,"ལྟ་བ་རེད་དུས་དེ་ལྟ་བའི་མིག་དང་བྲལ་དུས།"
1665945,1668598,2653,"གཏན་དུ་དགོས་པའི་དགེ་སྦྱོར་གྲོགས་སུ་བྱེད་དེ།"
1668598,1672549,3951,"ནང་ནས་ལྟ་བ་ལོག་ཚར་ན་ཕྱིའི་དགེ་སྦྱོར་རྒྱ་ཆེན་པོ་གང་བྱས་ནའང་"
1672549,1675137,2588,"ཐར་པའི་ལམ་དུ་ཡང་དག་པ་འགྲོ་རྒྱུ་མ་རེད།"
1675137,1678830,3693,"ཐར་པའི་གོ་འཕང་སྒྲུབ་པར་བྱེད་པ་འདི་ལ་མིག་ལོང་བ་"
1678830,1683692,4862,"ལམ་རྒྱུས་ཡོད་པའི་ལོང་ཁྲིད་ཅིག་ཡོད་ན་ལམ་མ་ནོར་བ་"
1683692,1685579,1887,"རང་འགྲོ་ས་དེ་ན་འགྲོ་ཡི་རེད་དུས།"
1685579,1689034,3455,"དེ་ལྟ་བུ་ལོང་ཁྲིད་མེད་པའི་དགེ་བའི་བཤེས་གཉེན་དང་བྲལ་སོང་ན་"
1689034,1695589,6555,"ཐར་པའི་ལམ་དང་ཐག་མི་ཉེ།"
1695589,1698448,2859,"ཐར་པའི་ལམ་འདི་རང་གི་རྒྱུད་ལ་འཐོབ་པར་བྱེད་པ་འདི་"
1698448,1700104,1656,"ཐོས་པ་དང་བསམ་པ་ཡོད་ན།"
1700104,1703097,2993,"རྒས་འཁོགས་ཤིག་འགྲོ་དགོས་ན་ལག་ཏུ་འཁར་བ་རྒྱུག་པ་ཡོད་ན་"
1703097,1705182,2085,"དཀའ་ངལ་མེད་པ་འགྲོ་ཐུབ་ཀྱི་རེད་དུས།"
1705182,1709076,3894,"དེ་ལྟ་བུ་མ་ཡིན་པ་འཁར་བ་ཆག་ཚར་ནས་འགྲོ་མ་ཐུབ་པ་དང་འདྲ་བ་ཡིན།"
1709076,1714572,5496,"རང་གི་སྤང་བྱ་མི་འདོད་པའི་ཉོན་མོངས་པའི་གཟུང་འཛིན་"
1714572,1718273,3701,"དེའི་དབང་དུ་ཤོར་བཞག་ན་གཟུང་འཛིན་གྱི་གདོན་གྱིས་བརླམས་སོང་རེད་དུས།"
1718273,1721634,3361,"ནམ་ཡང་ཁམས་གསུམ་འཁོར་བ་ལས་ཐར་དུས་མེད་"
1721634,1724199,2565,"དེ་ངན་སོང་གི་གཡང་ས་རྟག་ཏུ་འཕྱོང་འགྲོ་བ་ཡིན།"
1724199,1730156,5957,"དེ་ལྟ་བུའི་ཉེས་པ་དྲུག་དང་ལྡན་པའི་འགྲོ་བ་འདི་དག་ཐམས་ཅད་ཀྱི་སྤྱོད་ཚུལ་ལ་བསམ་བཞག་ན།"
1730156,1732123,1967,"དཔེར་ན་སྨྱོན་པ་ལྟ་བུའི་སྤྱོད་པ་རེད་དུས།"
1732123,1735591,3468,"སྙིང་རྗེས་ཡང་ནས་ཡང་དུ་བཟོད་དཀའ་སྟེ་མཆི་མ་འཁྲུག་ནའང་"
1735591,1740099,4508,"སེམས་ཅན་གྱི་ལས་ངན་པ་རང་གིས་གྲུབ་པ་དེ་མ་ཟད་བར་དུ་"
1740099,1743660,3561,"ཐར་པའི་ལམ་དུ་དྲང་བའི་ཐབས་དང་བྲལ་བ་ཡིན།"
1743660,1747274,3614,"(231) ལོག་པར་མ་སོང་དྲུག་གི་གདམས་པ་ནི། །དཀོན་མཆོག་གསུམ་ལ་ཞབས་ཏོག་མ་གྲུབ་ཀྱང༌། །"
1747274,1751222,3948,"སྡིག་པ་མ་སོག་ངན་འགྲོའི་འཇིགས་པ་སོམས། །བླ་མ་མཆོག་ལ་མོས་གུས་མ་གྲུབ་ཀྱང༌། །"
1751222,1754803,3581,"སྒྲོ་སྐུར་མ་འདེབས་ལོག་ལྟའི་ཉེས་དམིགས་སོམས། །མཆེད་གྲོགས་རྣམས་ལ་བརྩེ་གདུང་མ་གྲུབ་ཀྱང༌། །"
1754803,1758904,4101,"ཕྲག་དོག་མ་བྱེད་དམ་ཉམས་ཉེས་དམིགས་སོམས། །རང་གི་ཕ་ཆོས་གཞུང་བཞིན་མ་གྲུབ་ཀྱང༌། །"
1758904,1762486,3582,"ཆོས་མཛད་མ་སྨད་ལས་ངན་ཉེས་དམིགས་སོམས། །འཁྲུལ་སྣང་དངོས་ལ་བདེན་འཛིན་མ་ཞིག་ཀྱང༌། །"
1762486,1766683,4197,"རྟག་པར་མ་འཛིན་ཕྱི་ནང་འགྱུར་བ་སོམས། །དངོས་སུ་གཞན་ལ་ཕན་འདོགས་མ་གྲུབ་ཀྱང༌། །"
1766683,1769290,2607,"གནོད་པ་མ་སྐྱེལ་ལས་འབྲས་རྟེན་འབྲེལ་སོམས། །"
1769290,1778447,9157,"གསུངས་དུས། ད་ལམ་ལོག་པ་ལ་མ་སོང་བའི་གདམས་ངག་དྲུག་ཡོད།"
1778447,1781498,3051,"གང་རེད་ཟེར་ན། དཀོན་མཆོག་གསུམ་པོ་དེ་ལ་ཡིད་ཆེས་ཀྱི་སྒོ་ནས་"
1781498,1784166,2668,"དཀོན་མཆོག་གསུམ་ལ་བསྙེན་བཀུར་དང་ཞབས་ཏོག་མ་གྲུབ་ནའང༌།"
1784166,1787781,3615,"དཀོན་མཆོག་ལ་བསྟེན་ཏེ་ལས་ངན་གྱི་སྡིག་པ་མ་བསག །"
1787781,1791184,3403,"དཀོན་མཆོག་ལ་ཡིད་མི་ཆེས་པ་དང༌། དཀོན་མཆོག་གི་སྐུ་གསུང་ཐུགས་རྟེན་"
1791184,1793603,2419,"གཞན་ལ་བཙོང་བ་ལྟ་བུ་ལ་སོགས་པ་བྱས་ན།"
1793603,1795330,1727,"ངན་འགྲོ་ལ་འགྲོ་བ་མ་གཏོགས་མེད་དུས་"
1795330,1797453,2123,"ངན་འགྲོའི་འཇིགས་པ་ལ་བསམ་དགོས་པ་ཡིན།"
1797453,1800508,3055,"བླ་མ་མཆོག་ལ་སངས་རྒྱས་དངོས་མཐོང་གི་མོས་གུས་མེད་ནའང་"
1800508,1803578,3070,"བླ་མ་ལ་སྒྲོ་སྐུར་གྱི་སྐུར་འདེབས་མང་པོ་མ་བྱེད།"
1803578,1807518,3940,"ག་རེ་ཟེར་ན། རྒྱུད་ལོག་ལྟས་བྱས་ཚར་ན་སངས་རྒྱས་དངོས་སུ་མཇལ་ནའང་"
1807518,1811644,4126,"ཆོས་ཀྱིས་འདུལ་དུས་ཡོད་རྒྱུ་མ་རེད་དུས་དེ་ཉེས་དམིགས་བསམ།"
1811644,1815253,3609,"མཆེད་གྲོགས་རྣམས་ལ་ཕ་མ་བུ་བརྒྱུད་གཅིག་པ་ལྟ་བུ་བརྩེ་གདུང་མེད་ནའང་"
1815253,1818831,3578,"མཆེད་གྲོགས་ཡོན་ཏན་དང་ལྡན་པ་འབྱོར་བ་ལྡན་པ་ཡིན་ན་ཕྲག་དོག་མ་བྱེད།"
1818831,1822277,3446,"དམ་ཚིག་ཉམས་སོང་ན་དམྱལ་བ་ལྷུང་བའི་ཉེས་དམིགས་བསམ།"
1822277,1826235,3958,"རང་གི་ཉམས་སུ་ལེན་རྒྱུ་ཕ་ཆོས་འདི་ཕ་ཆོས་གཞུང་བཞིན་དུ་"
1826235,1827876,1641,"ཉམས་ལེན་བྱེད་མ་ཐུབ་ནའང༌།"
1827876,1831378,3502,"གཞན་གྱིས་ཆོས་མཛད་གང་ཟག་ཐམས་ཅད་ལ་"
1831378,1833316,1938,"སྐྱོན་ནས་བརྗོད་དེ་མ་སྨད་མ་གཏོགས།"
1833316,1835768,2452,"ཆོས་སྤོང་བའི་ལས་ཟེར། རང་གི་ཆོས་དེ་བཟང་པོ་དང་"
1835768,1838537,2769,"གཞན་གྱི་ཆོས་དེ་ངན་པ་བྱས་ན་ཆོས་སྤོང་གི་ལས་རེད་དུས་"
1838537,1840565,2028,"དེ་ཉེས་དམིགས་ལ་བསམ་དགོས་པ་ཡིན།"
1840565,1843923,3358,"འཁྲུལ་པའི་སྣང་བ་འདི་ཐམས་ཅད་སྒྱུ་མ་དང་"
1843923,1847251,3328,"རྨི་ལམ་ཡིན་ལྟ་བུ་སྙམ་པའི་བདེན་འཛིན་མ་ཞིག་ནའང༌།"
1847251,1850888,3637,"འཁྲུལ་སྣང་གི་བྱ་བ་འདི་ལ་རྟག་པ་མ་འཛིན་ཏེ་དགྲ་འདུལ་"
1850888,1854869,3981,"གཉེན་སྐྱོང་འཇིག་རྟེན་གྱི་བྱ་བ་ལ་མི་ཚེ་རིང་པོ་ལ་བྱེད་ཆེས་ན་"
1854869,1857210,2341,"ཕྱི་ནང་གི་འགྱུར་ལྡོག་མང་པོ་ལ་བསམ།"
1857210,1861493,4283,"དངོས་སུ་ལུས་ངག་ཡིད་ཀྱི་སྒོ་ནས་གཞན་སེམས་ཅན་གྱི་དོན་ཕན་ཆེན་པོ་མ་ཐོགས་ནའང་"
1861493,1864641,3148,"སེམས་ཅན་གཞན་ལ་གནོད་པ་མ་བྱེད་དེ། གང་རེད་ཟེར་ན།"
1864641,1867535,2894,"ད་ལྟ་སེམས་ཅན་ལ་གནོད་པ་བྱས་ན་མ་འོངས་པ་ལ་རང་ལ་"
1867535,1870687,3152,"གནོད་ལན་དེ་ཚུར་འཁོར་བའི་རྒྱུ་འབྲས་བརྟེན་པ་ཡིན།"
1870687,1875191,4504,"(231) ཉན་ན་རིགས་པ་དྲུག་གི་གདམས་ངག་ནི། །ཅུང་ཟད་བྱ་བ་ཆག་པའི་སྡུག་བསྔལ་ལྟོས། །"
1875191,1880129,4938,"དགེ་སྦྱོར་ཆག་ལ་སྡུག་བསྔལ་བྱ་བར་རིགས། །དངོས་པོའི་བདེ་འགྱུར་ཆག་པའི་སྡུག་བསྔལ་ལྟོས། །"
1880129,1889888,9759,"ཉམས་མྱོང་འཕེལ་ཆག་སྡུག་བསྔལ་བྱ་བར་རིགས། །ཞག་གཅིག་ཟས་སྐོམ་ཆག་པའི་སྡུག་བསྔལ་ལྟོས། །"
1889888,1893890,4002,"ཐུན་བཞིའི་དགེ་སྦྱོར་ཆག་ལ་སྡུག་བསྔལ་རིགས། །ཚེ་འདིའི་དགྲ་མགོ་མ་ཐུལ་སྡུག་བསྔལ་ལྟོས། །"
1893890,1897541,3651,"ཉོན་མོངས་དགྲ་མགོ་ཤོར་ལ་སྡུག་བསྔལ་རིགས། །འཁྲུལ་བའི་བཟའ་ཚོ་ཤི་བའི་སྡུག་བསྔལ་ལྟོས། །"
1897541,1901572,4031,"གཏན་གྲོགས་ཆོས་དང་བྲལ་ལ་སྡུག་བསྔལ་རིགས། །བྱ་བྱེད་ཅུང་ཟད་ཆག་པའི་སྡུག་བསྔལ་ལྟོས། །"
1901572,1905611,4039,"དལ་འབྱོར་ཆོས་སྤྱོད་ཆག་ལ་སྡུག་བསྔལ་རིགས། །རིགས་པའི་དོན་ལ་བསམས་ན་ཤིན་ཏུ་དགེ །"
1905611,1911548,5937,"ཞེས་པ་སྟེ། ཉན་ན་རིགས་པ་དྲུག་གི་གདམས་ངག་རྣམ་པ་དྲུག་ཡོད།"
1911548,1916389,4841,"གང་རེད་ཟེར་ན། འཇིག་རྟེན་གྱི་བྱ་བ་ས་རྡོ་བརྐོ་རྒྱུ་འདྲ། སྲིད་ཇུས་ཀྱི་བྱ་བ་ཡོད་ན།"
1916389,1918402,2013,"བྱ་བ་སྣ་གཅིག་ལན་གཅིག་ཆག་སོང་ན།"
1918402,1922328,3926,"ཨའོ་ངའི་ལས་ཀ་འདི་འཕྲོ་བརླག་རེད་སོང་བསམ་སྡུག་བསྔལ་ཡོད་རྒྱུ་རེད།"
1922328,1926531,4203,"དེས་རང་གིས་དགེ་སྦྱོར་ཉི་མ་རེ་རེ་ལ་ག་ཚོད་བྱས་སོང་དེ་ཆག་སོང་ན་"
1926531,1930385,3854,"དེ་ལ་སྡུག་བསྔལ་བྱེད་དང༌། དགེ་སྦྱོར་འདི་ཡང་དག་པ་བརྩོན་ཐུབ་ཀྱི་རེད་དུས་"
1930385,1934476,4091,"དེ་དགོས་པ་ཡིན། དངོས་པོའི་བདེ་བ་མཐོན་པོ་དམའ་ས་ལ་ལྷུང༌།"
1934476,1938538,4062,"འདུས་པ་ཐམས་ཅད་བྲལ་སོང་རྒྱུའི་སྡུག་བསྔལ་ལ་བལྟས་ན།"
1938538,1941473,2935,"རང་གི་སེམས་འདིའི་ཉམས་རྟོགས་ཀྱི་ཉམས་མྱོང་འདི་ཆག་ན་"
1941473,1946188,4715,"དེའི་སྡུག་བསྔལ་བྱེད་དགོས་མ་གཏོགས། ཉམས་རྟོགས་ཆག་སོང་ན་"
1946188,1948885,2697,"ཐར་པའི་ལམ་ལ་ཐག་རིང་པོ་འགྲོ་བ་ཡིན།"
1948885,1951184,2299,"ཞག་མ་གཅིག་ལ་ཟས་སྐོམ་མ་ཟོས་བསྡད་བཞག་ན་"
1951184,1953721,2537,"བཀྲེས་སྐོམ་སྡུག་བསྔལ་མི་བཟད་པ་ཞིག་འོང་རྒྱུ་རེད།"
1953721,1956757,3036,"དེ་བས་ཀྱང་ཐུན་བཞིའི་དགེ་སྦྱོར་ཆག་སོང་ན་"
1956757,1959846,3089,"སྐྱེ་བ་གཏན་གྱི་འདུན་མ་ཆག་དུས་སྡུག་བསྔལ་དེ་ལ་དགོས།"
1959846,1963339,3493,"ཚེ་འདིའི་དགྲ་མགོ་རང་ལ་གནོད་པར་བྱེད་པའི་དགྲ་བོ་འདི་"
1963339,1966446,3107,"མར་ཟིལ་གྱིས་གནོན་མ་ཐུབ་ན་ཕོ་སྐྱེས་པ་མ་རེད་ཟེར་"
1966446,1969009,2563,"ཐམས་ཅད་ཀྱིས་སྡུག་བསྔལ་བྱེད་རྒྱུ་རེད། དེ་མ་བྱེད།"
1969009,1972305,3296,"ཉོན་མོངས་དུག་ལྔའི་དགྲ་མགོ་འདི་ཡན་པ་ཤོར་མ་ཞུགས་པ།"
1972305,1975895,3590,"ཤོར་ཐལ་ནའང་ཉོན་མོངས་དགྲ་བོ་ངས་ཤོར་བཞག་ཐལ་བསམ་སྟེ་"
1975895,1977616,1721,"སྡུག་བསྔལ་བྱ་བ་རིགས་དགོས་པ་ཡིན།"
1977616,1981774,4158,"འཁྲུལ་པའི་བཟའ་ཚོ་ཐམས་ཅད་ད་ལྟ་དགའ་མོ་གྲུང་པོ་འདྲ་བྱས་འདུག་ཡོད་ནའང་"
1981774,1986769,4995,"ཅུང་ཟད་ཙམ་ནས་ཤིང་ཁའི་བྱེའུ་ཆུང་བཞིན་དུ་སྐྱེ་ཤིའི་སྡུག་བསྔལ་རེད་འགྲོ་རྒྱུ་རེད་"
1986769,1989489,2720,"དུས་དེ་ལྟ་བུ་ལ་སྡུག་བསྔལ་བྱེད་མ་དགོས་ས་འདི་མ་བྱས་པ།"
1989489,1993626,4137,"གཏན་གྱི་གྲོགས་དམ་པའི་ཆོས་དང་བྲལ་ན་སྡུག་བསྔལ་བྱ་བ་རིགས་པ་ཡིན།"
1993626,1998273,4647,"ལུས་ངག་ཡིད་གསུམ་གྱིས་བྱ་བ་ཅུང་ཟད་བྱེད་རྒྱུ་མ་རེད་ན་"
1998273,2000334,2061,"སེམས་ཁྲལ་བྱེད་པའི་སྡུག་བསྔལ་ལ་བལྟས་ཏེ།"
2000334,2002917,2583,"དལ་འབྱོར་གྱི་མི་ལུས་ཐོབ་བཞིན་དུ་ཆོས་སྤྱོད་ཀྱི་བྱ་བ་"
2002917,2005134,2217,"གང་ཡང་མི་བྱེད་ཆག་པ་སྡུག་བསྔལ་རིགས།"
2005134,2008606,3472,"དེ་རིགས་པ་དོན་དྲུག་པོ་ལ་བསམ་ན་"
2008606,2011417,2811,"མྱུར་དུ་ཐར་པའི་ལམ་ཐོབ་པས་ཤིན་ཏུ་དགེ་བ་ཡིན།"
2011417,2015446,4029,"(233) ཚུལ་བཞིན་བསྒྲུབ་པའི་བོར་བ་རྣམ་དྲུག་ནི། །འཁོར་བའི་འདམ་རྫབ་འཇིག་རྟེན་བྱ་བ་བོར། །"
2015446,2019336,3890,"བྱུར་གྱི་གདོས་ཐག་ཁྱིམ་ཐབ་བུ་ཚ་བོར། །བྱིས་པའི་རྩེད་མོ་འཁྲུལ་སྣང་བདེན་ཞེན་བོར། །"
2019336,2022906,3570,"མགོ་སྐོར་སླུ་བྲིད་འདོད་ཡོན་ལོངས་སྤྱོད་བོར། །བདུད་ཀྱི་ཞགས་པ་གཞན་གྱི་བཀུར་གནས་བོར། །"
2022906,2026546,3640,"ཕ་མེས་ཕུང་སྲི་མ་རིག་གཟུང་འཛིན་བོར། །དེ་ལྟར་བྱས་ན་འཁོར་བའི་གནས་ལས་ཐར། །"
2026546,2030144,3598,"ཞེས་པ་ཚུལ་བཞིན་དུ་བསྒྲུབ་སྟེ་ཕ་བློས་བཏང་སྟེ་"
2030144,2032537,2393,"བོར་དགོས་པའི་གདམས་ངག་དྲུག་ཡོད། གང་རེད་ཟེར་ན།"
2032537,2037436,4899,"ཁམས་གསུམ་འཁོར་བའི་འདམ་རྫབ་ནང་བྱིང་སོང་ན་"
2037436,2041531,4095,"གཏན་དུ་ཐར་པ་འཐོབ་རྒྱུ་མ་རེད་དུས་འཇིག་རྟེན་གྱི་བྱ་བ་ཐམས་ཅད་ཕར་བོར་དགོས།"
2041531,2047121,5590,"ཉེས་པ་མང་པོ་བྱུར་བྱས་མྱོང་བའི་རྒྱུ་སྐལ་ལ་དེ་གང་རེད་ཟེར་ན།"
2047121,2052409,5288,"རང་གི་ཕ་མ་དང་བུ་ཚ་མང་པོ་ཁྱིམ་ཐབ་སྐྱེ་དམན་ལ་སོགས་པ་ཡོད་ན་"
2052409,2057663,5254,"དེ་གདོས་ཐག་གིས་དམ་པའི་ཆོས་བསྒྲུབ་རྒྱུ་མ་རེད་དུས་"
2057663,2061188,3525,"དེ་གཅད་དེ་བོར་དགོས། བྱིས་པ་སོ་སོ་སྐྱེ་བོ་རྣམས་ཀྱིས་"
2061188,2063168,1980,"ཆགས་སྡང་གི་བྱ་བ་གང་བྱས་ན།"
2063168,2066813,3645,"བྱིས་པ་ཆུང་ངུ་རྣམས་ཀྱིས་རྩེད་མོ་རྩེ་བ་དང་གཅིག་པ་རེད་དུས་"
2066813,2069505,2692,"དེ་འཁྲུལ་སྣང་ཐམས་ཅད་ལ་བདེན་ཞེན་བོར་དགོས།"
2069505,2074150,4645,"མི་གཞན་གྱི་མགོ་སྐོར་བྱེད་པ་དང༌། ཡོན་ཏན་མེད་ན་ཡོད་མདོག །"
2074150,2078358,4208,"སྐྱོན་ཡོད་ན་མེད་མདོག་བྱས་སླུ་བྲིད་འདིས་འདོད་ཡོན་ལ་རྨོངས་ཀྱི་རེད་དུས་"
2078358,2082205,3847,"འདོད་ཡོན་གྱི་འཆིང་ཐག་འདི་ཉིད་བོར། ཚེ་འདི་ལ་ཞེན་ཆགས་ཆེ་བ་དང༌།"
2082205,2086791,4586,"ཐར་པ་ལ་ཕྱི་བཤོལ་བྱེད་པའི་བདུད་ཀྱི་ཞགས་པ་ནི།"
2086791,2091205,4414,"གཞན་རྣམས་ཀྱི་བཀུར་སྟི་རིམ་གྲོ་ཆེན་པོ་འབྱུང་ན་དཀོར་དང་"
2091205,2093286,2081,"ལོག་འཚོའི་གནས་སུ་འགྱུར་བ་ཡིན་པས་ན་བོར།"
2093286,2098107,4821,"ཕ་མེས་ཕུང་སྲི་འདྲ་འདི་གང་རེད་ཟེར་ན། ཉོན་མོངས་མ་རིག་པ་འདི་རེད།"
2098107,2100743,2636,"ཉོན་མོངས་མ་རིག་པའི་གཟུང་འཛིན་རྩད་ནས་ཆོད་བཞག་དང༌།"
2100743,2104368,3625,"ཕུང་སྲི་རྩད་ནས་ཆོད་འགྲོ་རྒྱུ་རེད། དེ་ལྟར་བྱས་ན་འཁོར་བའི་གནས་ལས་ཐར།"
2104368,2109626,5258,"(234) གདམས་པའི་གནད་དྲུག་ཆིངས་སུ་བསྟན་པ་ནི། །ཐུག་ཕྲད་ཀུན་གྲོལ་མ་ཤེས་སྣང་བའི་རྟོག་མི་ཆོམས། །"
2109626,2116357,6731,"ཅེར་མཐོང་ཅེར་གྲོལ་མ་ཤེས་གཉིས་འཛིན་རྩད་མི་ཆོད། །ཉམས་མྱོང་གཏིང་གསལ་མ་ཤེས་མི་རྟོག་ལྟེང་པོར་འཆོར། །"
2116357,2123635,7278,"གཉིས་སྣང་འཁྲུལ་པར་མ་གོ་ཞེན་ཆགས་འཁྲིས་མི་ཆོད། །ཚེ་ལ་ལོང་མེད་མ་ཤེས་དགེ་སྦྱོར་ཐང་ལྷོད་འཆོར། །"
2123635,2127815,4180,"རིག་པའི་རྩལ་ཁ་མ་འབྱོངས་འགྲོ་དྲུག་གཡང་མི་ཆོད། །དེ་དག་གནད་ལ་ལེགས་པར་བསླབ་པ་གཅེས། །"
2127815,2132041,4226,"ཞེས་པ་སྟེ། གདམས་ངག་གི་གནད་རྣམ་པ་དྲུག་ཡོད།"
2132041,2134045,2004,"དེ་དྲུག་གི་ཆིངས་འདི་གང་རེད་ཟེར་ན།"
2134045,2139724,5679,"ཉོན་མོངས་ཚུར་ལ་སྐྱེས་པ་དང་གཉེན་པོས་ཕར་འཇོམས་པའི་ཐུག་ཕྲད་ཀྱི་གཉེན་པོ་དགོས་རྒྱུ་རེད།"
2139724,2144354,4630,"དེ་མ་ཤེས་ན་རྣམ་རྟོག་གི་དགྲ་བོ་ཆོམས་ཏེ་ཟིལ་གྱིས་གནོན་པ་མི་ཐུབ།"
2144354,2147839,3485,"རྣམ་རྟོག་ཁོ་རང་གི་ངོ་བོ་ལ་ཅེར་གྱིས་བལྟས་ན་"
2147839,2151086,3247,"རང་ཤུགས་ཀྱིས་གྲོལ་འགྲོ་བ་རང་ཤར་གྲོལ་བ་ཡིན་པས།"
2151086,2153393,2307,"དེ་གྲོལ་བའི་གནད་འདི་མ་ཤེས་ནས་བཟུང་སྟེ་"
2153393,2156184,2791,"གཟུང་འཛིན་གཉིས་སྣང་གི་འཁྲུལ་པ་འདི་རྩད་ནས་མི་ཆོད།"
2156184,2160160,3976,"རིག་པའི་དོན་ཉམས་སུ་མྱོང་འོང་ན་ཆོས་ཉིད་འོད་གསལ་བའི་དགོངས་པ་"
2160160,2161693,1533,"གཏིང་ནས་གསལ་བ་རེད་མ་གཏོགས།"
2161693,2163886,2193,"གཏིང་ནས་ཞི་གནས་འཐིབས་པོ་ལྟ་བུ་མ་རེད་དུས།"
2163886,2167334,3448,"དེ་མ་ཤེས་ན་ཞི་གནས་ཀྱི་ཉམས་མི་རྟོག་ལྟེང་པོ་ལ་འཆོར་ཏེ་"
2167334,2168680,1346,"གོལ་ས་ལ་འགྲོ་བ་ཡིན།"
2168680,2172112,3432,"གཟུང་འཛིན་གཉིས་སྣང་གི་འཛིན་པ་འདི་དག་ཐམས་ཅད་"
2172112,2173782,1670,"འཁྲུལ་པ་ཡིན་པ་མ་བཞག་ནས།"
2173782,2175869,2087,"སླར་ཡང་འཇིག་རྟེན་ཚེ་འདིའི་བྱ་བ་དང༌།"
2175869,2179267,3398,"འཇིག་རྟེན་ཆོས་བརྒྱད་ཀྱི་ཞེན་ཆགས་ཀྱི་འཁྲིས་མི་ཆོད་དེ་འཆིང་བ་ཡིན།"
2179267,2181883,2616,"མི་ཚེ་ལ་མི་རྟག་པའི་རྒྱུད་ཀྱིས་བསྐུལ་མ་བཏབ་སྟེ་"
2181883,2183486,1603,"ལོང་མེད་དུ་མ་ཤེས་ནས་བཟུང་སྟེ།"
2183486,2186725,3239,"དགེ་སྦྱོར་སྐབས་རེས་ཡོད་མཁན་འདྲ།"
2186725,2188693,1968,"སྐབས་རེས་མེད་མཁན་འདྲ་དེ་འདྲ་འབྱུང་རྒྱུ་ཡིན།"
2188693,2194253,5560,"རིག་པའི་རྩལ་ཁ་རྒྱས་མ་ཐུབ་ནས་བཟུང་སྟེ་འགྲོ་བ་དྲུག་ཏུ་སྐྱེ་བའི་གཡང་ས་མི་ཆོད་པ་ཡིན།"
2194253,2196506,2253,"དེ་དག་གནད་ལ་ལེགས་པར་བསླབ་པ་གཅེས།"
2196506,2201164,4658,"(235) མཐར་ཐུག་དྲུག་གིས་གནད་འགག་བསྡམ་པ་ནི། །སྡུག་པའི་མཐར་ཐུག་ཡིན་གྱིས་གཞན་གྱི་མགོ་དཔོན་བོར། །"
2201164,2205893,4729,"སྐྱིད་པའི་མཐར་ཐུག་ཡིན་གྱིས་བྱ་བ་ཐེངས་པར་གྱིས། །ཕུང་བའི་མཐར་ཐུག་ཡིན་གྱིས་མི་དགེའི་སྤྱོད་པ་སྤངས། །"
2205893,2210458,4565,"འཚེངས་པའི་མཐར་ཐུག་ཡིན་གྱིས་དགེ་ལ་སྤྱོད་པ་བསྒྲུབས། །བཟང་པོའི་མཐར་ཐུག་ཡིན་གྱིས་འཇིག་རྟེན་རྒྱབ་ཏུ་བོར། །"
2210458,2214907,4449,"ངན་པའི་མཐར་ཐུག་ཡིན་གྱིས་ཆོས་ལས་ལྡོག་པ་ཞོག །དེ་ལྟར་བྱས་ན་ཡང་རབ་དམ་པའི་རྩེ། །"
2214907,2217854,2947,"ཟེར་བ། མན་ངག་མཐར་ཐུག་གི་གནད་འགག་དྲུག་ཡོད།"
2217854,2225165,7311,"གང་རེད་ཟེར་ན། རང་གི་སྡུག་བསྔལ་འབྱུང་བྱེད་ཐམས་ཅད་ཀྱི་"
2225165,2226776,1611,"མཐར་ཐུག་འདྲ་ཞིག་གང་རེད་ཟེར་ན།"
2226776,2230555,3779,"མི་གཞན་ལ་མགོ་སྐོར་འདྲ་བུ་བྱས་བཞག་ན་དེ་དང༌།"
2230555,2235070,4515,"མི་མང་པོའི་དཔོན་པོ་བྱས་ན། གང་ལ་དབང་ཡོད་དེ་ལ་སྡིག་པ་ཡོད། །ཟེར་མཁན་འདི་རེད།"
2235070,2237728,2658,"དེ་མི་དགོས་འདུག་དེ་ཚུར་བོར་ཤོག་ཟེར།"
2237728,2241283,3555,"སྐྱིད་ཀྱི་མཐར་ཐུག་ཡིན་ན་ཚེ་འདིའི་བྱ་བ་ཐམས་ཅད་བློས་བཏང་ཚར་ན།"
2241283,2244389,3106,"མི་སྒྲུབ་པ་དང་རེ་དོགས་མང་པོ་ཡོད་རྒྱུ་མ་རེད་དུས་"
2244389,2247232,2843,"དེ་ཕྱིར་ན་ཚེ་འདིའི་བྱ་བ་བློས་གཏོང་བར་གྱིས།"
2247232,2249136,1904,"ཕུང་བའི་མཐར་ཐུག་འདི་གང་རེད་ཟེར་ན།"
2249136,2252126,2990,"མི་དགེ་སྡིག་པ་བྱེད་བསྡད་ན་རང་གིས་རང་ཕུང་དུས་"
2252126,2254557,2431,"ཚེ་རབས་གཏན་ནས་ངན་སོང་ལས་མི་ཐར་བ་འགྱུར་རྒྱུ་རེད།"
2254557,2257188,2631,"དེ་མི་དགེ་སྡིག་པ་སྤྱོད་པ་འདི་སྤོངས་ཤོག །"
2257188,2260734,3546,"ལྟ་སྒོམ་སྤྱོད་གསུམ་གྱི་དགེ་སྦྱོར་ཡང་དག་པ་ཞིག་བྱས་ནས་"
2260734,2263074,2340,"ཚེ་འདི་དང་གཏན་དུ་བདེ་ནས་བདེ་བ་ལ་འགྲོ།"
2263074,2265031,1957,"སེམས་འཚེང་བྱེད་ཀྱི་མཐར་ཐུག་ཡིན།"
2265031,2267932,2901,"ལུས་ངག་ཡིད་གསུམ་གྱི་དགེ་བ་སྤྱོད་པ་ལ་ལྟོས།"
2267932,2270606,2674,"བཟང་པོའི་མཐར་ཐུག་ཡིན་པས་འཇིག་རྟེན་གྱི་བྱ་བ་ཐམས་ཅད་"
2270606,2272554,1948,"རྒྱབ་ཏུ་བོར་ཏེ་ཆོས་ཁོ་ན་སྤྱོད་ན།"
2272554,2275656,3102,"ཡོན་ཏན་བཟང་པོ་ཐམས་ཅད་རང་ཤུགས་ཀྱིས་འགྲོ་འོང་རྒྱུ་རེད།"
2275656,2278181,2525,"དེ་ཕྱིར་ན་འཇིག་རྟེན་གྱི་བྱ་བ་རྒྱབ་ཏུ་བོར།"
2278181,2281212,3031,"ངན་པའི་མཐར་ཐུག་ཡིན་ན་དམ་པའི་ཆོས་སྒྲུབ་མདོག་ཁ་བོ་བྱས།"
2281212,2282939,1727,"དེ་ལས་ཕྱི་བཤོལ་བརྒྱག་འོང་ན།"
2282939,2285918,2979,"སྡོམ་པ་ཉམས་ཤིང་དམ་ཚིག་རལ་བ་ཟེར་རྒྱུ་དེ་རེད་དུས་"
2285918,2289339,3421,"ཆོས་ལས་ལྡོག་པ་དགོས། དེ་ལྟར་བྱས་ན་ཡང་རབ་དམ་པའི་རྩེ།"
2289339,2294356,5017,"(236) སྤང་བ་དྲུག་གིས་རང་རྒྱུད་གདུལ་བ་ནི། །མི་གཙང་གཅིན་རྟུག་ཡིན་གྱིས་ཟས་ཀྱི་སྲེད་པ་ཆོད། །"
2294356,2299109,4753,"སྙན་གྲགས་བྲག་ཅ་ཡིན་གྱིས་འཇིག་རྟེན་གྲགས་པ་སྤང༌། །འཁྲུལ་སྣང་དགྲ་རུ་ལྡང་གིས་ཆགས་སྡང་འདུན་མ་སྤང༌། །"
2299109,2304359,5250,"དུག་ལྔའི་མཚོན་ཆ་འཛུགས་ཀྱིས་གཟུང་འཛིན་ང་བདག་སྤང༌། །ཆེ་བཙན་ལྷ་ཆོས་འཆོར་གྱིས་མི་ཆེན་ལད་མོ་སྤང༌། །"
2304359,2309670,5311,"སྡིག་འཕེལ་དགེ་སྦྱོར་ཆག་གིས་ནོར་རྫས་གསོག་བྲུན་སྤང༌། །དེ་ལྟར་བྱས་ན་སྒྲུབ་པ་འཕེལ་བར་མཆི། །"
2309670,2312430,2760,"ཞེས་པ་སྟེ། སྤང་དགོས་རྒྱུ་དྲུག་ཡོད། གང་རེད་ཟེར་ན།"
2312430,2317432,5002,"ཁ་ཟས་མང་པོ་ཟོས་ན་མི་གཙང་བ་རྒྱ་ཆེ་རྫས་མ་གཏོགས་རྒྱུ་གང་ཡང་ཡོད་མ་རེད་དུས།"
2317432,2319388,1956,"ཁ་ཟས་ལ་སྲེད་པ་འདི་སྤོངས་ཤོག །"
2319388,2323154,3766,"སྙན་གྲགས་འདི་ཐམས་ཅད་བྲག་རིའི་དྲུང་ན་སྐྱེས་བུ་ངག་གི་བྲག་ཅ་ལྟ་བུ་ཡིན།"
2323154,2326784,3630,"ཕན་པ་གང་ཡང་མེད་པས་འཇིག་རྟེན་གྱི་སྙན་གྲགས་འདི་སྤོངས་ཤོག །"
2326784,2329979,3195,"འཁྲུལ་སྣང་འདི་ཐམས་ཅད་ལ་བདེན་པར་བཟུང་ན་དགྲ་རུ་ལྡང་སྟེ་"
2329979,2333322,3343,"རང་གི་རྒྱུད་དུ་ཆགས་སྡང་འདི་གོང་ནས་གོང་དུ་འཕེལ་འགྲོ་བ་ཡིན་པས་ན།"
2333322,2338231,4909,"གཉེན་ལ་ཆགས། དགྲ་ལ་སྡང་བའི་འདུན་མ་འདི་ཕར་སྤོངས་ཤོག །"
2338231,2342168,3937,"དུག་ལྔའི་མཚོན་ཆ་འདི་རང་ལ་ཟུག་ན་ཐར་པའི་སྲོག་རྩ་གཅོད་འོང་རྒྱུ་རེད།"
2342168,2345209,3041,"དེ་ཕྱིར་ན་གཟུང་འཛིན་གྱི་ང་བདག་འདི་རྩད་ནས་སྤོངས་ཤོག །"
2345209,2351466,6257,"མི་ཆེན་པོ་ཡིན་པ་བཙན་པོ་བྱས་པ་ལས་ཀ་མང་པོ་བྱས་ན་"
2351466,2356683,5217,"དམ་པའི་ལྷ་ཆོས་འཆོར་དུས་ཆོས་སྒྲུབ་ལོང་མེད་པས་མི་ཆེན་གྱི་ལད་མོ་འདི་ཉིད་སྤོངས།"
2356683,2360688,4005,"སྡིག་པ་འཕེལ་དགེ་སྦྱོར་ཆག་བྱེད་ཀྱི་རྒྱུ་རྩ་བ་འདྲ་འདི་གང་ཡིན་ཟེར་ན།"
2360688,2363674,2986,"ནོར་མང་པོ་ཞིག་ཨེ་གསོག་བསམ་རྒྱུའི་གསོག་བྲུན་བྱས་ན་"
2363674,2366648,2974,"དེས་འཕེལ་གྱི་རེད་དུས། དེ་རྩད་ནས་སྤངས་ཏེ་དེ་ལྟར་བྱས་ན་"
2366648,2369392,2744,"དམ་པའི་ཆོས་སྒྲུབ་པ་རྣམ་པར་དག་པ་ཞིག་འཕེལ་བ་ཡིན།"
2369392,2374362,4970,"(237) ཆོས་ཉིད་དོན་དང་མཇལ་བའི་ཆོས་དྲུག་ནི། །ཅེར་མཐོང་ངོ་ཤེས་ཉམས་མྱོང་གཏིང་ནས་སད། །"
2374362,2378483,4121,"ཉམས་ཞེན་རང་ལོག་སྣང་བ་རྗེས་མེད་སངས། །འཇིག་རྟེན་རྟོག་བྲལ་ཡེ་ཤེས་ཟང་ཐལ་ཤར། །"
2378483,2380794,2311,"འདི་དྲུག་སུ་ལྡན་ཆོས་ཉིད་ཉམས་སུ་མྱོང༌། །"
2380794,2385002,4208,"ཞེས་པ་སྟེ། ཆོས་ཉིད་ཀྱི་དོན་དང་མཇལ་ན་མཇལ་བའི་དྲོད་རྟགས་དྲུག་ཡོད་དེ།"
2385002,2389160,4158,"གང་རེད་ཟེར་ན། རིག་པ་ཅེར་མཐོང་གི་ངོ་བོ་རང་བཞིན་ངོ་ཤེས་ན་"
2389160,2393786,4626,"ལྟ་བ་ངོ་འཕྲོད་པ་ཡིན། ངོ་ཤེས་འདི་ཉིད་ཉམས་མྱོང་གཏིང་ནས་སྐྱེ་འོང་ན་"
2393786,2397128,3342,"དེ་ཐེ་ཚོམ་དང་ཡིད་གཉིས་ཀྱི་སྒྲོག་ལས་བྲལ་བ་ཡིན།"
2397128,2402417,5289,"ཉམས་བཟང་ངན་ཅི་ཤར་ན་དེ་ལ་ཞེན་པ་མེད་པ་བྱས་ན་"
2402417,2405378,2961,"བར་ཆད་ཀྱི་བདུད་འདི་རང་བཞིན་གྱིས་གྲོལ་འགྲོ།"
2405378,2409182,3804,"དེ་ནས་འཇིག་རྟེན་གྱི་སྣང་བ་འདི་ཐམས་ཅད་བྱ་ལམ་རྗེས་མེད་ལྟ་བུ་"
2409182,2412169,2987,"བཟང་ངན་འཛིན་པ་མེད་པ་སངས་སོང་ན་གུ་ཡངས་བློ་བདེ།"
2412169,2415288,3119,"འཇིག་རྟེན་གྱི་ཆོས་བརྒྱད་སྒྲུབ་པའི་འཛིན་རྟོག་འདི་བྲལ་ན་"
2415288,2418491,3203,"ཡེ་ཤེས་ཟང་ཐལ་གྱིས་རང་གི་རྒྱུད་ལ་རང་ཤུགས་ཤར་བ་ཡིན།"
2418491,2421635,3144,"འདི་དྲུག་སུ་དང་ལྡན་ན་ཆོས་ཉིད་ཉམས་སུ་མྱོང༌།"
2421635,2430639,9004,"(238) འདུ་ཤེས་དྲུག་གི་གདམས་པ་བསྟན་པ་ནི། །དུས་གསུམ་ཐུན་ཕྱེ་མི་རྟག་འདུ་ཤེས་སྒོམས། །"
2430639,2434314,3675,"གཉེན་དང་མཛའ་བཤེས་འགྲོན་པོའི་འདུ་ཤེས་སྒོམས། །གར་འདུག་གནས་ལ་འགྲོན་ཁང་འདུ་ཤེས་སྒོམས། །"
2434314,2437833,3519,"ཟས་ནོར་ལོངས་སྤྱོད་རྩེད་མོའི་འདུ་ཤེས་སྒོམས། །བྱ་བ་གང་བྱེད་རྨི་ལམ་འདུ་ཤེས་སྒོམས། །"
2437833,2441603,3770,"ཉེ་རིང་གར་འགྲོ་འཆི་བའི་འདུ་ཤེས་སྒོམས། །དེ་དག་ལྡན་ན་འཁོར་བའི་གནས་ལས་ཐར། །"
2441603,2448492,6889,"ཞེས་པ་སྟེ། ཆོས་པ་རྣམས་ཀྱི་རྒྱུད་ལ་བསྟེན་རྒྱུའི་འདུ་ཤེས་དྲུག་ཡོད།"
2448492,2453954,5462,"གང་རེད་ཟེར་ན། དུས་གསུམ་དུ་ཐུན་དང་ཐུན་མཚམས་སུ་དབྱེ་བ་ཡོད་པ་བྱེད་པ་དང༌།"
2453954,2456452,2498,"ཐུན་ཐུན་མཚམས་དབྱེ་ན་དགེ་སྦྱོར་འཕེལ་ཆེ་བ་དང༌།"
2456452,2460734,4282,"དུས་རྟག་ཏུ་མི་རྟག་པའི་འདུ་ཤེས་འདི་ཡང་ནས་ཡང་དུ་བསྒོམ་ན་ཆོས་ལ་བརྟན་པ་འོང༌།"
2460734,2463982,3248,"གཉེན་དང་མཛའ་བཤེས་ཐམས་ཅད་ད་ལྟ་ལྷན་ཅིག་ཏུ་ཡོད་ན་"
2463982,2465976,1994,"ཡུན་རིང་པོ་འབྲལ་འགྲོ་རྒྱུ་རེད་དུས།"
2465976,2469804,3828,"འགྲོན་པོ་ལྟ་བུའི་འདུ་ཤེས་བྱེད་པ་མ་གཏོགས་ཚེ་གཅིག་ལ་"
2469804,2471531,1727,"མཉམ་འདུག་བྱེད་པའི་འདུ་ཤེས་སྤོངས།"
2471531,2474706,3175,"གར་འདུག་གི་གནས་ཐམས་ཅད་འདི་ཉིད་འགྲོན་ཁང་ཡིན་ན་"
2474706,2476681,1975,"འགྲོན་ཁང་འདི་ད་ལྟ་བེད་སྤྱད་ཤོག་མ་གཏོགས།"
2476681,2481189,4508,"ཡུན་རིང་པོ་འདི་འཛིན་སྐྱོང་བྱེད་རྒྱུ་མ་རེད་དུས་དེ་ལྟ་བུ་འདུ་ཤེས་སྒོམས།"
2481189,2484790,3601,"ཟས་དང་ནོར་དང་ལོངས་སྤྱོད་ཡོད་ནའང་བྱིས་པས་རྩེད་མོ་རྩེ་ན་"
2484790,2486428,1638,"དེ་ལ་གཏད་སོ་ཡོད་རྒྱུ་མ་རེད་དུས།"
2486428,2490914,4486,"དཔེ་དེ་ལྟ་བུ་ཟས་ནོར་ལ་བལྟས་ནས་མི་རྟག་སྒྱུ་མ་ལྟ་བུ་འདུ་ཤེས་སྒོམས།"
2490914,2494115,3201,"བྱ་བ་གང་བྱས་ན་རྨི་ལམ་དང་སྒྱུ་མ་ལྟ་བུའི་འདུ་ཤེས་མ་གཏོགས་"
2494115,2496717,2602,"གཅེས་འཛིན་བྱས་ནས་མ་འདུག །"
2496717,2500192,3475,"ཉེ་བ་དང་རིང་བ་གར་འགྲོ་ན་ཐག་རིང་ས་ཞིག་ལ་སོང་ན། ཉེ་ས་ཞིག་ལ་སོང་ན་འཆི་བའི་རྒྱུ་ལས་མ་འདས་པས་ན། དེ་ལྟ་བུའི་འདུ་ཤེས་སྒོམས་ཤིག་དང་འདུ་ཤེས་དྲུག་པོ་དེ་དག་དང་ལྡན་ན་ འཁོར་བ་སྡུག་བསྔལ་བའི་གནས་ལས་མྱུར་དུ་ཐར་བར་འགྱུར་རོ། །"
2500192,2504246,4054,"(239) གཅེས་པ་དྲུག་གི་གདམས་ངག་བསྟན་པ་ནི། །སེམས་ཉིད་དོན་མཐོང་རྟོགས་པའི་རང་ཉམས་གཅེས། །"
2517888,2523354,5466,"གོ་ཆ་ཐུབ་པའི་ཚུལ་ཁྲིམས་རྣམ་དག་གཅེས། །འཁྲུལ་བ་ཆོད་པའི་ཤེས་རབ་དྲི་མེད་གཅེས། །"
2523354,2526416,3062,"ཆེད་འཛིན་གྲོལ་བའི་སྤྱོད་པ་གཏད་མེད་གཅེས། །"
2526416,2530177,3761,"གསུངས། ད་གཅེས་པ་གདམས་ངག་དྲུག་གིས་བསྟན་པ་འདི།"
2530177,2540070,9893,"སེམས་ཉིད་ཀྱི་དོན་མཐོང་ནའང་སེམས་མཐོང་བ་ལ་མ་རྩ་སེམས་ངོ་འཕྲོད་པ་དང༌།"
2540070,2545908,5838,"རིག་པ་ངོ་འཕྲོད་པ། ངོ་འཕྲོད་པ་ལའང་གོ་མྱོང་རྟོགས་གསུམ་རིགས་མང་པོ་ཡོད་རེད་དུས།"
2545908,2550241,4333,"ད་དེ་ནང་ནས་རྟོགས་པས་ངོ་འཕྲོད་པ་འདི་གལ་ཆེ་གསུངས་ཡིན་ས་རེད༌།"
2550241,2554688,4447,"གདམས་ངག་མཚང་ཤེས་གོ་བའི་ཤེས་རབ་གཅེས། །གསུངས་དུས་"
2554688,2557088,2400,"གདམས་ངག་གི་ནང་ནས་ཀྱང་རང་གི་མཚང་ལ་གང་འདི་"
2557088,2559223,2135,"འཕོག་ཆེ་བའི་གདམས་ངག་འདི་ཉམས་སུ་ལེན་ན་"
2559223,2563439,4216,"རང་གི་མཚང་ངམ་སྐྱོན་འདི་ཕར་མེད་པ་བྱས་དེ་འདྲ་བ་མ་གཏོགས།"
2563439,2565023,1584,"དཔེ་བཤད་ཤ་སྟག་བཤད་བསྡད་ན་"
2565023,2567292,2269,"ཕན་པ་མེད་དུས་དེ་གཅེས་གསུངས་ཡིན་ས་རེད།"
2567292,2570363,3071,"ལྟ་སྒོམ་སྤྱོད་གསུམ་གྱི་ལྟ་བའི་གནད་ཐམས་ཅད་"
2570363,2572934,2571,"ཁྲོལ་བར་བྱེད་པ་དེ་ལ་གྲུབ་མཐའ་གོང་མ་འོག་མ་"
2572934,2576029,3095,"ཐམས་ཅད་ཀྱི་ལྟ་བ་འདི་ཡང་དག་པ་ཤེས་ན།"
2576029,2578006,1977,"དཔེར་ན་ཉན་ཐོས་ལྟ་བུའི་ལྟ་བ་ཡིན་ན་"
2578006,2580304,2298,"རང་དོན་ཡིད་བྱེད་ཀྱི་ཞེན་པ་ཞིག་ཡོད་རེད།"
2580304,2585949,5645,"འཇིག་རྟེན་གྱི་ལྟ་བ་ཡིན་ན་ཆོས་བརྒྱད་ཀྱི་ཞེན་པ་ཞིག་ཡོད་རེད།"
2585949,2587607,1658,"བྱང་ཆུབ་སེམས་དཔའི་ལྟ་བ་ཡིན་ན་"
2587607,2591650,4043,"བདག་གཅེས་འཛིན་གྱི་དགྲ་བོ་དེ་ཤན་མ་ཞུགས་པ་དང༌།"
2591650,2595925,4275,"དེ་ནས་དབུ་མ་ཡིན་ནའང་རང་རྒྱུད་ཐལ་འགྱུར་མང་པོ་ཞིག་བཤད་བསྡད་དུས།"
2595925,2598920,2995,"དེ་ལ་སྐྱོན་འདི་གང་འདྲའི་རེད། ཡོན་ཏན་འདི་གང་འདྲའི་རེད།"
2598920,2601401,2481,"དེ་ནས་མ་ཧཱ། ཨ་ནུ། ཨ་ཏིའི་ནང་ལ་དེ་བཤད་འོང་དུས་"
2601401,2603303,1902,"ལྟ་བའི་སྐྱོན་ཐམས་ཅད་འདི་ཕར་བསལ།"
2603303,2605102,1799,"ཡོན་ཏན་ཐམས་ཅད་དང་ལེན་བྱས་ན།"
2605102,2609771,4669,"སྔ་མ་དཔེར་ན་མི་ཕམ་རིན་པོ་ཆེ་དང་ཀུན་མཁྱེན་ཀློང་ཆེན་རབ་འབྱམས་ཀྱིས་"
2609771,2611623,1852,"ལྟ་བ་གྲུབ་མཐའ་ལ་དགག་པ་ཡོད་རྒྱུ་དེ།"
2611623,2617495,5872,"གྲུབ་མཐའ་སོ་སོའི་ལྟ་བ་ལ་སངས་རྒྱས་ཀྱི་དགོངས་པ་དང་མི་མཐུན་པའི་སྐྱོན་འདི་ཕར་བསལ།"
2617495,2620100,2605,"ཡོན་ཏན་ཡོད་པ་འདི་ཡ་བསྔགས་བརྗོད་བྱེད་འོང་དུས།"
2620100,2624384,4284,"དཔེར་ན་གསེར་འདི་ག་ཚོད་བརྡུང་ཐུབ་ན་ཡག་ཏུ་འགྲོ་བ་ལྟར་དུ་དེ་འདྲ་ཡིན།"
2624384,2629014,4630,"དེང་སང་གི་རྩོད་པ་འདི་ནི་རང་གི་ཆོས་ལུགས་ལེགས་པ་ཡིན།"
2629014,2631903,2889,"གཞན་གྱི་ཆོས་ལུགས་ལ་སྡང་བ་བྱས་ནས་སྡེར་མོས་འཁྲུག་འཛིང་བྱས་པ་ལྟར་"
2631903,2633678,1775,"དེས་གཅེས་གནད་ཁྲོལ་གྱི་མ་རེད།"
2633678,2636224,2546,"གོ་ཆ་ཐུབ་པའི་ཚུལ་ཁྲིམས་རྣམ་དག་གཅེས། །གསུངས་དུས།"
2636224,2639541,3317,"ཚུལ་ཁྲིམས་རྣམ་པར་དག་པ་དེའང་ངོ་ལྐོག་མེད་པ་ཞིག་དགོས་ཀྱི་རེད་མ་གཏོགས།"
2639541,2643103,3562,"མིས་མཐོང་ས་རེད། དགེ་འདུན་གྱི་སྒྲིག་ལམ་ཡོད་ས་ཡག་པོ་འདྲ་བྱས།"
2643103,2645051,1948,"ལྐོག་ནས་ཉོན་མོངས་པ་རང་དགར་བྱེད་བསྡད་ན་"
2645051,2646517,1466,"ཚུལ་ཁྲིམས་རྣམ་དག་མེད་གསུངས།"
2646517,2649825,3308,"དེ་ནས་འཁྲུལ་པའི་ཞེན་པ་དེ་དག་ཆོད་པ་འདི་ལ་"
2649825,2653496,3671,"ཐོས་བསམ་སྒོམ་གསུམ་གྱི་ཤེས་རབ་དྲི་མ་མེད་པ་ཞིག་རྒྱུད་ལ་ཡོད་ན།"
2653496,2655697,2201,"དེ་ནས་འཁྲུལ་པ་རྩད་ནས་ཆོད་ཐུབ་རྒྱུ་མ་གཏོགས།"
2655697,2657653,1956,"དེ་མེད་ན་ངས་ལྟ་བ་རྟོགས་བསྡད་ཡོད།"
2657653,2658744,1091,"ཉམས་ལེན་བྱས་བཞག་ཡོད།"
2658744,2661509,2765,"གསང་སྔགས་ཡིན་བསམ་ཞེན་པ་ཆེན་པོ་བྱས་ནའང་"
2661509,2662980,1471,"ཕན་མི་ཐོགས་ལེ་ཡིན་ས་རེད།"
2662980,2665392,2412,"ཆེད་འཛིན་གྲོལ་བའི་སྤྱོད་པ་གཏད་མེད་གཅེས། །ཟེར་ནས་"
2665392,2667683,2291,"སྤྱོད་པ་གཏད་མེད་རང་གྲོལ་ཟེར་མཁན་འདི།"
2667683,2670847,3164,"རང་གི་རྒྱུད་ཚོད་ལ་དཔག་སྟེ་ལྟ་སྒོམ་སྤྱོད་པ་ལ་"
2670847,2673677,2830,"བོགས་ག་ཚོད་ཐོན་པའི་སྤྱོད་པ་འདི་དང་ལེན་བྱས་ན་"
2673677,2678111,4434,"ཡག་པོ་ཡིན་ས་རེད་མ་གཏོགས། དེ་མིན་མི་ཕན་ལེ་ཡིན་ས་རེད༌།"