0,3110,3110,"(187) ཆོས་ལ་འདྲེད་པའི་རྒྱུ་དྲུག་བསྟན་པ་ནི། །གྲོགས་ངན་བསྟེན་ན་དགེ་སྦྱོར་འདྲེད་པའི་རྒྱུ། །"
3110,8128,5018,"བླ་མའི་སྐྱོན་རྟོག་མོས་གུས་འདྲེད་པའི་རྒྱུ། །རྩོལ་བས་མི་སྒོམ་ཉམས་མྱོང་འདྲེད་པའི་རྒྱུ། །"
8128,12394,4266,"ཡེང་བའི་ལམ་སྡོད་དམ་ཆོས་འདྲེད་པའི་རྒྱུ། །གཞན་གྱི་སྐྱོན་རྟོག་དག་སྣང་འདྲེད་པའི་རྒྱུ། །"
12394,16283,3889,"ལང་ཅན་རིག་པ་འཁྲུལ་པར་འདྲེད་པའི་རྒྱུ། །རྒྱུ་དྲུག་སྤངས་ལ་དམ་ཆོས་བསྒྲུབ་པར་བྱ། །"
16283,19544,3261,"ཞེས་པ་སྟེ། ཆོས་ལ་འདྲེད་ཟེར་དུས་དང་པོ་ཆོས་ཐོས།"
19544,26784,7240,"ཐོས་པ་ལ་ཆོས་མང་པོ་ཐོས་སོང་ན་ཡ་མཚན་དང་ངེས་ཤེས་གང་ཡང་མི་སྐྱེ་བ་ཆོས་འདྲེད་དུ་འགྲོ་བའི་རྒྱུ་དྲུག་ཡོད།"
26789,31339,4550,"གང་ཡིན་ཟེར་ན། སྡིག་པའི་གྲོགས་པོ་དེ་བསྟེན་ན་དགེ་སྦྱོར་རང་གི་རྒྱུད་ལ་བརྩོན་འགྲུས་ཀྱིས་"
31339,37019,5680,"ཡང་དག་པ་མི་བྱེད་པ་རང་བཞིན་དགེ་སྦྱོར་དེ་ཕ་འདྲེད་བརྡབ་ཤོར་འགྲོ་ལེ་ཡིན།"
37019,40581,3562,"བླ་མའི་ཡོན་ཏན་ལ་མི་རྟོག་བླ་མའི་སྐྱོན་ལ་རྟོག་བསྡད་ན་"
40581,44171,3590,"མོས་གུས་ཇེ་ཆུང་དུ་འགྲོ་བ་ཡིན་པས་མོས་གུས་འདྲེད་པས་འགྲོ་བ་ཡིན།"
44171,48271,4100,"ཉམས་ལེན་གྱིས་ཉིན་མི་དལ་མཚན་མི་ཉལ་པས་བརྩོན་འགྲུས་ཡང་དག་པ་མ་བྱས་ན་"
48271,53500,5229,"ཉམས་མྱོང་ཞིག་ཡོད་ནའང་གློ་བུར་དུ་ཡལ་འགྲོ་བ་མ་གཏོགས་ཕན་པ་མི་ཐོགས་པ་ཡིན།"
53500,59150,5650,"དེ་ནས་དུས་རྟག་ཏུ་སེམས་ཡེང་བྱེད་ཀྱི་ལམ་ལ་བསྡད་ན་དམ་པའི་ཆོས་ཐོས་བསམ་སྒོམ་གསུམ་གང་བྱས་ན་"
59150,63200,4050,"འགྲིབ་འགྲོ་བ་མ་གཏོགས་ཡར་རྒྱས་འགྲོ་རྒྱུ་མེད་པས་ན་དམ་ཆོས་འདྲེད་པའི་རྒྱུ་ཡིན།"
63200,68760,5560,"གཞན་ཐམས་ཅད་ལ་དག་སྣང་མི་སྦྱོང་བ་ཕ་རོལ་པོ་འདི་ལ་སྐྱོན་འདི་འདུག་དེ་སོགས་མང་པོ་བསམ་བསྡད་ན་"
68760,73278,4518,"རང་གི་དག་སྣང་འདི་མ་ཆུང་དུ་འགྲོ་བའི་རྒྱུ་ཡིན།"
73278,81468,8190,"ལོང་མེད་ཀྱི་བྱ་བ་རྒྱུད་ལ་མི་སྐྱེས་པ་ཚེ་རིང་པོ་བསྡད་པའི་སྣང་བ་ཤར་ཏེ་ལས་ཀ་མང་པོ་བྱས་ན་"
81468,84518,3050,"དེ་ལ་ལང་ཤོར་དུ་སོང་ནས་རིག་པ་ཁམས་གསུམ་འཁོར་བ་འཁྲུལ་པ་ལ་འཁྱམ་འགྲོ་བའི་རྒྱུ་ཡིན་པས།"
84518,87970,3452,"རྒྱུ་དྲུག་སྤངས་ནས་དམ་པའི་ཆོས་རྣམ་པར་དག་པ་བསྒྲུབ་པར་བྱ།"
87970,91728,3758,"(188) དགྲ་དྲུག་སྤང་བར་གདམས་པའི་ཆོས་དྲུག་ནི། །དལ་འབྱོར་མི་ལུས་ལྟོ་རྒྱབ་དགྲར་མ་བསྐུར། །"
91728,95728,4000,"གཞན་དོན་སེམས་བསྐྱེད་ཐེག་དམན་དགྲར་མ་བསྐུར། །སེམས་ཉིད་ནོར་བུ་འཁྲུལ་པའི་དགྲར་མ་བསྐུར། །"
95728,99228,3500,"ཚོགས་གཉིས་ཡིད་བཞིན་ཚེ་འདིའི་དགྲར་མ་བསྐུར། །སྙིང་པོའི་སྒྲུབ་པ་ལེ་ལོའི་དགྲར་མ་བསྐུར། །"
99228,101028,1800,"མོས་གུས་གདུང་སེམས་ལོག་ལྟའི་དགྲར་མ་བསྐུར། །"
101028,107628,6600,"ཞེས་པ་སྟེ། དམ་པའི་ཆོས་ཀྱི་དགྲ་རུ་དགྲ་བོ་དྲུག་ཡོད་དེ་སྤང་ན་"
107628,109458,1830,"ཆོས་རྣམ་པར་དག་པ་བསྒྲུབ་རྒྱུ་རེད།"
109458,115079,5621,"དེའི་ཕྱིར་ན་དལ་འབྱོར་གྱི་མི་ལུས་ཐོབ་པ་འདི་ལྟོ་རྒྱབ་གཉིས་ཀྱི་དོན་དག་ལ་སྟོང་ཟད་དུ་ཟད་པར་བྱས་ན་"
115079,119549,4470,"ལྟོ་རྒྱབ་ཀྱི་དགྲ་ཡིས་དལ་འབྱོར་གྱི་མི་ལུས་འདི་འཕྲོ་བརླག་གཏོང་རྒྱུ་ཡིན་པས་དེ་མ་བྱེད།"
119549,126189,6640,"གཞན་དོན་གྱི་སེམས་བསྐྱེད་འདི་བློས་བཏང་བཞག་ནས་རང་དོན་ཁོ་ན་གཞོལ་ན་"
126189,130189,4000,"ཐེག་པ་དམན་པ་ཉན་ཐོས་ཀྱི་ལམ་ལ་གཞོལ་འགྲོ་བ་ཡིན་པས་དེ་ཡི་དགྲ་འོག་ཏུ་མི་བསྐུར།"
130189,134725,4536,"སེམས་ཉིད་ཀྱི་ཡིད་བཞིན་ནོར་བུ་རིན་པོ་ཆེ་ལ་ཉམས་ལེན་རྩེ་གཅིག་ཏུ་མ་བྱེད་པར་"
134725,138405,3680,"འཁྲུལ་སྣང་གི་དགྲ་ལ་དབང་དུ་ཤོར་ན་ཆོས་ཉིད་ཀྱི་དོན་རྟོགས་དུས་མེད་པས་"
138405,141525,3120,"དེའི་དབང་དུ་མ་བསྐུར། བསོད་ནམས་དང་ཡེ་ཤེས་ཀྱི་ཚོགས་གཉིས་བསག་ན་"
141525,144275,2750,"ནོར་བུ་རིན་པོ་ཆེ་ལག་ཏུ་ཐོབ་པ་ཞིག་ཡིན།"
144275,147065,2790,"དེ་ཚོགས་གཉིས་མི་བསགས་པ་འཇིག་རྟེན་ཚེ་འདིའི་བྱ་བ་"
147065,149585,2520,"འཇིག་རྟེན་ཆོས་བརྒྱད་འདྲ་བའི་དགྲ་རུ་མི་བསྐུར།"
149585,155595,6010,"སྙིང་པོའི་སྒྲུབ་པ་རྩེ་གཅིག་ཏུ་མི་བྱེད་པར་རང་བཞིན་སྐྱིད་འདོད་དང་"
155595,159960,4365,"ཚུལ་འཆོས་ལེ་ལོའི་དབང་དུ་བྱས་ན་དེའི་དགྲ་རུ་མི་བསྐུར།"
159960,163590,3630,"མོས་གུས་དང་གདུང་སེམས་རང་གི་རྒྱུད་ལ་ཡང་ནས་ཡང་དུ་སྐྱེས་པ་མ་གཏོགས།"
163590,165720,2130,"བླ་མ་དང་མཆེད་གྲོགས་ཀྱི་སྐྱོན་ལ་རྟོག་པ་དང་"
165720,170340,4620,"སྐུར་བ་འདེབས་པ་ལོག་ལྟའི་དགྲར་མ་བསྐུར།"
173595,177185,3590,"(189) འདོད་ཡོན་རང་གར་སྤྱོད་པའི་ཉེས་དྲུག་ནི། །གཟུགས་ཀྱིས་མིག་བསླུས་ཕྱེ་ལེབ་མར་མེ་བཞིན། །"
177185,181435,4250,"སྒྲ་ཡིས་རྣ་བ་གླིང་བུ་རི་དྭགས་བཞིན། །དྲི་ཡིས་སྣ་བསླུས་བུང་བ་ཙནྡན་བཞིན། །"
181435,185405,3970,"རོ་ཡིས་ལྕེ་བསླུས་ཉ་མོ་ལྕགས་ཀྱུ་བཞིན། །རེག་གིས་ལུས་བསླུས་གླང་ཆེན་འདམ་ཚུད་བཞིན། །"
185405,190980,5575,"ཆོས་ཀྱིས་ཡིད་བསླུས་རྔ་མོ་བུ་ཤི་བཞིན། །ཚོགས་དྲུག་ཡུལ་ལ་རང་གར་མ་སོང་འཚལ། །"
190980,197472,6492,"གསུངས་དུས། འདོད་པའི་ཡོན་ཏན་ལྔ་ལ་ཐབས་ཀྱིས་མ་ཟིན་པར་རང་གར་སྤྱོད་ན་ཉེས་པ་དྲུག་ཡོད་དེ།"
197472,201512,4040,"དཔེར་ན་ཕྱེ་མ་ལེབ་མར་མེ་འདི་ཉིད་གཟུགས་མཛེས་པ་འདུག་བསམ་སྟེ་"
201512,206022,4510,"དེའི་དྲུང་དུ་འགྲོ་དུས་རང་ཉིད་མེས་འཚིག་སྟེ་ཤི་འགྲོ་ཡི་རེད་དུས་གཟུགས་ལ་"
206022,208134,2112,"ཆགས་པ་སྐྱེ་བསྡད་ན་དེ་ལྟ་བུ་ཡིན།"
208134,213734,5600,"སྒྲ་སྙན་པོ་ཤ་སྟག་ལ་དགའ་ན་རི་དྭགས་དེ་སྒྲ་སྙན་པོ་དགའི་རེད་དུས་གླིང་བུའི་སྒྲ་ལ་ཉན་བསྡད་དུས་"
213734,217174,3440,"ཟུར་ནས་རྔོན་པས་དུག་མདའ་ཡིས་བསད་ཆོག་རྒྱུ་རེད།"
235766,238376,2610,"སྒྲ་སྙན་པོ་ལ་ཞེན་ཆགས་མེད་པ་བྱེད་དགོས།"
238376,245706,7330,"དྲི་ཞིམ་པོ་ཤ་སྟག་སྣ་ལ་ཚོར་བ་ལ་དགའ་ན་བུང་བ་འདི་ཉིད་ཙན་དན་གྱི་ནགས་ཚལ་འགྲོ་དུས་"
245706,248666,2960,"ཙན་དན་གྱི་དྲི་ལ་སྣོམ་འགྲོ་དུས་ཙན་དན་གྱི་ཚེར་མ་ལ་ཟུག་སྟེ་"
248666,251186,2520,"ཤི་འགྲོ་རྒྱུ་དེ་ལྟ་བུ་ཤེས་དགོས་པ་ཡིན།"
251186,258136,6950,"རོ་ཞིམ་པོ་ཁོ་ན་ལ་དགའ་ན་ཉ་མོ་ལྕགས་ཀྱུའི་རྩེ་ལ་ཁ་ཟས་བཞག་དུས་དེ་ཟ་བ་ལ་བརྟེན་ཏེ་"
258136,262136,4000,"རང་ཉིད་སྐམ་སར་བཏོན་ནས་ཤི་འགྲོ་རྒྱུ་རེད་དུས་དེ་ལྕགས་ཀྱུ་ལྟ་བུ་ཡིན།"
262136,267876,5740,"རེག་བྱ་དཔེར་ན་རྒྱ་གར་ཚ་བ་ཆེ་བ་གླང་པོ་ཆེ་ཚད་པས་འཚིག་དུས་འདམ་གྱི་ནང་དུ་"
267876,273376,5500,"བསིལ་པོ་ཡོད་དེ་འཛུལ་སོང་ན་འདམ་གྱི་ནང་ནས་ཡར་མི་ཐར་ཤི་འགྲོ་བ་དེ་ལྟ་བུ་འགྲོ་བ་ཡིན།"
273376,277954,4578,"ཆོས་ཀྱིས་ཡིད་བསླུས་སོང་ན་བསམ་བློ་མང་པོ་བཏང་མ་འོངས་པའི་བྱ་བ་དང་"
277954,280374,2420,"འདུན་མ་མང་པོ་བྱེད་བསྡད་ན་དེ་བསྒྲུབ་རྒྱུ་མེད་པ།"
280374,283660,3286,"དཔེར་ན་རྔ་མོང་དེ་ཉིད་ཀྱིས་རང་གི་བུ་ཤི་སོང་ན་"
283660,287840,4180,"སེམས་ཅན་གཞན་གྱི་བུ་ཤི་བ་ལས་ཀྱང་མྱ་ངན་ཆེ་བ་འགྱུར།"
287840,290330,2490,"རང་གི་སྲོག་རང་གིས་མེད་པ་བྱེད་རྒྱུ་རེད་དེ།"
290330,294750,4420,"དཔེ་དེ་ལྟ་བུ་ཡིན་པས་ཚོགས་དྲུག་གི་ཡུལ་ལ་ཞེན་ཆགས་སྒོ་ནས་"
294750,296650,1900,"རང་གར་མ་སོང་བ་གཅེས་པ་ཡིན།"
296650,300290,3640,"(190) འགལ་བ་ལམ་དུ་སློང་བའི་ཆོས་དྲུག་ནི། །ཚེ་འདིའི་བློ་སྐྱེས་ཞེན་པ་ནང་ནས་ལོག །"
300290,304400,4110,"ནད་གདོན་ཅི་བྱུང་སྡིག་སྒྲིབ་ཕྱགས་མར་ལྟོས། །རྐྱེན་ངན་བར་ཆད་དགེ་བའི་བསྐུལ་མར་ལྟོས། །"
304400,308920,4520,"དགྲ་སྡང་གནོད་འཚེ་བཟོད་པའི་བསྐུལ་མར་ལྟོས། །རྣམ་རྟོག་གང་ཤར་ཡེ་ཤེས་གསལ་འདེབས་ལྟོས། །"
308920,315030,6110,"སྣོད་བཅུད་སྣང་བ་རྒྱལ་བའི་ཞིང་དུ་ལྟོས། །རྐྱེན་རྣམས་བྱང་ཆུབ་ལམ་དུ་འགྲོ་བ་ཡིན། །"
315030,320673,5643,"ཞེས་པ་སྟེ། སྤྱིར་དཔེར་ན་ཆོས་པ་གཞན་ལ་འགལ་རྐྱེན་ལྟ་བུ་"
320673,324713,4040,"ཡོད་པ་དེ་རང་གིས་ལམ་དུ་འཁྱེར་ཤེས་ན་མཐུན་རྐྱེན་དུ་འགྲོ་བའི་ཆོས་དྲུག་ཡོད།"
324713,332086,7373,"གང་ཡིན་ཟེར་ན། འཇིག་རྟེན་ཚེ་འདིའི་ཚོང་ཁེ་སྤོགས་སྙན་གྲགས་ལ་སོགས་པ་"
332086,335096,3010,"བསྒྲུབ་དགོས་བསམ་པའི་བློ་སྐྱེས་འོང་ན་ནམ་འཆི་ཆ་མེད་དང༌།"
335096,337764,2668,"ཚེ་འདིའི་བྱ་བ་མི་གྲུབ་པ་བསགས་པའི་ཐ་མ་འཛད།"
337764,340284,2520,"འདུས་པའི་ཐ་མ་བྲལ་བ་ལ་སོགས་པའི་ཚུལ་བསམ།"
340284,344660,4376,"འདི་ལ་མི་མོས་པ་ཞེན་པ་ནང་ནས་ལོག་འོང་བ་ཡིན་པས་དེ་དགོས་པ་ཡིན།"
344660,348310,3650,"ནད་གདོན་ཅི་བྱུང་ན་ནད་གདོན་འདི་ཉིད་མི་བཟོད་པའི་བློ་མི་སྐྱེ་བ་"
348310,352310,4000,"ཁམས་གསུམ་སེམས་ཅན་ཐམས་ཅད་ཀྱི་ནད་གདོན་སྡིག་སྒྲིབ་ཐམས་ཅད་རང་གི་སྟེང་དུ་བླང༌།"
352310,356310,4000,"དེ་བྱུང་བའི་གོ་ཆོད་པ་བྱས་ན་དེས་སྡིག་པ་སྒྲིབ་པའང་དག་"
356310,360504,4194,"ཉམས་ལེན་གྱི་གསལ་འདེབས་འོང་རྒྱུ་དང༌། དགྲ་ཡིས་སྡང་སེམས་ལྟ་བུ་དང༌།"
360504,363706,3202,"དཔོན་པོའི་ཁྲིམས་ཐུག་པ་ལྟ་བུ་རྐྱེན་ངན་པའི་བར་ཆད་འབྱུང་ན་"
363706,366601,2895,"དམ་པའི་ཆོས་སྒྲུབ་པའི་དགེ་བའི་བསྐུལ་མ་རུ་འགྱུར་ཏེ།"
366601,370236,3635,"ངེས་འབྱུང་དང་སྐྱོ་ཤས་སྐྱེས། ཚེ་འདིར་འདུན་པ་མེད་པར་འགྱུར་བ་ཡིན།"
370236,375165,4929,"ཕ་རོལ་དགྲ་སྡང་བས་རང་ལ་གནོད་ཚེ་བྱས་ན་དེ་ལ་བརྟེན་ཏེ་བཟོད་པ་བསྒོམ་ན་"
375165,377941,2776,"ཚོགས་ཆེན་མོ་རྫོགས་འགྲོ་རེད་བཟོད་པའི་བསྐུལ་མ་ལྟོས།"
377941,383011,5070,"རྣམ་རྟོག་གང་ཤར་བ་དེ་ཉིད་རང་གྲོལ་དུ་འགྲོ་ཐུབ་ན་རྣམ་རྟོག་ཇི་ཙམ་ཤར་ནའང་"
383011,386605,3594,"ཡེ་ཤེས་ཀྱི་གསལ་འདེབས་འགྲོ་བ་ཡིན་པས་དེ་ལྟ་བུ་ཡིན།"
386605,391224,4619,"སྣོད་བཅུད་ཀྱི་ཞིང་ཁམས་ཐམས་ཅད་རྒྱལ་བའི་ཞིང་ཁམས་དག་པ་ཟངས་མདོག་དཔལ་གྱི་རི་བོ་དང༌།"
391224,395298,4074,"བདེ་བ་ཅན་ལྟ་བུ་ལ་བལྟས་བསྡད་ན་དག་པའི་སྣང་བ་རང་ཤུགས་ཀྱིས་ཤར།"
395298,399175,3877,"རྐྱེན་ངན་པ་ཐམས་ཅད་བྱང་ཆུབ་ལམ་དུ་འགྲོ་བའི་གདམས་ངག་རྣམ་པ་དྲུག་ཡིན།"
399175,403183,4008,"(191) དེ་ལྟར་མ་ཤེས་མ་གོ་རྣམ་དྲུག་ནི། །སྐྱོན་ཡོན་གཉིས་ལ་བླང་དོར་བྱེད་པ་དང༌། །"
403183,407051,3868,"འགྲོ་དྲུག་ཞིང་ལ་མཐོ་དམན་བྱེད་པ་དང༌། །རིག་པའི་དངོས་ལ་སྐྱེ་འགག་འཛིན་པ་དང༌། །"
407051,411491,4440,"ཟང་ཀའི་ཤེས་པ་སྤང་གཉེན་བྱེད་པ་དང༌། །རིག་པའི་དོན་ལ་སྦྱང་བགྲོད་འདོད་པ་དང༌། །"
411491,416210,4719,"འབྲས་བུ་ལོགས་ནས་བསྒྲུབ་བྱར་འདོད་པ་དང༌། །མཐོན་པོའི་དོན་གྱི་རང་བཞིན་མ་གོ་བས། །"
416210,418337,2127,"བློ་དམན་བྱིས་པ་གྲོང་པའི་ཆོས་ལ་སྦྱོར། །"
418337,424873,6536,"གསུངས་ནས་བཟུང་སྟེ། གོང་དུ་བཤད་པའི་སྐྱོན་དྲུག་པོ་དེ་ལམ་དུ་མ་ཤེས་ན་"
424873,431691,6818,"སྐྱོན་དུ་འགྱུར་བ་ཡིན་པས་རང་གི་སྐྱོན་ཡོད་ཚད་ལམ་དུ་འཁྱེར་མ་ཤེས་པ་བྱས་པ་དང༌།"
431691,436326,4635,"ཡོན་ཏན་ཡོད་ཚད་ཅི་ནུས་སུ་བྱས་ཏེ་སྐྱོན་ཡོན་གོ་སོང་ན་"
436326,438239,1913,"དེ་བླང་དོར་གྱི་གནས་སུ་འགྲོ་བ་ཡིན།"
438239,442746,4507,"འགྲོ་དྲུག་གི་ཞིང་ཁམས་ནང་ནས་མཐོ་རིས་ལྟ་བུ་ཡིན་ན་ལྷ་དང་མི་ལ་སོགས་པའི་"
442746,446097,3351,"བདེ་སྐྱིད་ལོངས་སྤྱོད་ཡག་པོ་རེད་སོང་ནས་དེ་ལ་ཞེན་ཆགས་སྐྱེས་ནས་མཐོ་དམན་བྱེད་སོང་ན་"
446097,448187,2090,"འཁོར་བ་ནས་ཡར་མི་ཐར་བ་ཡིན།"
448187,451350,3163,"རིག་པའི་དངོས་པོ་ལ་སྐྱེ་འགག་གནས་གསུམ་དང་བྲལ་བ་ཞིག་ཡིན་ནའང་"
451350,454613,3263,"སྐྱེ་བ་དང་འགག་པ་འཛིན་ན་ལྟ་བ་ལོག་པར་འགྱུར་བ་ཡིན།"
454613,458752,4139,"མ་བཅོས་ཟང་ཀའི་ཤེས་པ་ནི་སྤང་གཉེན་གང་ཡང་མེད་པའི་ངང་ལ་སྐྱོང་ན་"
458752,460354,1602,"ཉམས་ལེན་གྱི་བོགས་འདོན་གྱི་རེད་དེ།"
460354,467498,7144,"དེ་ལྟ་བུ་མ་བྱས་པ་བཅོས་འགྱུར་མང་པོ་བྱས་ན་བློ་བྱས་ཀྱི་ལྟ་བ་ལ་ཞུགས་པ་ཡིན།"
467498,471384,3886,"རིག་པའི་དོན་ཚུལ་བཞིན་དུ་རྟོགས་སོང་ན་སྒྲིབ་པ་སྦྱང་རྒྱུ་དང་"
471384,473204,1820,"ལམ་བགྲོད་རྒྱུ་མེད་པའི་དོན་མི་རྟོགས་པ་ད་རུང༌།"
473204,476157,2953,"མ་འོངས་པ་འབྲས་བུ་འཐོབ་རྒྱུའི་རེ་དོགས་མང་པོ་ཡོད་ན་"
476159,479595,3436,"ཉམས་རྟོགས་ཀྱི་གེགས་སུ་འགྱུར་བ་ཡིན། འབྲས་བུ་སངས་རྒྱས་གོ་འཕང་"
479595,481675,2080,"རང་སེམས་བདེ་གཤེགས་སྙིང་པོ་ལ་ཡོད་པ་འདི་"
481675,486100,4425,"མི་ཤེས་པ་ལོགས་ཤིག་ནས་བསྒྲུབ་བྱ་དེ་ཉིད་འདོད་པ་དེ་འཁྲུལ་པ་ཡིན།"
486100,493177,7077,"ལྟ་དགོངས་མཐོན་པོ་རྫོགས་པ་ཆེན་པོ་ལ་སོགས་པའི་དོན་ཚུལ་བཞིན་དུ་མ་ཤེས་པ་"
493177,499752,6575,"རང་བཞིན་གྱི་ངོས་ནས་བློ་དམན་པའི་བྱིས་པ་ཐམས་ཅད་ཀྱིས་འཇིག་རྟེན་ཆོས་བརྒྱད་ཀྱི་བྱ་བ་སྒྲུབ་བསྡད་ན་"
499752,502018,2266,"གྲོང་པའི་ཆོས་ལ་སྦྱོར་ཏེ་འཁྲུལ་འགྲོ་བ་ཡིན།"
502018,505830,3812,"(192) ཆོས་སྒྲུབ་རྣམས་ལ་ངོ་ཚ་རྣམ་དྲུག་ནི། །བསྟན་པའི་སྒོར་ཞུགས་སྡིག་སྤྱོད་ངོ་རེ་ཚ། །"
505830,509553,3723,"ཐ་སྙད་ཚིག་ཞེན་མི་སྒྲུབ་ངོ་རེ་ཚ། །སེམས་བསྐྱེད་ཁས་བླངས་བདག་འཛིན་ངོ་རེ་ཚ། །"
509553,514072,4519,"ཆོས་དང་འཇིག་རྟེན་བསྲེ་བ་ངོ་རེ་ཚ། །ཆགས་སྡང་འཐབ་རྩོད་བྱེད་པ་ངོ་རེ་ཚ། །"
514072,517986,3914,"ཆོས་དང་གང་ཟག་གཤེ་བ་ངོ་རེ་ཚ། །ངོ་ཚ་ཚུལ་བཞིན་སྤོང་བ་ཤིན་ཏུ་དཀོན། །"
517986,525500,7514,"ཞེས་པ་སྟེ། དམ་པའི་ཆོས་སྒྲུབ་པའི་གང་ཟག་དེས་ཆོས་ཆོས་བཞིན་དུ་མ་སོང་ན་"
525500,530051,4551,"སངས་རྒྱས་དང་བྱང་ཆུབ་སེམས་དཔས་ཐུགས་ཁྲེལ་འགྲོ་དུས་ངོ་ཚ་བའི་གནས་རྣམ་པ་དྲུག་ཡོད།"
530051,534261,4210,"གང་རེད་ཟེར་ན། སོ་བྱང་སྔགས་གསུམ་གྱི་བསྟན་པའི་སྒོར་ཞུགས་ཏེ་སྡིག་པ་བྱས་ན་"
534261,536301,2040,"སངས་རྒྱས་ཀྱི་བསྟན་པའི་རྐང་འདྲེན།"
536301,540375,4074,"ལྷ་དང་མཁའ་འགྲོས་ཐུགས་ཁྲེལ་འགྲོ་བ་ཡིན་པས་སྡིག་པ་སྤྱོད་པ་ངོ་རེ་ཚ་བ་ཡིན།"
540375,544085,3710,"སྙིང་པོའི་དོན་རྩེ་གཅིག་ཏུ་མི་སྒྲུབ་པ་ཚིག་མཐའ་ཁོ་ན་ཞེན་ཏེ།"
544085,548712,4627,"ཐ་སྙད་ཚིག་ལ་ཞེན་ན་རང་དོན་སྙིང་པོ་སྒྲུབ་མི་ཤེས་པས་དེ་ངོ་ཚ་བ་ཡིན།"
548654,554071,5417,"བྱང་ཆུབ་མཆོག་ཏུ་སེམས་བསྐྱེད་པའི་སྡོམ་པ་ཁས་བླང་བཞིན་རང་དོན་ཁོ་ན་རྩེ་གཅིག་ཏུ་བྱས་ན་"
554071,557443,3372,"བདག་འཛིན་བློས་མ་བཏང་བ་ཡིན་པས་དེ་ངོ་ཚ་བ་ཡིན།"
557443,562822,5379,"ཆོས་དང་འཇིག་རྟེན་གཉིས་ལྷན་ཅིག་ཏུ་བསྲེ་ན་མེ་དང་ཆུ་གཉིས་ལྷན་ཅིག་ཏུ་བསྲེ་ན་"
562822,567378,4556,"གཅིག་མེད་པ་རེད་འགྲོ་རྒྱུ་མ་གཏོགས་སྡོད་ཀྱི་མ་རེད་དུས་དེ་ལྟ་བུ་ངོ་ཚ་བ་ཡིན།"
567378,572550,5172,"དུས་རྟག་ཏུ་ཆགས་སྡང་གི་སྒོ་ནས་འཐབ་རྩོད་བྱེད་པ་འདི་ཆོས་པ་གཅིག་དེ་ངོ་ཚ་བ་ཡིན།"
572550,575902,3352,"དེ་ནས་ཆོས་སྒྲུབ་པའི་གང་ཟག་ཡིན་ན་འདྲ།"
575902,581749,5847,"དམ་པའི་ཆོས་བྱེད་པ་དེ་ལ་སྐྱོན་མང་པོ་བརྗོད་ན་དེ་གཤེ་སྐུར་འདེབས་བྱེད་པ་ངོ་ཚ་བ་ཡིན་པས།"
581749,585231,3482,"ངོ་ཚ་ཚུལ་བཞིན་དུ་སྤོང་བ་དེང་སང་དཀོན་པོ་རེད།"
585231,588742,3511,"(193) ཡང་དག་དོན་གྱི་གདམས་པ་རྣམ་དྲུག་ནི། །འདུ་འཛི་བདུད་ལས་ཡིན་གྱིས་འཁྲི་བ་ཆོད། །"
588751,594385,5634,"བསོད་ནམས་བར་ཆོད་ཡིན་གྱིས་དགའ་བྲོད་བོར། །ཆེ་གྲགས་བདུད་ལས་ཡིན་གྱིས་དམན་ས་ཟུངས། །"
594385,598471,4086,"ཕྱོགས་འཛིན་རྟག་ཆད་ཡིན་གྱིས་དབྱིངས་གཅིག་དྲིལ། །གནད་མེད་སྡུག་སྒུར་ཡིན་གྱིས་གདམས་པ་ཚོལ། །"
598471,602605,4134,"ཉམས་མེད་ཁ་ལྟ་ཡིན་གྱིས་རྒྱུད་དང་སྦྱོར། །དེ་ལྟར་བྱས་ན་ལེགས་པའི་ཡོན་ཏན་འགྲུབ། །"
602605,608913,6308,"ཅེས་པ་སྟེ། ཡང་དག་པའི་ལམ་ཚུལ་བཞིན་དུ་བརྩོན་པའི་དོན་གྱི་གདམས་ངག་རྣམ་པ་དྲུག་ཡོད།"
608913,614059,5146,"གང་རེད་ཟེར་ན། རྣམ་གཡེང་དང་འདུ་འཛི་མི་མང་ལ་འདྲེས་པར་བྱས་པ་དེ་བདུད་ཀྱི་ལས་ཡིན་པའི་ཕྱིར་ན་"
614059,616577,2518,"དེ་ལ་འབྲེལ་བ་གཅོད་དེ་དེ་དང་དུ་མ་ལེན།"
616577,624064,7487,"ལོངས་སྤྱོད་འབྱོར་བ་ཆེ་བ་དང་ཐོབ་དང་གོ་ས་མཐོན་པོ་ཡོད་པ་གཟི་བྱིན་གྲུབ་པ་ལ་སོགས་པ་"
624064,628346,4282,"འཇིག་རྟེན་པ་རྣམས་ཀྱིས་བསོད་ནམས་ཆེན་པོ་རེད་ཟེར་སྟེ་དོན་དུ་རང་དེ་ལ་ཞེན་ཆགས་འབྱུང་ན་"
628346,631713,3367,"ཆོས་དེ་བློས་བཏང་བ་ཡིན་པས་དེ་ལ་དགའ་བྲོད་ཀྱི་བསམ་པ་སྤོངས།"
631713,636498,4785,"མི་བཙན་པོ་དང་དབང་ཡོད་བྱས་པ་ལ་སོགས་པ་དེ་ཐམས་ཅད་བདུད་ཀྱི་ལས་ཡིན་པས་"
636498,645732,9234,"དུས་རྟག་ཏུ་རང་དམའ་ས་ལ་བཟུང་སྟེ་དམན་པའི་ས་བཟུང་བ་གཅེས། རང་ཕྱོགས་དང་གཞན་ཕྱོགས་ཀྱི་ཕྱོགས་འཛིན་མང་པོ་བྱས་ན་དེ་རྟག་ཆད་ཀྱི་མཐའ་ལ་ལྷུང་"
645732,649656,3924,"གཡེང་འགྲོ་བ་ཡིན་པས་ན་ཆོས་ཉིད་ཀྱི་དབྱིངས་གཅིག་ཏུ་དྲིལ།"
649656,653171,3515,"ཉམས་ལེན་གྱི་གནད་མེད་པ་ཡུན་རིང་པོ་སྡོད་བསྡད་ན་སྡུག་སྒུར་ཡིན་པས་"
653171,655985,2814,"ཉམས་ལེན་གྱི་གནད་ཀྱི་གདམས་པ་ཚུལ་བཞིན་དུ་ཚོལ།"
655985,662709,6724,"དེ་ནས་ཁའི་ལྟ་བ་མ་བྱས་པར་དོན་གྱི་ལྟ་བ་རང་གི་རྒྱུད་ལ་ཡང་ནས་ཡང་དུ་སྦྱོར་དགོས་རྒྱུ་རེད་མ་གཏོགས་"
662709,664753,2044,"ཁ་ཚིག་གི་ལྟ་བ་དེ་ཕན་ཐོགས་མེད།"
664753,667918,3165,"དེ་ལྟར་བྱས་ན་ལེགས་པའི་ཡོན་ཏན་རང་ཤུགས་ཀྱིས་འགྲུབ་པ་ཡིན།"
667918,671916,3998,"(194) རན་པའི་ཚོད་ཟིན་དྲུག་གིས་གདམས་པ་ནི། །སྐྱེ་ཤི་བར་དོ་འདིར་འཁྱམས་གྲངས་མང་བས། །"
671916,675959,4043,"ད་རེས་འགྱུར་མེད་བཙན་ས་བཟུང་རེ་རན། །སྡུག་བསྔལ་འཁྲུལ་འཁོར་འདིར་ཚུད་གྲངས་མང་བས། །"
675959,679494,3535,"ད་རེས་བདེ་ཆེན་ས་ལ་འགྲོ་རེ་རན། །སྐྱེ་ཤིའི་ཕུང་པོ་འདོར་ལེན་གྲངས་མང་བས། །"
679494,684459,4965,"ད་རེས་འགྱུར་མེད་ཆོས་སྐུ་ཐོབ་རེ་རན། །མ་རིག་མུན་ཁྲོད་འཐོམས་པ་གྲངས་མང་བས། །"
684459,689416,4957,"ད་རེས་ཡེ་ཤེས་སྒྲོན་མེ་སྤོར་རེ་རན། །བདུད་བཞིའི་དམག་དཔུང་འདིས་བཅོམ་གྲངས་མང་བས། །"
689416,693469,4053,"ད་རེས་འཁོར་བའི་གཡུལ་ངོ་བཟློག་རེ་རན། །འདོད་པའི་ཁོལ་པོ་འདི་བྱས་གྲངས་མང་བས། །"
693469,698901,5432,"ད་རེས་གཏན་གྱི་སོ་ནམ་ཟིན་རེ་རན། །རན་པ་བས་ཀྱང་ཐལ་བར་གྱུར་འདི་སོམས། །"
698901,706938,8037,"གསུངས་ནས་བཟུང་སྟེ། དེ་གང་རེད་ཟེར་ན། དམ་པའི་ཆོས་སྒྲུབ་པ་ལ་"
706938,710921,3983,"རང་གི་རྒྱུད་འདི་རང་གིས་ཚོད་ཟིན་དགོས་རྒྱུ་རེད། དེ་ཚོད་ཟིན་པའི་གདམས་ངག་ནི།"
710921,714268,3347,"ཁམས་གསུམ་འཁོར་བ་ན་འདི་སྐྱེ་ཤི་བར་དོ་ནས་འཁྱམས་པ་འདི་"
714268,717914,3646,"ཚེ་རབས་ཐོག་མེད་ནས་ད་ལྟ་ཡན་ཆད་དུ་སངས་རྒྱས་ལྟ་བུས་མཁྱེན་ན་མ་གཏོགས་"
717914,720905,2991,"གཞན་གྱིས་གྲངས་ཀ་རུ་བགྲང་དགོས་རུང་གྲངས་མེད་པ་ཡིན་པས།"
720905,724182,3277,"ད་ད་རེས་འདི་འགྱུར་བ་མེད་པའི་བཙན་ས་ཟིན་ཏེ་"
724182,728097,3915,"སྐྱེ་ཤིའི་སྡུག་བསྔལ་མྱོང་མི་དགོས་པ་ཞིག་གི་བཙན་ས་བཟུང་རེ་རན་པ་ཡིན།"
728097,736527,8430,"ཁམས་གསུམ་འཁོར་བའི་སྡུག་བསྔལ་གྱི་འཁྲུལ་འཁོར་འདི་ལ་དེ་སྔ་ཡན་ཆད་ཚུད་པ་ལ། དཔེར་ན་གྲོག་འབུར་ཁོ་ནའི་ལུས་སུ་སྐྱེས་ནས་དེའི་ཡན་ལག་མ་ཉམས་པ་ཡོད་ན་"
736527,739967,3440,"རིའི་རྒྱལ་པོ་རི་རབ་ལས་ཀྱང་མཐོ་སོང་བ་ལྟ་བུ་གྲངས་མང་བ་ཡིན་པས།"
739967,744839,4872,"ད་རེས་བདེ་བ་ཆེན་པོ་འཕོ་མེད་ཀྱི་ས་ལ་བཙན་ས་བཟུང་རེ་རན་པ་ཡིན།"
744839,750055,5216,"དེ་སྐྱེ་ཤིའི་ཕུང་པོ་འདི་ད་བར་དུ་གྲངས་མང་པོ་ཅན་ཞིག་ཡིན་པས་"
750055,756456,6401,"ད་རེས་སྐྱེ་ཤི་སྐྱེ་བ་སྤྲུལ་སྐུ། ཤི་བ་ཆོས་སྐུ།"
756456,759721,3265,"བར་དོ་ལོངས་སྐུ་རུ་གྲོལ་བ་འི་ཆོས་སྐུ་ཐོབ་པ་གྲངས་དགོས་པ་ཡིན།"
759721,764166,4445,"མ་རིག་པ་མུན་པའི་ནང་དུ་འཐོམས་ཏེ་བླང་དོར་མི་ཤེས་པ་གྲངས་ཤིན་ཏུ་མང་བ་ཡིན།"
764166,768319,4153,"ད་རེས་ཡེ་ཤེས་ཀྱི་སྒྲོན་མེ་རང་གི་རྒྱུད་ལ་རྩེ་གཅིག་ཏུ་སྤོར་བ་ཡིན།"
768319,773062,4743,"བདུད་བཞིའི་དམག་དཔུང་འདིའི་དབང་དུ་མ་སོང་བ་མེད་པ་ཡང་ནས་ཡང་དུ་"
773069,774931,1862,"བདུད་བཞིའི་དབང་དུ་གྱུར་བ་གྲངས་མང་བས་ན།"
774931,777991,3060,"ད་རེས་ཁམས་གསུམ་འཁོར་བའི་གཡུལ་ངོ་རྩེ་གཅིག་ཏུ་བཟློག་པ་ཡིན།"
777991,782668,4677,"འདོད་ཡོན་གྱི་གཡོག་པོ་འདི་བྱེད་པ་ལ་ངོམས་པ་གཏན་ནས་མེད་པས་ན་"
782668,786676,4008,"ད་རེས་འདོད་ཡོན་གྱི་གཡོག་པོ་མི་བྱེད་པ་གཏན་གྱི་སོ་ནམ་སྒྲུབ་རན་པ་ཡིན།"
786676,789974,3298,"རན་པ་ཡིས་མ་ཚད་ཏོག་ཙམ་འཕྱིས་སོང་རྒྱུ་ལྟ་བུ་རེད་དུས་"
789974,792782,2808,"དེ་ཚོ་ལ་བསམ་ནས་མྱུར་དུ་བསྒྲུབ་དགོས་པ་ཡིན།"
792782,796370,3588,"(195) འགྲོ་བ་དྲུག་གི་དོན་ལ་བརྟག་པ་ནི། །སྡུག་བསྔལ་རང་བཞིན་བདེ་བར་མ་ཤེས་ན། །"
796370,800303,3933,"བདེ་བ་འདོད་པ་སྡུག་བསྔལ་ནད་དུ་ཆེ། །ཆགས་སྡང་རང་རིག་མཉམ་ཉིད་མ་ཤེས་ན། །"
800303,804013,3710,"འདོར་ལེན་བྱེད་པ་སྤང་བླང་ནད་དུ་ཆེ། །རྐྱེན་ངན་རང་བཞིན་གྲོགས་སུ་མ་ཤེས་ན། །"
804013,807993,3980,"ཐབས་ཤེས་གཞན་བརྟེན་འཆིང་བའི་གཟེབ་ཏུ་ཆེ། །ལྟས་ངན་རང་བཞིན་གཡང་དུ་མ་ལོན་ན། །"
807993,811565,3572,"དངོས་གྲུབ་ཉིད་ཀྱང་བདུད་དང་གོལ་བར་འགྲོ། །རང་གི་སེམས་རྒྱུད་ཆོས་ཀྱིས་མ་བཏུལ་ན། །"
811565,815558,3993,"ཚིག་ཚོགས་ཆེ་ཡང་ནེ་ཙོའི་འདོན་པར་འགྲོ། །དགེ་བ་གང་བྱེད་སེམས་བསྐྱེད་མི་ལྡན་ན། །"
815558,819238,3680,"ཉན་རང་ཉིད་དམ་བསོད་ནམས་ཆ་མཐུན་འགྲོ། །དེ་བས་ཡང་དག་གནད་དུ་འགྲོ་བ་གཅེས། །"
819238,822324,3086,"ཞེས་པ་ཆོས་གནད་དུ་འགྲོ་བ་རྣམ་པ་དྲུག་ཡོད་དགོས།"
822324,828084,5760,"གནད་དུ་འགྲོ་བ་གང་ཡིན་ཟེར་ན། ཁམས་གསུམ་འཁོར་བའི་སྡུག་བསྔལ་འདི་ཐམས་ཅད་སྙིང་རྗེའི་གསོས་འདེབས།"
828084,830685,2601,"སྡིག་སྒྲིབ་ཀྱི་ཕྱགས་མ་སྡུག་བསྔལ་དང་དུ་ལེན་དགོས།"
830685,834131,3446,"སྡུག་བསྔལ་འདི་བདེ་བ་ཡིན་པ་ཤེས་དགོས་མ་གཏོགས།"
834131,837115,2984,"ཟས་ནོར་ལོངས་སྤྱོད་ཀྱིས་སྐྱིད་པོ་གཏང་རྒྱུ་བདེ་བ་འཐོབ་རྒྱུ་མེད་པ་"
837115,839862,2747,"སྡུག་བསྔལ་གྱི་རྒྱུ་རུ་འགྲོ་བར་འགྱུར་བ་ཡིན།"
839862,844184,4322,"དགྲ་ལ་སྡང་སེམས་དང་གཉེན་ལ་ཆགས་པ་ཐམས་ཅད་མཉམ་པ་ཉིད་དུ་ཤེས་ཏེ་"
844184,848863,4679,"ཆགས་སྡང་གི་རྗེས་སུ་མ་འབྲངས་ནས་བཟུང་སྟེ། ཆགས་པ་དེ་ཉིད་དང་དུ་ལེན།"
848863,854634,5771,"སྡང་བ་དེ་ཉིད་དོར་བ་བྱས་པ་ལས་ཀ་མང་པོ་བསྒྲུབ་ན་བསྒྲུབ་རྒྱུ་མེད་པ་ཡིན།"
854634,861403,6769,"ན་ཚ་དང་གདོན་བགེགས་ལ་སོགས་པ་རྐྱེན་ངན་པ་འབྱུང་ན་ལམ་གྱི་གྲོགས་སུ་ཁྱེར་མི་ཤེས་ནས་བཟུང་སྟེ་"
861403,865999,4596,"ཐབས་ཤེས་གཞན་དུ་བརྟེན་པར་འགྱུར་ན།"
865999,869019,3020,"གནད་དུ་མི་འགྲོ་བ་འཆིང་བའི་གཟེབ་ཏུ་འགྱུར་བ་ཡིན།"
869019,875622,6603,"རང་ལ་ལྟས་ངན་པ་མི་འདོད་པ་འབྱུང་ན་དེ་ཆོས་སྒྲུབ་པའི་གཡང་ལ་བསམ་ནས་"
875622,881353,5731,"དང་དུ་མ་ལོན་ན་མཆོག་དང་ཐུན་མོང་གི་དངོས་གྲུབ་ཐོབ་ཀྱང་བར་ཆད་ཀྱི་བདུད་དུ་འགྲོ་བ་ཡིན།"
881353,885217,3864,"རང་གི་སེམས་ཉིད་འདི་ཆོས་དང་མཐུན་པའི་སྒོ་ནས་བཏུལ་མ་ཐུབ་ན་"
885217,889025,3808,"ཁ་ཡིས་ཚིག་མང་པོ་བཤད་ཆེ་ཡང་ནེ་ཙོས་མ་ནི་འདོན་པ་དང་འདྲ་"
889025,894995,5970,"དོན་དག་གང་ཡང་ཤེས་ཀྱི་མེད། དགེ་བ་གང་བྱེད་པ་ཐམས་ཅད་ལ་གཞན་ཕན་གྱི་སེམས་བསྐྱེད་བཟང་པོས་བཟུང་སྟེ་"
894995,899890,4895,"རྩིས་མ་ཟིན་ཉན་ཐོས་དང་རང་སངས་རྒྱས་ཀྱི་ལམ་ལ་ཤོར་སོང་ན་"
899890,901659,1769,"འབྲས་བུ་ཆུང་ཆུང་མ་གཏོགས་འོང་གི་མ་རེད།"
901659,906696,5037,"དེ་བསོད་ནམས་ཆ་མཐུན་ལྷ་མིའི་ལུས་ཐོབ་ནས་དགེ་བ་འདི་ཟད་ཚར་དུས་འཁོར་བ་འཁྱམ་རྒྱུ་རེད།"
906696,911327,4631,"དེ་བས་ན་ལམ་ཤེས་པ་ཐམས་ཅད་ཡང་དག་པའི་ལམ་གྱིས་འགྲོ་བ་གནད་དུ་ཆེ་བ་ཡིན།"
911327,914919,3592,"(196) ཆོས་བྱེད་རྣམས་ཀྱི་འོང་བའི་ཆོས་དྲུག་ནི། །དབེན་པ་བསྟེན་ན་དགེ་སྦྱོར་འཕེལ་བར་འོང༌། །"
914919,919144,4225,"གཞན་ལ་བསྟོད་ན་ཤུགས་ཀྱིས་དད་པར་འོང༌། །རང་རྒྱུད་བཏུལ་ན་དགེ་བ་འཕེལ་བར་འོང༌། །"
919144,923358,4214,"ནོར་བདུན་བསགས་ན་དབུལ་ཕོངས་སེལ་བར་འོང༌། །ཡོན་ཏན་སྤེལ་ན་རྒྱལ་བའི་གདུང་འཛིན་འོང༌། །"
923358,929288,5930,"འགྲོ་དྲུག་བསྐྱངས་ན་རྒྱལ་སྲས་སྤྱོད་པར་འོང༌། །འོང་བ་བཞིན་དུ་མཛད་པའི་སྐྱེ་བོ་ཉུང༌། །"
929288,932943,3655,"ཞེས་པ་སྟེ། ཆོས་བྱེད་པའི་གང་ཟག་རྣམས་ལ་འབད་མ་དགོས་པ་"
932943,935389,2446,"རང་ཤུགས་ཀྱིས་འོང་བའི་ཆོས་དྲུག་ཡོད། གང་རེད་ཟེར་ན།"
935389,939280,3891,"རི་ཁྲོད་དབེན་པའི་གནས་རྩེ་གཅིག་ཏུ་བསྟེན་ན་དགེ་སྦྱོར་རང་ཤུགས་ཀྱིས་འཕེལ་ཏེ་"
939280,942123,2843,"སྤྱོད་ལམ་ཐམས་ཅད་དགེ་བའི་ལམ་དུ་རང་ཤུགས་ཀྱིས་འགྲོ་བ་ཡིན།"
942123,948084,5961,"གཞན་ཕ་རོལ་པོ་སྐྱོན་ནས་མི་བརྗོད་པ་དག་སྣང་གི་སྒོ་ནས་བསྟོད་པ་གང་ཚུགས་ཚུགས་བྱས་ན་"
948084,952009,3925,"རང་ལ་ཐམས་ཅད་ཀྱིས་ཚུར་དད་པ་དང་ཡོན་ཏན་རང་ཤུགས་ཀྱིས་མཐོང་འོང་བ་ཡིན།"
952009,954901,2892,"རང་གི་སེམས་རྒྱུད་འདི་ཡག་པོ་ཞིག་བཏུལ་ཐུབ་ན་"
954901,957321,2420,"གཞན་གྱི་སེམས་རྒྱུད་བཏུལ་དགོས་རྒྱུ་མ་རེད།"
957321,962201,4880,"དགེ་བའི་ཉམས་དང་རྟོགས་པ་ཡོན་ཏན་ཐམས་ཅད་གོང་ནས་གོང་དུ་འཕེལ་བ་འོང༌།"
962201,965895,3694,"འཕགས་པའི་ནོར་བདུན་པོ་རང་གི་རྒྱུད་ལ་ཡང་ནས་ཡང་དུ་བསགས་སོང་ན་"
965895,969272,3377,"སྐྱེ་བ་ནས་ཚེ་རབས་ཐམས་ཅད་དུ་ཡོན་ཏན་གྱིས་དབུལ་གྱི་མ་རེད་དུས་"
969272,970753,1481,"དབུལ་ཕོངས་སེལ་བར་ངེས་པ་ཡིན།"
970753,974021,3268,"ཐོས་བསམ་སྒོམ་གསུམ་གྱི་ཡོན་ཏན་འདི་གོང་ནས་གོང་དུ་སྤེལ་ཐུབ་ན་"
974021,979423,5402,"སངས་རྒྱས་ཀྱི་རྒྱལ་ས་འདི་ཟིན་པར་འགྱུར་བ་དེ་བྱེད་པ་ཡིན།"
979423,982816,3393,"འགྲོ་དྲུག་གི་སེམས་ཅན་རྣམས་ཀྱི་སྡུག་བསྔལ་འདི་བསམ་"
982816,988413,5597,"དེ་ལ་ཡང་ནས་ཡང་དུ་སྙིང་རྗེ་བྱས་ན་རྒྱལ་སྲས་བྱང་ཆུབ་སེམས་པའི་སྤྱོད་པ་འདི་འབད་མེད་འོང་བ་ཡིན།"
988413,992691,4278,"དེ་འོང་བ་ངེས་པ་རེད་དེ་འོང་བ་བཞིན་དུ་བྱེད་མཁན་གྱི་སྐྱེ་བོ་ཤིན་ཏུ་ཉུང་ཉུང་རེད།"
992691,997012,4321,"(197) གལ་ཆེ་དྲུག་གིས་སྤྲོ་བ་བསྐྱེད་པ་ནི། །མོས་གུས་དད་པ་གཏིང་ནས་སྐྱེ་དཀའ་བས། །"
997012,1000988,3976,"བཅོས་ཤིང་བློས་བསྒྱུར་འབད་པ་གལ་རེ་ཆེ། །རྣམ་རྟོག་སྣ་ཚོགས་གྲོགས་སུ་འཆར་དཀའ་བས། །"
1000988,1004870,3882,"ཅི་སྐྱེས་དྲན་པ་གྲོལ་བ་གལ་རེ་ཆེ། །སྣོད་བཅུད་སྣང་བ་ཞིང་ཁམས་འཆར་དཀའ་བས། །"
1004870,1009334,4464,"སྒྱུ་མ་རྨི་ལམ་ཤེས་པ་གལ་རེ་ཆེ། །དགོངས་པ་རྟོགས་གྲོལ་དུས་མཉམ་འབྱུང་དཀའ་བས། །"
1009334,1013042,3708,"ནན་ཏན་སྒོམ་པ་སྐྱེད་པ་གལ་རེ་ཆེ། །དངོས་སུ་གཞན་ལ་ཕན་པ་འབྱུང་དཀའ་བས། །"
1013042,1016864,3822,"སྨོན་པ་སེམས་བསྐྱེད་བསླབ་པ་གལ་རེ་ཆེ། །ཆགས་ཞེན་འཛིན་པ་མེད་འདི་རབ་དཀའ་བས། །"
1016864,1020801,3937,"བགས་ཀྱིས་འདོད་ཆུང་ཆོག་ཤེས་གལ་རེ་ཆེ། །དེ་དག་བསླབས་པས་མྱུར་དུ་མཆོག་ལ་རེག །"
1020801,1026569,5768,"ཅེས་པ་གལ་ཆེ་བ་རྣམ་པ་དྲུག་གིས་དམ་པའི་ཆོས་ལ་སྤྲོ་བ་སྐྱེ་དགོས། གང་རེད་ཟེར་ན།"
1026569,1031869,5300,"དང་པོ་ཉིད་ནས་མོས་གུས་དང་དད་པ་བཅོས་མ་མ་ཡིན་པ་རྒྱུད་ལ་སྐྱེ་དཀའ་བ་ཡིན་པས་ན།"
1031869,1034122,2253,"བླ་མའི་རྣམ་ཐར་དྲན། བླ་མའི་བཀའ་དྲིན་དྲན།"
1034122,1038772,4650,"ཅི་མཛད་ལེགས་པར་མཐོང་བས་བཅོས་ཤིང་ཡང་ནས་ཡང་དུ་བཅོས་མའི་མོས་གུས་འདི་ཡག་པོ་སྐྱེས་ན།"
1038772,1042646,3874,"བཅོས་མིན་གྱི་མོས་གུས་རང་ཤུགས་སྐྱེ་འོང་བ་ཡིན་བཅོས་མའི་མོས་གུས་གལ་ཆེ།"
1042646,1045925,3279,"བཟང་ངན་གྱི་རྣམ་རྟོག་ཐམས་ཅད་ཤར་གྲོལ་དུས་མཉམ་གྱི་གྲོགས་སུ་"
1045925,1048188,2263,"དང་པོའི་དུས་ནས་འཆར་དཀའ་བ་ཡིན་པའི་ཕྱིར་ན།"
1048188,1052581,4393,"དགེ་སྡིག་གི་རྣམ་རྟོག་ཅི་སྐྱེས་པ་ཐམས་ཅད་ཐོག་མར་རྣམ་རྟོག་ངོ་ཤེས།"
1052581,1057909,5328,"བར་དུ་རྣམ་རྟོག་གྲོལ། ཐ་མ་རྗེས་ཤེས་མེད་པའི་སྒོ་ནས་གལ་ཆེ་བ་ཡིན།"
1057909,1061243,3334,"སྣོད་བཅུད་ཐམས་ཅད་དག་པའི་ཞིང་ཁམས་འཆར་དཀའ་བ་ཡིན་པའི་ཕྱིར་ན་"
1061243,1065200,3957,"སྣོད་བཅུད་ཀྱི་སྣང་བ་བཟང་ངན་ཐམས་ཅད་བདེན་པ་གང་ཡང་གྲུབ་པ་མེད་པ་"
1065200,1068488,3288,"སྒྱུ་མ་དང་རྨི་ལམ་ལྟ་བུའི་རང་བཞིན་དུ་ཤེས་པ་གལ་ཆེ་བ་ཡིན།"
1068492,1071117,2625,"ཆོས་ཉིད་ཀྱི་དགོངས་པ་རྟོགས་པ་དང་རྒྱུད་ཉོན་མོངས་ནས་"
1071117,1075299,4182,"གྲོལ་བའི་རྟོགས་གྲོལ་གཅིག་ཆར་བའི་རིགས་ཅན་འདི་འབྱུང་དཀའ་བ་ཡིན་པས་ན།"
1075299,1079449,4150,"མི་ཚེ་ལ་ཚད་བཙུགས་ཏེ་ནན་ཏན་སྒོམ་པར་བྱེད་པ་གལ་ཆེ་བ་ཡིན།"
1079449,1088423,8974,"ད་ལྟ་དངོས་སུ་སེམས་ཅན་གཞན་དོན་བྱེད་པའི་ཕན་པ་རྒྱ་ཆེན་པོ་འབྱུང་བར་དཀའ་བ་ཡིན་པས་ན། སེམས་ཅན་ཐམས་ཅད་ཀྱི་དོན་ངས་བྱེད་སྙམ་པའི་སྨོན་པའི་སེམས་བསྐྱེད་པ་"
1088423,1092382,3959,"གཞན་ཕན་གྱི་བསམ་པ་འདི་ཡང་ནས་ཡང་དུ་བསྐྱེད་པ་གལ་ཆེ་བ་ཡིན།"
1092382,1097508,5126,"འཇིག་རྟེན་ཚེ་འདིའི་བྱ་བ་ཐམས་ཅད་ཆགས་ཞེན་འཛིན་པ་མེད་པ་འདི་"
1097508,1101240,3732,"འོང་དཀའ་བ་ཡིན་པས་ན་དུས་རྟག་ཏུ་འདོད་ཆུང་དང་ཆོག་ཤེས་བསྟེན་"
1101240,1104832,3592,"ཆགས་ཞེན་རང་ཤུགས་ཀྱིས་སྤོང་བ་གལ་ཆེ།"
1104832,1108907,4075,"དེ་ལྟར་གལ་ཆེ་བ་དྲུག་ལ་བསླབས་པས་མྱུར་དུ་བྱང་ཆུབ་མཆོག་གི་གོ་འཕང་རེག"
1108907,1114152,5245,"(198) །ཆོས་བྱེད་རུ་བརྒྱངས་བཅད་པ་རྣམ་དྲུག་ནི། །ཡར་གྱི་རུ་བརྒྱངས་ལྟ་བའི་གྲོས་ཐག་བཅད། །"
1114152,1117911,3759,"མར་གྱི་རུ་བརྒྱངས་སྤྱོད་པའི་དུས་ཚོད་ཤེས། །ཕར་གྱི་རུ་བརྒྱངས་ཡུལ་སྣང་སྒྱུ་མར་ཤེས། །"
1117911,1122306,4395,"ཚུར་གྱི་རུ་བརྒྱངས་གཟུང་འཛིན་ཞེན་པ་དོར། །ཕྱི་རུ་རུ་བརྒྱངས་ཐོས་བསམ་ཕྱོགས་མེད་བྱ། །"
1122306,1126220,3914,"ནང་གི་རུ་བརྒྱངས་རང་རྒྱུད་དུག་ལྔ་འདུལ། །དེ་ལྟར་མཛད་ན་འཁོར་བའི་དམག་དཔུང་ལོག །"
1126220,1132251,6031,"ཅེས་པ་སྟེ། ཆོས་བྱེད་རྣམས་ཀྱི་རུ་བརྒྱངས་བཅད་པ་རྣམ་པ་དྲུག་དགོས།"
1132251,1135148,2897,"ཡར་གྱི་རུ་བརྒྱངས་ཟེར་ན་ལྟ་བ་མཐོ་དགོས་ཀྱི་རེད།"
1135148,1138399,3251,"དེ་ཕྱིར་ན་ལྟ་བ་མཐོན་པའི་སྟེང་ནས་ཡ་གྲོས་ཐག་གཅོད་དགོས།"
1138399,1143916,5517,"མར་གྱི་རུ་བརྒྱངས་ཞེས་པ་འདི། མར་སྤྱོད་པ་འདི་ཉིད་ལས་དང་པོ་པའི་སྤྱོད་པ་དང༌།"
1143916,1146498,2582,"ཉན་ཐོས་ཀྱི་སྤྱོད་པ། བྱང་ཆུབ་སེམས་དཔའི་སྤྱོད་པ་དེ་རྣམས་"
1146498,1150444,3946,"རང་གི་སྒོམ་མྱོང་མཐུན་པར་དམའ་ས་ནས་ཡར་ཚུགས་དགོས་པ་ཡིན།"
1150444,1153348,2904,"ཕར་གྱི་རུ་བརྒྱངས་ནི། ཕར་ཚོགས་དྲུག་གི་སྣང་བ་འདི་ཐམས་ཅད་"
1153348,1158024,4676,"བཟང་ངན་གང་ཤར་ནའང་སྒྱུ་མ་དང་རྨི་ལམ་ལྟ་བུ་ཤེས་དགོས་པ་ཡིན།"
1158024,1161602,3578,"ཚུར་གྱི་རུ་བརྒྱངས་ཟེར་དུས། རང་གི་སེམས་གཟུང་འཛིན་གྱི་ཞེན་པ་འདིས་"
1161602,1164582,2980,"འཆིང་བསྡད་ཀྱི་ཡོད་པས་གཟུང་འཛིན་གྱི་ཞེན་པ་ཕར་བློས་བཏང་ནས་"
1164582,1168141,3559,"ཐག་རིང་པོ་ལ་བསྐྱུར་བཞག་ན་རང་ཤུགས་ཀྱིས་གྲོལ་འོང་བ་ཡིན།"
1168141,1171044,2903,"ཕྱི་ཟེར་དུས་ཕྱི་ནང་གི་གྲུབ་མཐའ་འཛིན་པ་དང༌།"
1171044,1177648,6604,"དེའི་ལོག་རྟོག་གཅོད་པའི་ཚུལ་སོགས་ལ་ཐོས་བསམ་ཕྱོགས་མེད་དུ་བསྟེན་ན་"
1177648,1181045,3397,"ཤེས་བྱའི་གནས་ཐམས་ཅད་ལ་མ་རྨོངས་པ་གོང་འཕེལ་དུ་འགྲོ་བ་ཡིན་པས་དེ་བྱེད།"
1181045,1184674,3629,"ནང་གི་རུ་བརྒྱངས་དུས་རང་གི་རྒྱུད་ལ་ཉོན་མོངས་པ་དུག་ལྔ་པོ་འདི་ཉིད་"
1184674,1190860,6186,"གཉེན་པོ་གང་བསྟེན་ཐུབ་ཐུབ་སྒོ་ནས་འདུལ་སོང་ན་"
1190860,1193293,2433,"ཁམས་གསུམ་འཁོར་བའི་དམག་དཔུང་བཟློག་འགྲོ་བ་ཡིན།"
1193293,1197320,4027,"(199) ཉོན་མོངས་རེ་བ་ངན་པའི་ཆོས་དྲུག་ནི། །རང་རྒྱུད་མ་བཏུལ་གཞན་རྒྱུད་ཐུལ་དུ་རེ། །"
1197320,1201121,3801,"གོ་ཡུལ་རྟོགས་པས་གནས་ལུགས་ཤེས་སུ་རེ། །དམིགས་བཅས་བསྒོམས་པས་ཉོན་མོངས་འདག་ཏུ་རེ། །"
1201121,1204946,3825,"ཕྱོགས་འཛིན་ཆོས་ཀྱིས་ཐར་ལམ་བགྲོད་དུ་རེ། །དགེ་བ་མ་བསྒྲུབས་མཐོ་རིས་ཐོབ་ཏུ་རེ། །"
1204946,1208606,3660,"སྡིག་པ་མ་སྤངས་ངན་འགྲོར་མི་ལྟུང་རེ། །རེ་བའི་མི་ལ་དགོས་པ་བསླུས་པར་མཆི། །"
1208606,1217159,8553,"ཞེས་པ་ཉོན་མོངས་པའི་དབང་དུ་སོང་ན་རེ་བ་ཡོད་ནའང་དེ་ཚུལ་བཞིན་དུ་མི་འགྲུབ་པ་ཡིན།"
1217159,1220318,3159,"གང་ཡིན་ཟེར་ན། དང་པོ་རང་གི་རྒྱུད་ཆོས་ཀྱིས་མ་འདུལ་ན་"
1220318,1224483,4165,"གཞན་སེམས་ཅན་རྒྱུད་གདུལ་དགོས་བསམ་ན་འདུལ་ཐུབ་ཀྱི་མ་རེད།"
1224483,1227585,3102,"གནས་ལུགས་ཀྱི་རྟོགས་པ་ཚུལ་བཞིན་དུ་རྒྱུད་ལ་མ་སྐྱེས་ནས་བཟུང་སྟེ་"
1227585,1232359,4774,"ཚིག་གི་གོ་བ་ཙམ་ཞིག་རྟོགས་པ་ཡང་དག་པ་རེད་རྒྱུ་མ་རེད་དུས་དེ་རེད།"
1232359,1237645,5286,"དམིགས་བཅས་ཀྱི་སྒོམ་པ་མང་པོ་ཞིག་རྒྱུད་ལ་སྐྱེས་ནའང་"
1237645,1242172,4527,"ཉོན་མོངས་ཀྱི་གཉེན་པོ་འགྲོ་དཀའ་རེད་དུས་གཉིས་མེད་ཀྱི་ཡེ་ཤེས་ཀྱིས་འདུལ་དགོས།"
1242172,1244696,2524,"རང་ཕྱོགས་གཞན་ཕྱོགས་ཀྱི་ཕྱོགས་འཛིན་མང་པོ་དབྱེ་ན་"
1244696,1249878,5182,"ཆོས་ཀྱི་ཐར་ལམ་བར་ཆད་ལ་འགྲོ་བ་ཡིན་པས་ན་ཕྱོགས་འཛིན་མེད་པ་གལ་ཆེ།"
1249878,1254372,4494,"དགེ་བ་མ་བསྒྲུབས་པ་རང་སྐྱེ་བ་ཕྱི་མ་མཐོ་རིས་ལྷ་དང་མིའི་ལུས་རྟེན་ཐོབ་དགོས་ནའང་"
1254372,1257136,2764,"ཐོབ་སྲིད་ཀྱི་མ་རེད་དུས་རྒྱུ་ས་བོན་མེད་པ་རེད།"
1257136,1262818,5682,"སྡིག་པ་མ་སྤངས་བཞིན་དུ་ངན་འགྲོ་འགྲོ་ཡི་མ་རེད་"
1262818,1264676,1858,"བསམ་ན་དེ་གཏན་ནས་འོང་གི་མ་རེད།"
1264676,1269936,5260,"དེ་ཕྱིར་ན་རེ་བའི་མི་རེ་བ་འབྱུང་བྱེད་ཀྱི་རྒྱུ་འདི་སྒྲུབ་མ་ཤེས་དུས་"
1269936,1273058,3122,"རང་མགོ་རང་གིས་བསླུས་ཏེ་བསམ་རྒྱུ་དང་ལག་ཏུ་ལེན་རྒྱུ་གཉིས་"
1273058,1275885,2827,"ཕྱིན་ཅི་ལོག་ཏུ་གྱུར་བས་བསླུས་པར་མཆི་པ་ཡིན།"
1275885,1280507,4622,"(200) མ་ཚོར་དྲན་པ་སྟོར་བའི་ཆོས་དྲུག་ནི། །མི་ཚེ་ཉོན་མོངས་དུག་ལྔས་འདའ་བྱས་ནས། །"
1280507,1284104,3597,"ངན་སོང་འགྲོ་བ་མ་ཚོར་དྲན་པ་སྟོར། །ཁྱིམ་ཐབ་བུ་ཚས་འབྲེལ་བའི་སྒྲོག་ཞུགས་ནས། །"
1284104,1292392,8288,"སྡུག་བསྔལ་མཚོར་བྱིང་མ་ཚོར་དྲན་པ་སྟོར། །དགྲ་གཉེན་རིས་བཅད་ཆགས་སྡང་འདའ་བྱས་ནས། །"
1292392,1298368,5976,"མར་འགྲོའི་ལས་སོང་མ་ཚོར་དྲན་པ་སྟོར། །སྒོ་གསུམ་བྱ་བྱེད་གང་ཡང་མ་སྤངས་པར། །"
1298368,1306423,8055,"སེམས་ཉིད་གནས་སུ་རེ་བས་དྲན་པ་སྟོར། །ཚེ་འདིའི་འཇིག་རྟེན་བྱ་བ་མ་སྤངས་པར། །"
1306423,1315092,8669,"ཐར་ལམ་སྙོགས་སུ་རེ་བ་དྲན་པ་སྟོར། །སྟོང་ལྟའི་ཚིག་ལ་ཞེན་ནས་རྩོལ་བ་སྟོར། །"
1315092,1320596,5504,"ཉམས་རྟོགས་དྲོད་རྟགས་རེ་བས་དྲན་པ་སྟོར། །མ་ཚོར་དྲན་པ་སྟོར་བའི་མི་རེ་མང༌། །"
1320596,1323906,3310,"གསུངས་དུས་རང་གི་རྒྱུད་ཚོད་འདི་རང་གིས་ཚུལ་བཞིན་དུ་"
1323906,1327386,3480,"ཉམས་སུ་མ་ལོན་ནས་བཟུང་རང་གི་སྐྱོན་དང་ཡོན་ཏན་མ་ཚོར།"
1327386,1331138,3752,"དེ་མ་ཚོར་བའི་སྐྱོན་དྲུག་ཡོད་དེ། གང་རེད་ཟེར་ན།"
1331138,1337516,6378,"མི་ཚེ་ཉོན་མོངས་པའི་དབང་དུ་སོང་སྟེ་ཉོན་མོངས་ཀྱི་གཞན་དབང་དུ་འགྲོ་བསྡད་ན་"
1337516,1340921,3405,"ངན་སོང་དུ་མི་འགྲོ་བའི་ཐབས་ཡོད་རྒྱུ་མ་རེད།"
1340921,1343254,2333,"ངན་སོང་གི་རྒྱུ་མང་པོ་བསྒྲུབས་ཚར་གྱི་རེད།"
1343254,1347764,4510,"ངན་སོང་གི་རྒྱུ་སྡིག་པ་སྤང་མི་ཤེས་པས་དྲན་པ་སྟོར་སོང་བ་ཡིན།"
1347764,1352986,5222,"ཁྱིམ་ཐབ་དང་བུ་ཚས་འབྲེལ་བ་མང་པོའི་སྒྲོག་ཏུ་ཚུད་ན་དེ་ཁྱིམ་ཐབ་བུ་ཚ་རྣམས་ལ་"
1352986,1355562,2576,"ཁ་ཟས་ལྟོ་གོས་ཀྱི་དོན་དག་གཡོག་རྒྱུག་པ་མ་གཏོགས།"
1355562,1359831,4269,"དེས་ཁམས་གསུམ་འཁོར་བའི་སྡུག་བསྔལ་གྱི་རྒྱ་མཚོ་ལ་ཡང་ནས་ཡང་དུ་བྱིང་འགྲོ་རེད།"
1359831,1362817,2986,"དེ་མ་ཚོར་བ་སྟོར་བ་དེ་རང་གི་སྐྱོན་ཡིན།"
1362817,1365268,2451,"དགྲ་གཉེན་རིས་སུ་བཅད་པའི་ཆགས་སྡང་"
1365268,1369764,4496,"ཡང་ནས་ཡང་དུ་འདའ་བྱས་ན་མ་ངན་སོང་འགྲོ་བྱེད་མ་གཏོགས།"
1369764,1371913,2149,"ཡ་ཐར་པའི་ལམ་འདི་གཏན་ནས་ཤེས་ཀྱི་མ་རེད་དུས་"
1371913,1374719,2806,"ངན་སོང་འགྲོ་བའི་རྒྱུ་གསོག་པ་མ་སད་པ་སྟོར།"
1374719,1378131,3412,"སྒོ་ལུས་ངག་ཡིད་གསུམ་གྱི་བྱ་བྱེད་ཐམས་ཅད་ཅམ་གྱིས་བསྐྱུར་ཏེ་"
1378131,1380734,2603,"སེམས་ཉིད་གཉུག་མའི་གནས་ལུགས་ཚུལ་བཞིན་དུ་རྟོགས་ན་"
1380734,1382174,1440,"ཉམས་དང་རྟོགས་པ་འོང་གི་རེད་དེ།"
1382174,1386708,4534,"སྒོ་གསུམ་གྱི་བྱ་བྱེད་མང་པོས་གཉུག་མའི་གནས་ལུགས་བརླག་སོང་བ་འདི་མ་ཤེས་པ་ཡིན།"
1386708,1390677,3969,"འཇིག་རྟེན་ཚེ་འདིའི་ཆོས་བརྒྱད་ཀྱི་བྱ་བ་མང་པོ་སྒྲུབ་དགོས་པ་དེ་"
1390677,1393697,3020,"མ་སྤངས་པ་ཐར་པའི་གོ་འཕང་ཐོབ་སྙོགས་སུ་རེ་བ་འདི་"
1393697,1396329,2632,"རྒྱུ་མེད་པའི་འབྲས་བུ་ཡིན་པས་དེ་ཡིན།"
1396329,1399971,3642,"ལས་རྒྱུ་འབྲས་ལ་སོགས་པ་གང་ལའང་ཞེན་ཆགས་མེད་པ་"
1399971,1403120,3149,"མི་ཚོར་བ་རང་གི་ལྟ་བ་རྟོགས་པ་ཡིན་ཀྱང་སྟོང་ལྟའི་ཚིག་ཙམ་ལ་ཞེན་ན་སྟོར་བ་ཡིན།"
1403120,1405321,2201,"ཉམས་དང་རྟོགས་པ་ཆེན་པོ་ཞིག་རྒྱུད་ལ་སྐྱེ་འོང་"
1405321,1408122,2801,"བསམ་རྒྱུའི་གྲུབ་རྟགས་རེ་བ་དེ་དྲན་པ་སྟོར་སོང་བ་ཡིན།"
1408122,1412248,4126,"དེ་རང་གི་སྐྱོན་དེ་མ་ཚོར་བཞིན་དུ་དྲན་པ་བརླག་སོང་ན་"
1412248,1416000,3752,"ཆོས་ལས་འགལ་བ་ཡིན་པས་ན་དེ་སྐྱོན་དུ་འོང་བ་ཡིན།"
1416000,1420075,4075,"(201) བདག་གཞན་ཐུན་མོང་དགོས་པའི་ཆོས་དྲུག་ནི། །འཁོར་བའི་སྡུག་བསྔལ་བསམ་སྟེ་ཆོས་ལ་བསྐུལ། །"
1420075,1424479,4404,"དད་གུས་རྒྱུན་དུ་བསྒོམས་ཏེ་རང་རྒྱུད་འདུལ། །གསོ་སྦྱོང་འབད་པས་རང་གཞན་སྒྲིབ་པ་སྦྱང༌། །"
1424479,1428545,4066,"སེམས་བསྐྱེད་བཟང་པོས་རང་གཞན་དོན་གཉིས་འགྲུབ། །སྨིན་གྲོལ་ལྡན་པས་རང་གཞན་དགེ་ལ་སྦྱར། །"
1428545,1430565,2020,"ཉམས་ལེན་བརྩོན་པས་རང་གཞན་འཁྲུལ་པ་གཞོམ། །"
1442205,1445397,3192,"གང་རེད་ཟེར་ན། འཁོར་བའི་སྡུག་བསྔལ་ལ་བསམ་སྟེ་དེའི་ནང་ལ་"
1445397,1449326,3929,"རང་ཉིད་བྱིང་ཡོད་པའི་སྐྱོན་ཤེས་ནས་དམ་པའི་ཆོས་ལ་བསྐུལ་ཇི་ཐུབ་བྱེད།"
1449326,1453587,4261,"དུས་རྒྱུན་དུ་དད་གུས་རྒྱུད་ལ་བསྒོམས་ཏེ་དད་པ་དང་གུས་པའི་སྒོ་ནས་"
1453587,1457652,4065,"རང་གི་རྒྱུད་གྱོང་པོ་འདི་ཉིད་ཐར་པའི་ལམ་ལ་ཅི་ནུས་སུ་བསྐུལ།"
1457652,1460613,2961,"དགེ་བ་གསོ་ཞིང་སྡིག་པ་སྦྱོང་བའི་ཐབས་ལ་འབད་དེ་"
1460613,1462975,2362,"རང་གཞན་ཐམས་ཅད་ཀྱི་སྒྲིབ་པ་སྦྱོང་དགོས་པ་ཡིན།"
1462975,1466093,3118,"གཞན་ཕན་སེམས་བསྐྱེད་ཀྱི་བསམ་པ་བཟང་པོ་རྒྱུད་ལ་སྐྱེ་ན་"
1466093,1469619,3526,"རང་གཞན་གྱི་དོན་གཉིས་འབད་མེད་དུ་འགྲུབ་པར་འགྱུར་བ་ཡིན།"
1469619,1473359,3740,"སྨིན་བྱེད་ཀྱི་དབང་དང༌། གྲོལ་བྱེད་ཀྱི་གདམས་ངག་རང་གི་རྒྱུད་ལ་ཡོད་ནས་བཟུང་སྟེ་"
1473359,1476673,3314,"རང་གཞན་ཐམས་ཅད་དགེ་བའི་ལམ་ལ་རང་ཤུགས་ཀྱིས་སྦྱོར་འགྲོ་བ་ཡིན།"
1476673,1480695,4022,"ཆོས་ཉམས་ལེན་ལ་རྩེ་གཅིག་ཏུ་བརྩོན་ན་རང་གཞན་གྱི་འཁྲུལ་པ་འདི་"
1480695,1484408,3713,"རང་ཤུགས་ཀྱིས་གཞོམ་འོང་བ་ཡིན་པས་འདི་གལ་ཆེ་བ་ཡིན།"
1484408,1488861,4453,"(202) གཅེས་པའི་གནད་དྲུག་ལེགས་པར་བསྟན་པ་ནི། །འདི་ཕྱིའི་འདུན་གྲོས་ངན་པར་མ་སོང་གཅེས། །"
1488861,1492843,3982,"ཐ་མལ་རྣམས་དང་སྤྱོད་ལམ་མ་འདྲེས་གཅེས། །སྔོན་ལས་རགས་པས་རྒྱུ་འབྲས་ཞིབ་མོ་གཅེས། །"
1492843,1496500,3657,"ཤེས་རབ་སྙིང་རྗེ་ཟུང་དུ་འབྲེལ་བ་གཅེས། །ཐབས་ཀྱི་འདོད་ཡོན་ལམ་དུ་སློང་བ་གཅེས། །"
1496500,1503153,6653,"དབྱེར་མེད་རྟོགས་པས་བཙན་ས་འཛིན་པ་གཅེས། །འདི་དང་སུ་ལྡན་རྣལ་འབྱོར་ཡང་རབ་ཡིན། །"
1503153,1508927,5774,"དམ་པའི་ཆོས་རྣམ་གྲངས་མང་པོ་ཡོད་རྒྱུ་རེད། དེའི་ནང་ནས་གཅེས་པ་གཟུང་དགོས་རྒྱུ་གནད་དྲུག་ཡོད།"
1508927,1514155,5228,"གང་རེད་ཟེར་ན། ཚེ་འདི་དང་ཕྱི་མ་གཉིས་ཀའི་འདུན་གྲོས་འདི་དམ་པའི་ཆོས་མ་གཏོགས་"
1514155,1518434,4279,"སྡིག་པ་མི་དགེ་བ་ངན་པའི་ནང་དུ་བསམ་བློ་མ་འཁོར་བ་ཞིག་གནད་ཆེ་བ་ཡིན།"
1518434,1522652,4218,"འཇིག་རྟེན་ཐ་མལ་པ་རྣམས་དང་སྡིག་པ་སྤྱོད་པའི་གང་ཟག་རྣམས་དང་"
1522652,1527000,4348,"སྤྱོད་ལམ་ཕན་ཚུན་མ་འདྲེས་པ་ཆོས་བཞིན་སྤྱོད་པ་གལ་ཆེ་བ་ཡིན།"
1527000,1531594,4594,"བདེ་སྡུག་གང་ཞིག་བྱུང་བ་སྐྱེ་བ་སྔོན་གྱི་ལས་ལ་རག་ལས་པ་ཡིན་པའི་ཕྱིར་ན།"
1531594,1535466,3872,"ད་ལྟ་ཉིད་ནས་ལས་རྒྱུ་འབྲས་ལ་ཡིད་ཆེས་ཟབ་པོ་བྱེད་དེ་"
1535466,1537712,2246,"དགེ་སྒྲུབ་སྡིག་སྤོང་བྱེད་པ་གནད་ཆེ་བ་ཡིན།"
1537712,1542282,4570,"ཤེས་རབ་སྙིང་རྗེ་ཟུང་དུ་འཇུག་ན་ཐེག་པ་ཆེན་པོའི་ལམ་ཐུན་མོང་མ་ཡིན་པ་ཡིན་པས་"
1542282,1544809,2527,"དེ་ཟུང་འཇུག་རྒྱུད་ལ་བསྟེན་པ་གཅེས།"
1544809,1547782,2973,"གསང་སྔགས་རྡོ་རྗེ་ཐེག་པའི་ཐབས་ལ་མཁས་པའི་སྒོ་ནས་"
1547782,1551179,3397,"འདོད་ཡོན་གྱིས་བསླུས་མ་སོང་བ་གྲོགས་སུ་འཁྱེར་བ་གཅེས་པ་ཡིན།"
1551179,1554839,3660,"སྣང་སྟོང་ཟུང་འཇུག་ཐབས་ཤེས་ཟུང་འཇུག་དབྱེར་མེད་དུ་རྟོགས་པས་"
1554839,1556789,1950,"དེ་བཙན་ས་ཟིན་པ་འགྱུར་བ་ཡིན།"
1556789,1560759,3970,"དེ་གཅེས་པ་དྲུག་དང་ལྡན་པའི་གང་ཟག་འདི་རྣལ་འབྱོར་ཡང་དག་ཡིན།"
1560759,1564231,3472,"(203) ཡེངས་མེད་ལམ་དུ་བསླང་བའི་ཆོས་དྲུག་ནི། །དང་པོའི་ལས་ཅན་འདུ་བྱེད་མ་ཡེངས་བྱ། །"
1564231,1568173,3942,"མཉམ་རྗེས་སློབ་རྣམས་ཆོས་ཉིད་མ་ཡེངས་བྱ། །གོམས་པས་དྲན་སྣང་ཡེ་ཤེས་མ་ཡེངས་བྱ། །"
1568173,1572179,4006,"ཀློང་གྱུར་དུས་སུ་ཡེང་མེད་ཡེང་མཁན་མེད། །བརྟན་པ་མཐར་ཕྱིན་ཡེང་ཡུལ་ཆོས་ཉིད་ངེས། །"
1572179,1577895,5716,"ཆོས་ཟད་དུས་ན་མཚོན་བརྗོད་ཡུལ་ལས་འདས། །དེ་འདྲའི་ཚད་དུ་སྐྱོལ་བར་མཛད་པར་ཞུ། །"
1577895,1582359,4464,"ཞེས་པ་སྟེ། དུས་རྒྱུན་དུ་ཡེངས་མེད་ལམ་དུ་བསླང་བ་ལ་དྲན་པ་རྣམ་པ་དྲུག་ཡོད།"
1582359,1588411,6052,"གང་རེད་ཟེར་ན། ལས་དང་པོ་པའི་དུས་སུ་རང་གི་སེམས་འདི་དྲན་པས་"
1588411,1590501,2090,"བྱ་ར་བཏང་ནས་དགེ་བ་བསྒྲུབ་དགོས།"
1590509,1592825,2316,"སྡིག་པ་སྤོང་དགོས་དུས་སྐབས་འདུ་བྱེད་ཀྱི་དྲན་པ་འདི་"
1592825,1594873,2048,"རྩེ་གཅིག་ཏུ་བསྟེན་ན་དགའ་བ་ཡིན།"
1594873,1598910,4037,"མཉམ་གཞག་དང་རྗེས་ཐོབ་རྩེ་གཅིག་ཏུ་བསྲེ་བར་འདོད་པའི་གང་ཟག་ཐམས་ཅད་"
1598910,1603893,4983,"སེམས་ཀྱི་ཆོས་ཉིད་ལ་ནམ་བལྟས་ན་རིག་པ་མ་བཅོས་པའི་ངོ་བོ་དེ་ངོས་བཟུང་ལ་"
1603893,1606712,2819,"ཆོས་ཉིད་ཀྱི་དྲན་པ་འདི་ཤིན་ཏུ་གལ་ཆེ་བ་ཡིན།"
1606712,1611082,4370,"མཉམ་རྗེས་དབྱེར་མེད་པ་ལྟ་བུ་གོམས་འོང་བ་ཡིན་ན་དེ་དྲན་པའི་སྣང་བ་ཐམས་ཅད་"
1611082,1614171,3089,"ཡེ་ཤེས་སུ་ཤར་བ་ཅན་ཞིག་གལ་ཆེ་བ་ཡིན།"
1614171,1619382,5211,"ཆོས་ཉིད་ཀྱི་ཀློང་དུ་གྱུར་པའི་ཚེ་ན་ཡེང་མེད་དང་ཡེང་མཁན་གཉིས་ཀ་མེད་པ་"
1619382,1624685,5303,"དུས་རྟག་ཏུ་སྣང་སྤྱོད་ཡེ་ཤེས་ཀྱི་རོལ་བ་གལ་ཆེ་བ་ཡིན།"
1624685,1629041,4356,"བརྟན་པ་ཐོབ་པའི་གང་ཟག་ཡིན་ན་དེ་འདོད་ཡོན་དྲུག་གི་གཡེང་བ་ག་ཚོད་ཆེ་ནའང་"
1629041,1633109,4068,"ཡེ་ཤེས་ཀྱི་གསོས་འདེབས་མ་གཏོགས་སླུ་ཐུབ་ཀྱི་མ་རེད་དུས་ཆོས་ཉིད་ཀྱི་ངོ་བོ་ཡིན།"
1633109,1636487,3378,"དྲན་པའི་ཆོས་ཟད་སོང་ན་མཚོན་བརྗོད་ཀྱི་ཡུལ་ལས་འདས་པ་ཡིན་པས་"
1636487,1641669,5182,"དེ་འདྲ་བའི་ལམ་ཚད་དུ་སྐྱོལ་ན་རྫོགས་པ་ཆེན་པོའི་ཉམས་རྟོགས་མཐར་ཕྱིན་པས་དེ་ཉིད་གལ་ཆེ་བ་ཡིན།"
1641669,1647302,5633,"(204) ནོར་ར་རེ་གཉིས་བརྟག་པའི་ཆོས་དྲུག་ནི། །མོས་ཤིང་སྐྱོ་བས་ཤེས་པ་མ་བདེ་དང༌། །"
1647302,1651029,3727,"རྐྱེན་ངན་དབང་གིས་མི་དགའ་ནོར་ར་རེ། །ཚད་མེད་མོས་གུས་གཏིང་ནས་སྐྱེས་པ་དང༌། །"
1651029,1654832,3803,"བཅོས་མའི་དད་པ་ཁ་ནས་སྐྱེས་པ་ནི། །ཡུད་ཙམ་བལྟས་ན་ཕན་ཚུན་ནོར་ར་རེ། །"
1654832,1658557,3725,"གཉེན་བཤེས་སྣང་སེམས་འཁྲི་ཐག་ཆོད་པ་དང༌། །བརྩེ་མེད་སེམས་ཐག་རིང་བ་ནོར་ར་རེ། །"
1658557,1662042,3485,"ཡི་དམ་དངོས་གྲུབ་མཆོག་རབ་སྟེར་བ་དང༌། །བདུད་ཀྱི་བར་ཆད་ཆོ་འཕྲུལ་ནོར་ར་རེ། །"
1662042,1665716,3674,"ཐུགས་རྗེས་མ་ལུས་འགྲོ་བ་འདྲེན་པ་དང༌། །ཆོས་བརྒྱད་གཞན་དོན་གཟུགས་བརྙན་ནོར་ར་རེ། །"
1665716,1669549,3833,"འོད་གསལ་ཆོས་ཉིད་ངང་ལ་འབྱམས་པ་དང༌། །སྟོང་པ་ཧད་པོར་ཤོར་བ་ནོར་ར་རེ། །"
1669549,1675342,5793,"གསུངས་དུས་ནོར་འཁྲུལ་བྱས་པ་དེ་སྐྱོན་དྲུག་ཡོད། གང་རེད་ཟེར་ན།"
1675342,1681162,5820,"བླ་མ་ལ་ཡིད་ཆེས་ཀྱིས་མོས་ཤིང་རང་གི་སྐྱོན་ཐམས་ཅད་དོར་ནས་"
1681162,1683734,2572,"སྐྱོ་བས་ཤེས་པ་མ་བདེ་བ་སྐྱེས་པ་དང་ནི།"
1683734,1688080,4346,"ཡང་ན་ཚ་གདོན་བགེགས་དབང་གིས་ཤེས་པ་སོ་ན་མི་གཏད་པ་རྐྱེན་ངན་པས་"
1688080,1691185,3105,"སྦུབས་སུ་དོག་པོ་འོང་བ་དེ་གཉིས་ཞིབ་ཏུ་མ་བརྟགས་ན་"
1691185,1693628,2443,"རྣམ་པ་འདྲ་བ་ཡོད་པས་ན་ནོར་འོང༌།"
1693628,1698355,4727,"བླ་མ་ལ་མོས་གུས་ཚད་མེད་པ་གཏིང་ནས་སྐྱེས་ཏེ་བསམ་རྒྱུ་བླ་མ་ལས་མེད་པ་"
1698355,1700575,2220,"བློ་སྣ་བླ་མས་འཕྲོག་པ་ཞིག་འགྱུར་བ་དང༌།"
1700575,1703529,2954,"བཅོས་མའི་སྒོ་ནས་ཁ་གསག་མཁས་པའི་སྒོ་ནས་"
1703529,1706526,2997,"དད་པ་ཡོད་མདོག་མདོག་བྱེད་པ་དེ་གཉིས་ནོར།"
1706526,1711142,4616,"ཡུད་ཙམ་བལྟས་ན་ཕན་ཚུན་འདྲ་བ་ཞིག་ཡོད་པས་དེ་ནོར་འགྲོ་བ་ཡིན།"
1711142,1716047,4905,"གཉེན་བཤེས་ཀྱི་སྣང་སེམས་འདི་ལ་འཁྲི་ཐག་རྩེ་གཅིག་ཏུ་ཆོད་པ་དང༌།"
1716047,1720387,4340,"དེ་ནས་རང་ལ་བརྩེ་བ་མེད་པའི་སེམས་ཐག་རིང་བ་དེ་གཉིས་ནོར་འོང་བ་ཡིན།"
1720387,1723505,3118,"ཡི་དམ་བསྟེན་ན་མཆོག་གི་དངོས་གྲུབ་མངོན་སུམ་དུ་སྟེར་བ་དང༌།"
1723505,1725865,2360,"བདུད་ཀྱི་བར་ཆད་ཀྱི་སྒོ་ནས་འགྲོ་དོན་རྒྱས་པ།"
1725865,1731058,5193,"ལུང་བསྟན་ཡོད་པ་དེ་འདྲ་འོང་ན་དེ་གཉིས་ནོར་ར་རེ་བ་ཡིན།"
1731058,1733369,2311,"ཐུགས་དམིགས་པ་མེད་པའི་སྙིང་རྗེ་ཆེན་པོས་"
1733369,1736622,3253,"མ་ལུས་འགྲོ་བ་ཐམས་ཅད་མཐོང་ཐོས་དྲན་རེག་གྲོལ་ནུས་པ་དང༌།"
1736622,1740368,3746,"འཇིག་རྟེན་ཆོས་བརྒྱད་ཀྱི་བྱ་བས་གཞན་དོན་གྲུབ་པ་གཉིས་ནོར་ར་རེ།"
1740368,1744641,4273,"འོད་གསལ་ཆོས་ཉིད་ཀྱི་ངང་ལ་དུས་རྟག་ཏུ་འབྱམས་ཏེ་ཡེངས་འཁྲུལ་མེད་པ་དང་"
1744641,1748091,3450,"རྒྱུ་འབྲས་ཆད་ལྟའི་སྟོང་ལྟ་ཧད་པོ་གཉིས་ནོར་བ་ཡིན།"
1748091,1752974,4883,"(205) དེ་དག་རང་བཞིན་བརྟག་པའི་ཆོས་དྲུག་ནི། །སྐྱོ་བས་མ་བདེ་ཡུལ་མཆོག་ཕྲད་ན་སངས། །"
1752974,1761040,8066,"རྐྱེན་ངན་གང་ལ་དགའ་བ་མེད་པའོ། །གཏིང་ནས་མོས་གུས་ལུས་སེམས་འགྱུར་བ་སྟེ། ཁ་ནས་དད་པ་དབང་པོ་མདངས་མི་འགྱུར། །འཁྲི་བ་ཆོད་པས་ཅི་ཀྱང་དགོས་མེད་ཤེས། །"
1761040,1764917,3877,"སེམས་ཐག་རིང་བ་གནས་སྐབས་བྱེ་བྲག་འོང༌། །དངོས་གྲུབ་མཆོག་སྟེར་ཉམས་དགའ་བྱིན་འཐིབས་ལ། །"
1764917,1768644,3727,"བདུད་ཀྱི་བར་ཆད་སྐྱི་ཟིང་ཤེས་པ་འཚུབ། །འགྲོ་བ་འདྲེན་པ་རང་འདོད་འཁྲིས་མེད་ལ། །"
1768644,1772777,4133,"ཆོས་བརྒྱད་གཞན་ཕན་རང་འདོད་རྙེད་བཀུར་འདོད། །ཆོས་ཉིད་ངང་འབྱམས་དབང་པོ་དྭངས་ཤིང་གསལ། །"
1772777,1777741,4964,"སྟོང་པ་ཧད་པོ་མུན་འཐོམས་ལྟ་བུ་སྟེ། །དེ་ཕྱིར་མ་ནོར་བྱེ་བྲག་ཤེས་པ་གཅེས། །"
1777741,1786023,8282,"ཞེས་པ་སྟེ། སྔ་མ་དེ་ནོར་ས་དྲུག་གི་རྣམ་པ་བསྟན་པ་དེ་ལ་"
1786023,1790523,4500,"དེའི་སྟེང་ནས་བརྟག་པ་བྱེད་པ་ནི།"
1790523,1793881,3358,"ཁམས་གསུམ་འཁོར་བའི་སྡུག་བསྔལ་གྱི་བྱ་བ་མཐོང་དུས་"
1793881,1799364,5483,"སེམས་མ་བདེ་བ་ཡོད་ན། ཡུལ་མཆོག་ཏུ་གྱུར་པ་བླ་མ་དང་གདམས་ངག་ལྟ་བུ་དང་ཕྲད་ན་"
1799364,1801742,2378,"དེ་སྐྱོ་བ་འདི་བསལ་འགྲོ་བ་ཡིན།"
1801742,1806859,5117,"རྐྱེན་ངན་པ་ན་ཚ་གདོན་བགེགས་གང་འབྱུང་ན་དེ་ལ་སེམས་དགའ་བ་མེད་པ་ཡིན།"
1806859,1809975,3116,"གཏིང་ནས་མོས་གུས་སྐྱེས་ལུས་སེམས་སྐྱིད་པ་དང༌།"
1809975,1813679,3704,"བླ་མ་ལ་ཁ་འབྱམས་ཚིག་གིས་ཁ་གསག་ལ་སོགས་པའི་སྒོ་ནས་"
1816869,1821389,4520,"ཁ་ནས་དད་པ་བྱེད་པ་འདི། གཏིང་ནས་མོས་གུས་འབྱུང་ན་ལུས་བ་སྤུ་ལྡང༌།"
1821389,1824814,3425,"མིག་ནས་མཆི་མ་འཁྲུག་མདངས་འགྱུར་འོང་བ་ཡིན།"
1824814,1828720,3906,"ཁའི་དད་པ་འདི་ཉིད་ལྟར་སྣང་ཡོད་ཡོད་ཙམ་མ་གཏོགས་དེ་ཙམ་མི་འོང༌།"
1828720,1832797,4077,"རྩད་ནས་འཁྲི་བ་ཆོད་པ་དེ་ལ་ཟས་ནོར་ལོངས་སྤྱོད་ལ་སོགས་པ་"
1832797,1835044,2247,"ཅི་ཡོད་ན་དགོས་མེད་དུ་ཤེས་པ་དང༌།"
1835044,1839706,4662,"སེམས་ཐག་རིང་བས་འཇིག་རྟེན་ཚེ་འདིའི་བྱ་བ་ཐག་རིང་པོ་ཞིག་ལ་བྱས་བཞག་ན་"
1839706,1841265,1559,"དུས་དང་གནས་སྐབས་ཤིག་ཞེན་པ་མེད་པ་འོང༌།"
1841265,1846621,5356,"མཆོག་གི་དངོས་གྲུབ་མྱོང་དུས་རྒྱུད་ལ་སྐྱེ་འོང་ན་ས་ལམ་གྱི་ཡོན་ཏན་རྒྱུད་ལ་སྐྱེས།"
1846621,1851560,4939,"མངོན་ཤེས་དང་ཏིང་ངེ་འཛིན་གྱིས་ཉམས་དགའ་བ་དང་བྱིན་འབེབས་པ་འོང་བ་ཡིན།"
1851560,1854671,3111,"བདུད་ཀྱི་བར་ཆད་ཡིན་ན་རང་བཞིན་དུ་སྐྱི་ཟིང་ཟིང༌།"
1854671,1857306,2635,"སྐྲག་བསྡད་པ་དང་ཤེས་པ་འཚུབ་པ་འོང་བ་ཡིན།"
1857306,1859397,2091,"འགྲོ་བ་སེམས་ཅན་ཐར་པའི་ལམ་དུ་འདྲེན་པ་"
1859397,1861403,2006,"འདི་ལ་རང་འདོད་ཀྱི་འཁྲིས་མེད་ལ།"
1861403,1864876,3473,"འཇིག་རྟེན་ཆོས་བརྒྱད་ཀྱིས་གཞན་ཕན་མང་པོ་སྤྱད་པའི་དགོས་པ་"
1864876,1867105,2229,"རང་འདོད་ཀྱི་རྙེད་བཀུར་འདོད་པ་ཡིན།"
1867105,1871699,4594,"ཆོས་ཉིད་ཀྱི་ངང་དུ་འབྱམས་ན་དབང་པོ་དྭངས་ཤིང་གསལ་བ་མ་གཏོགས་མེད།"
1871699,1876483,4784,"ཆོས་ཉིད་ཀྱི་ངང་དུ་མ་འབྱམས་ན་སྟོང་ལྟ་ཧད་པོ་མུན་ནག་འཐོམ་མེ།"
1876483,1878882,2399,"དེ་ཕྱིར་མ་ནོར་བྱེ་བྲག་ཤེས་པ་གཅེས།"
1878882,1882977,4095,"(206) གཅིག་ཆོག་དྲུག་གི་གདམས་ངག་བསྟན་པ་ནི། །སྐྱེ་བ་གཅིག་ཆོག་ད་རེས་འབྲེལ་ཐག་ཆོད། །"
1882977,1887044,4067,"ཚོགས་གསོག་གཅིག་ཆོག་བླ་མ་སངས་རྒྱས་ཁུར། །བྱ་བ་གཅིག་ཆོག་བླ་མ་སངས་རྒྱས་བསྒྲུབ། །"
1887044,1891283,4239,"བསླབ་པ་གཅིག་ཆོག་ཆོས་མིན་བྱ་བ་བོར། །ངོ་སྤྲོད་གཅིག་ཆོག་འགྱུ་བ་ཆོས་ཉིད་སྤྲོད། །"
1891283,1894972,3689,"ཉམས་ལེན་གཅིག་ཆོག་དེ་ཉིད་ངང་ལ་སྐྱོངས། །དེ་ལ་མཉན་ན་མྱུར་དུ་བདེ་ཆེན་འགྲུབ། །"
1894972,1900437,5465,"ཅེས་གདམས་ངག་གཅིག་ཏུ་ཆོག་པ་རྣམ་པ་དྲུག་ཡོད། གང་རེད་ཟེར་ན།"
1900437,1903744,3307,"སྐྱེ་བ་ད་ལྟ་ལེན་པ་འདི་གཅིག་གིས་ཆོག་རྒྱུ་ད་རེས་འདིའི་སྟེང་ནས་"
1903744,1908105,4361,"སྐྱེ་བ་བརྒྱུད་མི་དགོས་པ་ཐོད་པ་འབོར་ཆོག་ནས་འབྲེལ་ཐག་ཆོད་པ་ཡིན།"
1908105,1910741,2636,"ཚོགས་གསོག་སྒྲིབ་སྦྱོང་འདི་ལ་གཅིག་གིས་ཆོག་པ་ཡིན་པས་"
1910741,1915216,4475,"བླ་མ་སངས་རྒྱས་འདི་ལ་བསྟེན་ཏེ་བསོད་ནམས་དང་ཡེ་ཤེས་ཀྱི་ཚོགས་བསགས་ན།"
1915216,1919181,3965,"དེས་ཕན་ཡོན་ཆེ་བ་དང་དགོས་པ་ཆེ་བ་འདྲ་ཞིག་དེ་ལྟར་དུ་བྱེད།"
1919181,1922828,3647,"བྱ་བ་གཅིག་གིས་ཆོག་སྟེ་བླ་མ་མཛད་པ་རྣམ་ཐར་དེ་"
1922828,1925966,3138,"སངས་རྒྱས་གོ་འཕང་མངོན་སུམ་དུ་བསྒྲུབ་ན་རང་ཤུགས་ཀྱིས་བསྒྲུབ་རྒྱུ་ཡིན།"
1925966,1930522,4556,"བསླབ་པ་གཅིག་གིས་ཆོག་སྟེ་རྒྱུད་དྲན་པ་དང་ཤེས་བཞིན་གྱིས་བསྡམས་ནས་"
1930522,1933612,3090,"ཆོས་མིན་གྱི་བྱ་བ་སྤང་བར་བྱས་ན་དེས་ཆོག་པ་ཡིན།"
1933612,1937758,4146,"ངོ་སྤྲོད་གཅིག་གིས་ཆོག་སྟེ་སེམས་ཀྱི་འགྱུ་བ་རྣམ་རྟོག་གི་འཁྲུལ་བ་ཐམས་ཅད་"
1937758,1941142,3384,"ཆོས་ཉིད་ཀྱི་ཀློང་དུ་ངོ་སྤྲོད་ན་ཤར་གྲོལ་དུས་མཉམ་པ་ཡིན།"
1941142,1944637,3495,"ཉམས་ལེན་གཅིག་གིས་ཆོག་སྟེ་གཉུག་མ་མ་བཅོས་པའི་ངོ་བོ་དེ་ཉིད་བྱས།"
1944637,1948000,3363,"དེ་ལྟར་མཉན་ན་མྱུར་དུ་བདེ་བ་ཆེན་པོའི་གོ་འཕང་འགྲུབ་འགྲོ།"
1948000,1951929,3929,"(207) ཟབ་མོ་གནད་ཀྱི་གདམས་པ་རྣམ་དྲུག་ནི། །ཆོས་ཀྱིས་ཕན་འདོད་སེམས་ལ་གང་ཕན་བསྟེན། །"
1951929,1955951,4022,"རང་རྒྱུད་འདུལ་འདོད་རང་གྲོས་རང་ལ་ཐོབ། །ཆོས་སྐུ་ཐོབ་འདོད་ཐོལ་བྱུང་འགྱུ་ངོས་གཟུང༌། །"
1955951,1963204,7253,"ཉམས་སྐྱོང་སེམས་ཉིད་ཡེང་བོར་ནང་དུ་ལྟོས། །འགྱུ་དྲན་གཅོད་འདོད་རླུང་སེམས་གཅུད་ལ་བོར། །"
1963204,1969655,6451,"མཐར་ཐུག་སྐྱེལ་འདོད་མ་བཅོས་རྣལ་དུ་ཞོག །འདི་ནི་ཡང་ཟབ་སྙིང་པོའི་གདམས་པ་ཡིན། །"
1969655,1975841,6186,"ཞེས་པ་འདི་གང་རེད་ཟེར་ན། ཟབ་མོ་གནད་ཀྱི་གདམས་པ་དྲུག་ཡོད་དེ།"
1975841,1980029,4188,"ཆོས་ཀྱིས་རྒྱུད་ལ་ཕན་པར་འདོད་པ་ཡིན་ན། བླ་མའི་གདམས་ངག་ཡིན་ན་འདྲ།"
1980029,1984282,4253,"སངས་རྒྱས་ཀྱི་བཀའ་ཡིན་ན་འདྲ་རང་གི་སེམས་ལ་ངེས་འབྱུང་མོས་པ་མོས་གུས་"
1984282,1988709,4427,"གང་སྐྱེད་བྱེད་ཕན་པ་འདི་ཉིད་ཉམས་ལེན་གྱི་གཙོ་བོ་བསྟེན་པར་འགྱུར་བ་དེ་དགོས་པ་ཡིན།"
1988709,1991781,3072,"རང་གི་རྒྱུད་ཞི་ཞིང་དུལ་བ་ཞིག་འདོད་ན་དུས་རྟག་ཏུ་"
1991781,1996909,5128,"རང་གི་གྲོས་འདི་རང་ལ་ཐེབས་ནས་རང་གི་སྐྱོན་རིག་དུས་སྐྱོན་ཡོད་ན་ཕར་བསལ།"
1996909,1999319,2410,"ཡོན་ཏན་ཡིན་ན་ཚུར་བསྐྱེད་པ་ཡོད་པ་ཡིན།"
1999319,2002385,3066,"ཆོས་སྐུ་སྐྱེ་བ་མེད་པའི་གོ་འཕང་འདི་"
2002385,2005350,2965,"མངོན་སུམ་དུ་འཐོབ་པར་འདོད་པའི་རེ་བ་ཡོད་ན་ནི།"
2005350,2010922,5572,"སེམས་ཀྱི་འགྱུ་བ་ངོས་བཟུང་དང་བྲལ་བ་དེའི་ངང་དུ་མཉམ་པར་བཞག་པ་དེ་ཡིན།"
2010922,2013130,2208,"ཉམས་མྱོང་གིས་སེམས་ཉིད་ནང་དུ་སྐྱེས་ན་"
2013130,2015949,2819,"ཕྱི་རོལ་དུ་ཡེང་བ་བོར་བ་གནད་དུ་བཅོས་པ་ཡིན།"
2015949,2018888,2939,"རྣམ་རྟོག་གི་འགྱུ་དྲན་གཉིས་འཁྲུལ་བ་འདི་གཅོད་པར་འདོད་ན་"
2018888,2021684,2796,"རླུང་སེམས་གནད་དུ་བསྒྱུར་ཏེ་རླུང་བུམ་པ་ཅན་བཟུང་ན་"
2021684,2027196,5512,"རྣམ་རྟོག་རང་ཤུགས་ཀྱིས་ཉན་འོང་རྒྱུ་དེ་རེད། མཐར་ཐུག་གི་སྐྱེལ་མ་སངས་རྒྱས་ཀྱི་གོ་འཕང་འཐོབ་པར་འདོད་ན་"
2027196,2029534,2338,"མ་བཅོས་གཉུག་མའི་ངང་དུ་བཞག་པར་བྱས་ན་"
2029534,2031534,2000,"འདི་ནི་ཡང་ཟབ་སྙིང་པོའི་གདམས་པ་ཡིན།"
2031534,2034923,3389,"དེ་ལྟར་དུ་བརྩོན་པ་གལ་ཆེ་བ་ཡིན་ནོ།"
2051783,2059389,7606,"(208) །ཕྱི་ནང་རྟེན་འབྲེལ་རྟགས་དྲུག་མན་ངག་ནི། །དད་པ་སྐྱེས་རྟགས་འཇིག་རྟེན་བྱ་བ་གཏོང༌། །"
2059389,2066627,7238,"བྱིན་རླབས་ཞུགས་རྟགས་དམན་པའི་འདུ་ཤེས་བསྐྱེད། །གཞན་ཕན་སེམས་རྟགས་ཅི་བྱས་གཞན་ལ་ཕན། །"
2066627,2070971,4344,"མངོན་ཞེན་ལོག་རྟགས་ཆོས་བརྒྱད་མགོ་སྙོམས་པའོ། །དོན་དམ་འབྱོར་རྟགས་གཉིས་འཛིན་ངང་གིས་ཆུང༌། །"
2070971,2078248,7277,"རང་གྲོས་ཐེབས་རྟགས་དགེ་ལ་རྟག་པར་བརྩོན། །རྟགས་རྣམས་ལྡན་དེ་སྲིད་པའི་ཕ་རོལ་འགྲོ། །"
2078248,2085713,7465,"ཞེས་པ་སྟེ། ཕྱིའི་རྟེན་འབྲེལ་དང་ནང་གི་རྟེན་འབྲེལ་གཉིས་གཅིག་པ་ཡིན་དུས།"
2085713,2089601,3888,"ནང་ནས་ཆོས་ལ་ངེས་ཤེས་དང་ཉམས་མྱོང་སྐྱེ་འོང་ན་ཕྱིའི་རྟེན་འབྲེལ་ཡང་"
2089601,2093023,3422,"དེ་ལྟར་དུ་འགྲོ་སྟེ་དེའི་རྟགས་རྣམ་པ་དྲུག་ཡོད། གང་རེད་ཟེར་ན།"
2093023,2097717,4694,"རང་གི་སེམས་དད་པ་སྐྱེས་པའི་རྟགས་འཇིག་རྟེན་ཚེ་འདིའི་བྱ་བ་ཐམས་ཅད་བློས་བཏང༌།"
2097717,2102448,4731,"དེ་ལ་ཞེན་ཆགས་མེད་པ་འགྱུར་བ་ཡིན།"
2102448,2106128,3680,"བླ་མའི་བྱིན་རླབས་རྒྱུད་ལ་ཞུགས་པའི་རྟགས་སུ་རང་ལ་ང་རྒྱལ་མེད་པ་"
2106128,2109706,3578,"རང་ལས་དམན་པ་གཅིག་ཀྱང་མེད་སྙམ་པའི་དམན་པའི་འདུ་ཤེས་བསྐྱེད།"
2109706,2114398,4692,"གཞན་ཕན་བྱང་ཆུབ་མཆོག་ཏུ་སེམས་བསྐྱེད་པ་འདི་རྒྱུད་ལ་སྐྱེས་པའི་རྟགས་ཅི་ཡིན་ཟེར་ན་"
2114398,2118427,4029,"ལུས་ངག་ཡིད་གསུམ་གྱིས་བྱ་བ་ཅི་བྱས་ན་སེམས་ཅན་ལ་ཕན་ཐོགས་པ་ཡིན།"
2118427,2121815,3388,"ཚེ་འདིའི་བྱ་བ་ལ་ཞེན་པ་ལོག་པའི་རྟགས་ཅི་ཡིན་ཟེར་ན།"
2121815,2124696,2881,"འཇིག་རྟེན་ཆོས་བརྒྱད་ལ་དོན་གཉེར་གྱི་རེ་དོགས་མང་པོ་མེད་པ་"
2124696,2126445,1749,"མགོ་སྙོམས་པར་འགྱུར་བ་ཡིན།"
2126445,2131002,4557,"དོན་དམ་པའི་ལྟ་བ་རྒྱུད་ལ་འབྱོར་བའི་རྟགས་གཟུང་འཛིན་གཉིས་སྣང་གི་འཁྲུལ་བ་ཐམས་ཅད་"
2131002,2133365,2363,"རང་ཤུགས་ཀྱིས་ཆུང་དུ་འགྲོ་བ་ཡིན།"
2133365,2138542,5177,"རང་གིས་རང་ལ་གྲོས་བཏབ་སྟེ་གྲོས་མ་ནོར་བའི་རྟགས་"
2138542,2141741,3199,"ཉིན་མཚན་གཉིས་ཀ་དགེ་ལ་རྟག་པར་བརྩོན་པ་སྟེ།"
2141741,2143964,2223,"དེ་ལྟ་བུ་རྟགས་དྲུག་དང་ལྡན་པའི་གང་ཟག་དེ་"
2143964,2148003,4039,"སྲིད་པ་ཁམས་གསུམ་འཁོར་བའི་སྡུག་བསྔལ་གྱི་རྒྱ་མཚོ་དེའི་ཕ་རོལ་འགྲོ་བ་ཡིན།"
2148003,2151711,3708,"(209) རྫོགས་པ་ཆེན་པོ་རྡོ་རྗེའི་ཚིག་དྲུག་ནི། །གཞི་ཡི་རྫོགས་ཆེན་སེམས་ཉིད་གཏན་ལ་དབབ། །"
2151711,2157036,5325,"ལམ་གྱི་རྫོགས་ཆེན་མཐའ་གྲོལ་གནད་དུ་བསྣུན། །འབྲས་བུའི་རྫོགས་ཆེན་རེ་དོགས་ཟད་སར་སྐྱོལ། །"
2157036,2160735,3699,"ཡུལ་གྱི་རྫོགས་ཆེན་སྣང་བ་འཛིན་མེད་གྲོལ། །སེམས་ཀྱི་རྫོགས་ཆེན་རྣམ་རྟོག་གྲོགས་སུ་འཆར། །"
2160735,2165140,4405,"དོན་གྱི་རྫོགས་ཆེན་འགྱུ་བ་རང་ཡལ་དངས། །དེ་ལྟར་སུས་ཤེས་རྣལ་འབྱོར་རྒྱལ་པོ་ཆེ། །"
2165140,2169958,4818,"ཞེས་པ་སྟེ། རྫོགས་པ་ཆེན་པོ་ཞེས་བྱ་བ་འདི། ཅི་རྫོགས་ཡོད་རེད་ཟེར་ན།"
2169958,2173361,3403,"དེ་ནས་རྫོགས་པའི་རྟགས་མ་ནོར་བ་རྟགས་དྲུག་ཡོད།"
2173361,2181208,7847,"རྫོགས་ཆེན་ཆོས་ཉིད་ཀྱི་ངོ་བོ་གཅིག་ལས་སྒྲིབ་པ་དང་བཅས་པའི་དུས་སུ་གཞི།"
2181208,2184669,3461,"སྒྲིབ་པ་དག་མ་དག་གཉིས་ཀ་འདྲེས་པའི་དུས་སུ་ལམ།"
2184669,2188096,3427,"སྒྲུབ་པ་མཐར་ཕྱིན་པའི་རྟགས་སུ་འབྲས་བུ་ཟེར་བ་ཡིན་པའི་ཕྱིར་ན།"
2188096,2190696,2600,"གཞིའི་རྫོགས་ཆེན་ཟེར་མཁན་འདི་གང་རེད་ཟེར་ན།"
2190696,2193386,2690,"སེམས་ཀྱི་ཆོས་ཉིད་ཀ་དག་དང་ལྷུན་གྲུབ་དེ་"
2193386,2196655,3269,"སྟོང་པ་དང་གསལ་བ་གཉིས་ཟུང་འཇུག་གཏན་ལ་ཕབ་འོང་ན་"
2196655,2198429,1774,"གཞིའི་རྫོགས་པ་ཆེན་པོ་ཡིན།"
2198429,2203372,4943,"དེ་ཀ་དག་ལྷུན་གྲུབ་ཟུང་འཇུག་གི་ངོ་བོ་འདི་ཉམས་སུ་ལེན་པའི་ལམ་དེ་ལ་ཉམས་སུ་ལེན་འོང་ན་"
2203372,2205811,2439,"ཡོད་མེད་རྟག་ཆད་ཀྱི་མཐའ་ཐམས་ཅད་ལས་བྲལ་ཏེ་"
2205811,2208666,2855,"ཟང་ཐལ་གྱི་དགོངས་པ་གནད་དུ་བསྣུན་ན་"
2208666,2211158,2492,"དེ་ལམ་གྱི་རྫོགས་ཆེན་ཐོབ་པའི་རྟགས་ཡིན།"
2211158,2218854,7696,"འབྲས་བུ་རྫོགས་པ་ཆེན་པོ་དེ་སངས་རྒྱས་ཨེ་ཐོབ་ཀྱི་རེ་བ་མི་ཐོབ་ཀྱི་དོགས་པ་མེད་པ་"
2218854,2222222,3368,"སེམས་ཉིད་རང་ངོ་ལ་སངས་རྒྱས་སྐུ་གསུམ་གྱི་ཡོན་ཏན་རྫོགས་པ་ཤེས་ཏེ་"
2222222,2223790,1568,"ཆོས་ཉིད་ཟད་སར་སྐྱོལ་བ་ཡིན།"
2223790,2227863,4073,"ཡུལ་གྱི་རྫོགས་པ་ཆེན་པོ་ཤེས་ན་ཕྱི་ཚོགས་དྲུག་གི་སྣང་བ་"
2227863,2230815,2952,"གང་ཤར་ན་ཚོགས་དྲུག་གི་སྣང་བ་བཟང་པོ་ལ་ཆགས་པ།"
2230815,2234774,3959,"ངན་པ་ལ་སྡང་བ་མེད་པ་འཛིན་མེད་རང་སར་དུ་གྲོལ་བ་འགྱུར་བ་ཡིན།"
2234774,2237665,2891,"སེམས་ཀྱི་རྫོགས་ཆེན་ཤེས་ན་སེམས་ཟེར་རྒྱུ་དེ།"
2237665,2239767,2102,"སེམས་ཉིད་ཟེར་ན་སེམས་ཀྱི་གནས་ལུགས་དེ་རེད།"
2239767,2241326,1559,"སེམས་ཟེར་ན་རྣམ་རྟོག་རེད།"
2241326,2245278,3952,"རྣམ་རྟོག་ཐམས་ཅད་ཉམས་ལེན་གྱི་གྲོགས་སུ་ཤར་འགྲོ་ལེ་མ་གཏོགས།"
2245278,2248744,3466,"རྣམ་རྟོག་གིས་ཉམས་ལེན་འདི་སྦག་མི་བྱེད་བར་ཆད་མི་བྱེད་པ་སྟེ་"
2248744,2250357,1613,"སེམས་ཀྱི་རྫོགས་པ་ཆེན་པོ་ཡིན།"
2250357,2253924,3567,"དེ་ནས་དོན་གྱི་རྫོགས་ཆེན་ཟེར་མཁན་འདི་རྣམ་རྟོག་གི་འགྱུ་བ་"
2253924,2258255,4331,"རང་སར་ཡལ་ཏེ་སྐྱེ་འགག་གནས་གསུམ་དང་བྲལ་བའི་ངོ་བོ་ཡིན།"
2258255,2263598,5343,"དེ་ལྟར་ཤེས་སོང་ན་རྣལ་འབྱོར་རྒྱལ་པོ་རྫོགས་པ་ཆེན་པོའི་རྣལ་འབྱོར་པ་ཡིན་པའི་རྟགས་ཡིན།"
2263598,2267211,3613,"(210) གདེང་དུ་ཚུད་པའི་རྟགས་དྲུག་འཆར་བ་ནི། །བར་དོ་རང་ཞི་སྐྱེལ་མ་བཟང་པོ་འདྲ། །"
2267211,2271760,4549,"སྒྲིབ་པ་རང་དག་ནོར་བུ་རང་དངས་འདྲ། །ཉམས་མྱོང་རང་འབར་ཆང་གི་གླུམ་ལངས་འདྲ། །"
2271760,2275609,3849,"བདེ་ཆེན་རང་འབར་གར་ཆང་འཐུངས་པ་འདྲ། །སེམས་ཉིད་རང་ཟིན་སྦྲང་མ་རྩི་འབྱར་འདྲ། །"
2275609,2279983,4374,"བྱིན་རླབས་ཤུགས་འབྱུང་ལོ་ཐོག་ལེགས་པ་འདྲ། །དེ་ལྟར་འཆར་དུས་རྣལ་འབྱོར་ཆེན་པོ་ཡིན། །"
2279983,2285764,5781,"ཞེས་པ་སྟེ། ད་རྫོགས་པ་ཆེན་པོ་རྣམ་པ་དྲུག་འདི་ཉམས་ལེན་གྱི་གདེང་དུ་ཚུད་པའི་རྟགས་དྲུག་ཡོད།"
2285764,2294878,9114,"གང་རེད་ཟེར་ན། བར་དོའི་གནས་སྐབས་ན་ད་ལྟ་ལམ་གྱི་འོད་གསལ་བུ་ལྟ་བུ་དེ་དང༌།"
2294878,2297633,2755,"བར་དོའི་གནས་སྐབས་ན་གཞིའི་འོད་གསལ་མ་ལྟ་བུ་དེ་གཉིས་"
2297633,2301450,3817,"རོ་གཅིག་ཏུ་འདྲེས་ཏེ་བར་དོའི་འཁྲུལ་སྣང་ཅུང་ཟད་ཙམ་ཡང་མེད་ན།"
2301450,2305191,3741,"དགྲ་རྐུན་མའི་དོགས་པ་མང་པོ་ཡོད་ས་ཞིག་ལ་མི་དཔའ་བོ་མང་པོས་"
2305191,2307523,2332,"སྐྱེལ་མ་བྱེད་འོང་ན་དགྲ་རྐུན་ལ་སྐྲག་དགོས་རྒྱུ་མ་རེད་"
2307523,2309397,1874,"དཔེ་དེ་ལྟ་བུ་འགྲོ་བ་ཡིན།"
2309397,2312346,2949,"ཉོན་ཤེས་སྒྲིབ་པ་དེ་ཆོས་ཉིད་ཀྱི་དོན་རྟོགས་ན་"
2312346,2314034,1688,"རང་ཤུགས་ཀྱིས་དག་འགྲོ་དུས།"
2314034,2316420,2386,"དཔེར་ན་ཡིད་བཞིན་གྱི་ནོར་བུ་རིན་པོ་ཆེ་དངས་མ་དེ་"
2316420,2318879,2459,"ཕྱི་ནང་གཉིས་ཀ་དངས་མ་ཤེལ་ལྟ་བུ་ཞིག་རེད།"
2318879,2321316,2437,"ས་རྡོ་རི་བྲག་ཕལ་པའི་རྣམ་པ་ཡོད་མ་རེད།"
2321316,2324460,3144,"སྒྲིབ་པ་རང་དག་ན་དེ་ལྟ་བུ་ཞིག་འགྱུར་བ་ཡིན།"
2324460,2328357,3897,"ཉམས་མྱོང་རང་ཤུགས་ཀྱིས་འཆར་ཏེ་ཆེད་དུ་འབད་མི་དགོས།"
2328357,2330818,2461,"དཔེར་ན་ཆང་གླུམ་བརྒྱབ་སྟེ་བསྙལ་བཞག་དུས་"
2330818,2334414,3596,"ཆང་ཁོ་རང་གི་རོ་བཅུད་ནུས་པ་ཐམས་ཅད་རང་ཤུགས་ཀྱིས་ཚུར་སྣང་རེད།"
2334414,2338075,3661,"ཆེད་དུ་མི་ལ་བསྐུལ་བ་ལ་སོགས་པ་དགོས་མ་རེད་དུས་དེ་ཡིན།"
2338075,2342768,4693,"དེ་ཉམས་མྱོང་སེམས་ལ་འབར་འོང་བའི་བདེ་བ་ཆེན་པོ་"
2342768,2346454,3686,"དུས་རྟག་ཏུ་མཉམ་དུ་སེམས་གུ་ཡངས་སྐྱིད་པོ་ཞིག་འོང་བ་དེ།"
2346454,2350177,3723,"དཔེར་ན་ཆང་གར་མ་འཐུངས་ཆང་གིས་བཟི་ཚར་དུས་དེ་ན་མིག་ཆེན་པོ་བགྲད།"
2350177,2353743,3566,"ཁ་མང་པོ་སྨྲ། སུ་ལ་སྐྲག་མི་དགོས་རེད། དེ་ལྟ་བུ་འགྱུར་བ་ཡིན།"
2353743,2356585,2842,"སེམས་ཉིད་ཀྱི་རང་ས་ཟིན་སོང་ནས་བཟུང་སྟེ།"
2356585,2364413,7828,"དཔེར་ན་སྦྲང་མ་དེ་ཉིད་ཀྱི་སྦྲང་རྩི་ཞིག་བྱུག་བཞག་ན་དེའི་སྟེང་དུ་འབབ་འོང་ན་"
2364413,2367607,3194,"ཁོས་སྦྲང་རྩིའི་རོ་དེ་མྱོང་བ་དང་རྐང་ལག་ཐམས་ཅད་དེ་ལ་འབྱར།"
2367607,2370227,2620,"དེ་ཚུར་སྦྲང་མ་དེ་ཁ་ཁ་བྱེད་ཐུབ་ཀྱི་མ་རེད།"
2370227,2374438,4211,"དཔེ་དེ་ལྟར་ སེམས་ཉིད་རང་ས་ཟིན་ཚར་ན་འཁྲུལ་པའི་རྣམ་རྟོག་མེད།"
2374438,2377742,3304,"བྱིན་རླབས་རང་ཤུགས་ཀྱིས་སེམས་ལ་འཇུག་འོང་ན་"
2377742,2380030,2288,"སྟོན་ཁ་དཔེར་ན་ལོ་ཐོག་ལེགས་སོང་ན།"
2380030,2384721,4691,"སོ་མ་དང་ཕུབ་མ་ཐམས་ཅད་ཆེད་དུ་འཚོལ་མི་དགོས་པ་རང་ཤུགས་ཀྱིས་འོང་རྒྱུ་རེད།"
2384721,2386247,1526,"བླ་མའི་བྱིན་རླབས་ཞུགས་པའི་རྟགས་"
2386247,2388161,1914,"ཉམས་དང་རྟོགས་པ་རང་ཤུགས་འབྱུང་འོང་དུས།"
2388161,2392240,4079,"དེ་ལྟར་འཆར་དུས་རྣལ་འབྱོར་པ་ཆེན་པོ་རྣལ་འབྱོར་རབ་ཅེས་པ་ཡིན།"
2407629,2412466,4837,"སྒྲུབ་པ་དལ་ཁོམ་བྱེད་པས་དངོས་གྲུབ་ཕྱོགས་མ་ཉེ། །དགེ་སྦྱོར་རྐྱེན་ཟློག་བྱེད་པས་སངས་རྒྱས་ཕྱོགས་མ་ཉེ། །"
2412466,2417356,4890,"བཟླས་བརྗོད་ལོང་གཏམ་བྱེད་པས་ནུས་མཐུ་ཕྱོགས་མ་ཉེ། །ཡོན་ཏན་ང་རྒྱལ་བྱེད་པས་གནས་ལུགས་ཕྱོགས་མ་ཉེ། །"
2417356,2421891,4535,"ལག་ལེན་མི་ཆོས་བྱེད་པས་ལྷ་ཆོས་ཕྱོགས་མ་ཉེ། །དེ་ལྟར་མ་སོང་ཤིན་ཏུ་གཅེས་པ་ལགས། །"
2421891,2424761,2870,"ཟེར་དུས་དམ་པའི་ཆོས་དང་ཐག་རིང་པོ་རེད་སོང་བའི་དེ་"
2424761,2428408,3647,"ཐག་རིང་པོའི་ཉེས་པ་དྲུག་ཡོད། གང་རེད་ཟེར་ན།"
2428408,2432887,4479,"རང་གིས་མཆོད་པ་ཕུལ་བའི་གནས་ཕ་མ་དང་ཉེ་འབྲེལ་བྱས་ན།"
2432887,2437089,4202,"དེ་ལ་དུས་རྒྱུན་དུ་བརྩེ་སེམས་ཡོང་བྱེད་ཀྱི་དེ་བསྙེན་བཀུར་ལ་སོགས་པ་བྱས་ན་"
2437089,2439975,2886,"རང་གི་ཕ་མ་ཉེ་འབྲེལ་བརྩེ་གདུང་ཡོད་བསྡད་པ་དེ་ལ་"
2439975,2442575,2600,"བསོད་ནམས་དང་ཡེ་ཤེས་ཀྱི་ཚོགས་ཆེན་པོ་རྫོགས་ཀྱི་མ་རེད།"
2442575,2446010,3435,"ཆོས་སྒྲུབ་པ་དེ་ལའང་རེས་འགའ་སྒྲུབ་པ་མང་པོ་བྱས།"
2446010,2448643,2633,"རེས་འགའ་མི་བྱེད་འཕྲོ་བརླག་བྱས་བཞག་ན་"
2448643,2452726,4083,"མཆོག་དང་ཐུན་མོང་གི་དངོས་གྲུབ་ཕྱོགས་མི་ཉེ་སྟེ་ཐག་རིང་པོ་ལ་འགྱུར་བ་ཡིན།"
2452726,2456316,3590,"དགེ་སྦྱོར་གང་བརྩམས་པ་བྱས་ན་སྲུང་ཟློག་བསད་པ་ལ་སོགས་པ་"
2456316,2458597,2281,"ཡོན་བདག་གི་རྐྱེན་ཟློག་གཙོ་བོར་བྱས་སོང་ན་"
2458597,2462960,4363,"སངས་རྒྱས་གོ་འཕང་འཐོབ་བྱེད་མཆོག་གི་དངོས་གྲུབ་རྒྱུ་འགྱུར་རྒྱུ་མ་རེད་དེ་ཕྱོགས་མ་ཉེ།"
2462960,2466880,3920,"བསྙེན་པ་བཟླས་བརྗོད་བྱེད་ནས་སྐད་ཆ་མང་པོ་བཤད་དགོས་པའི་སྡིག་པ་བྱས་ན།"
2466880,2471252,4372,"དཔེར་ན་འབྲུ་ཡིན་ན་ལྷད་དང་འདྲེས་སོང་བ་ལྟ་བུ་ཡིན་པས་"
2471252,2474981,3729,"དེ་བཟླས་བརྗོད་བྱས་པའི་ནུས་མཐུ་འོང་རྒྱུ་མ་རེད།"
2474981,2478893,3912,"རང་ལ་ཡོན་ཏན་ཡོད་པ་འདི་མཆོག་འཛིན་གྱི་ང་རྒྱལ་ཆེན་པོ་བྱས་ན་"
2478893,2481384,2491,"གནས་ལུགས་ཀྱི་ལྟ་བ་རྟོགས་རྒྱུ་ཡོད་རྒྱུ་མ་རེད་དེ།"
2481384,2484217,2833,"ང་རྒྱལ་གྱི་གོང་བུ་ལ། ཡོན་ཏན་གྱི་ཆུ་མི་ཆགས་ཟེར་བ་ཡིན།"
2484217,2487449,3232,"ལག་ཏུ་ལེན་རྒྱུ་ལས་ཀ་གང་ཡོད་པ་བྱེད་པ་འདི་"
2487449,2490924,3475,"ཡོན་བདག་གི་མཐུན་སྦྱོར་འདྲ་ཆེན་པོ་ལ་པད་ལས་བྱེད་རྒྱུ་འདྲ།"
2490924,2494859,3935,"དེ་འདྲ་བྱེད་བསྡད་ན་དམ་པའི་ཆོས་ཀྱི་ལྷ་ཆོས་དང་རྒྱབ་འགལ་བ་འགྱུར་བ་ཡིན་པས་"
2494859,2499128,4269,"དེ་ཐག་རིང་པོའི་སྐྱོན་དྲུག་འདི་མ་སོང་བ་ཤིན་ཏུ་གཅེས་པ་ཡིན།"
2499128,2502889,3761,"(212) ཁེ་ཉེན་ཆེ་བའི་གདམས་པ་རྣམ་དྲུག་ནི། །དམུ་རྒོད་དག་དང་འབྲེལ་འདྲིས་བྱེད་པ་དང༌། །"
2502889,2506764,3875,"རང་རྒྱུད་ངན་དང་ཆོས་ཀྱིས་འབྲེལ་པ་དང༌། །གཉེན་པོ་མེད་པས་བསླབ་ཁྲིམས་ལེན་པ་དང༌། །"
2506764,2513127,6363,"ཐོས་བསམ་མེད་པས་སྒོམ་པ་བྱེད་པ་དང༌། །དམ་ཚིག་ཕྱལ་བའི་གསང་སྔགས་བསྒྲུབ་པ་དང༌། །"
2513127,2516881,3754,"དེད་དཔོན་རྒྱ་མཚོར་ནོར་བུ་ལེན་པ་རྣམས། ཁེ་ཆེན་ཆེ་བས་ལེགས་པར་བརྟག་པ་གཅེས། །"
2516881,2521783,4902,"ཞེས་པ་སྟེ་དེ་གང་རེད་ཟེར་ན། བྱ་བ་འདི་བསྒྲུབས་ནས་ཁེ་ཁུགས་སོང་ན་"
2521783,2524362,2579,"མྱུར་དུ་སངས་རྒྱས་གོ་འཕང་ཐོབ་པ་ལྟ་བུ་དང༌།"
2524362,2527584,3222,"བྱ་བ་ལམ་དུ་མ་སོང་ན་ཉེན་ཁ་ཆེན་པོའི་རྣམ་པ་དྲུག་ཡོད།"
2527584,2531870,4286,"གང་རེད་ཟེར་ན། མི་དམུ་རྒོད་དམ་པའི་ཆོས་ཀྱི་སྣོད་དུ་མ་གྱུར་པ་"
2531870,2535679,3809,"ཉོན་མོངས་པ་དུག་ལྔ་རགས་པ་དང་ལྷན་ཅིག་ཏུ་འབྲེལ་འདྲིས་བྱེད་བསྡད་ན།"
2535679,2540030,4351,"དེ་སྐྱོན་འདིས་རང་གི་ཆོས་ལམ་ལས་ཐག་རིང་པོ་བྱེད་དུས་ཁེ་ཉེན་ཆེན་པོ་རེད།"
2540030,2543308,3278,"རང་རྒྱུད་ཀྱི་གཤིས་འདི་དམ་པའི་ཆོས་དང་མི་སྦྱོར་བ།"
2543308,2546821,3513,"གཤིས་གྱོང་པོ་ང་རྒྱལ་དང་ཕྲག་དོག་ཆེན་པོ་དེ་ལྟ་བུ་"
2546821,2550588,3767,"ངན་པའི་བླ་མ་དང་ཆོས་ཀྱི་འབྲེལ་བ་བཞག་ན་"
2550588,2553930,3342,"གཤིས་ངན་དེས་རང་ལ་ཡོན་ཏན་འཕེལ་རྒྱུ་མ་རེད་དུས་དེ་རེད།"
2553930,2558033,4103,"རང་གི་སོ་བྱང་སྔགས་གསུམ་གྱི་བསླབ་ཁྲིམས་ཡོང་གི་ཡོད་ན་"
2558033,2560720,2687,"དེ་བསླབ་ཁྲིམས་དེ་ལ་དྲན་པ་དང་ཤེས་བཞིན་གྱི་གཉེན་པོ་མེད་ན།"
2560720,2563193,2473,"སྡོམ་པ་ཉམས་ཤིང་དམ་ཚིག་རལ་བ་སྟེ། །"
2563193,2565926,2733,"ཟེར་མཁན་དེ་རེད་འགྲོ་རེད། དེ་ཁེ་ཉེན་ཆེན་པོ་ཡིན།"
2565926,2569006,3080,"ཐོས་བསམ་རྒྱ་ཆེན་པོ་ཞིག་མེད་པ་སྒོམ་པ་ཡིན་ཟེར་ན།"
2569006,2571286,2280,"དཔེར་ན་མུན་ནག་གི་ནང་ལ་རྡོ་འཕེན་བསྡད་ན་"
2571286,2573109,1823,"འབེན་ལ་འཕོག་པའི་དུས་ཡོད་རྒྱུ་མ་རེད།"
2573109,2575322,2213,"ཐོས་བསམ་གནད་དུ་མ་སོང་ནས་སྒོམ་པ་བྱས་ན་"
2575322,2578808,3486,"བླུན་སྒོམ་རྡོ་འཕེན་པ་ཟེར་མཁན་དེ་རེད་དུས་དེ་ཉེས་པ་ཡིན།"
2578808,2585246,6438,"དམ་ཚིག་རྣམ་པར་དག་པ་ཞིག་ཚུལ་བཞིན་དུ་མི་བསྲུངས་ནས་"
2585246,2588482,3236,"དམ་ཚིག་འཆལ་ཏེ་དམ་ཚིག་ཉམས་སོང་ན་"
2588482,2591097,2615,"དེས་གསང་སྔགས་སྒྲུབ་བསྡད་ན་གྲུབ་པའི་འབྲས་བུ་ཡོང་རྒྱུ་མ་རེད།"
2591097,2594939,3842,"ཆར་ཕབ་ན་ཐན་པ་འབྱུང༌། ནོར་བསྒྲུབ་ན་བསེ་རག་འཁོར་དེ་འདྲ་རེད་འོང༌།"
2594939,2599139,4200,"དེད་དཔོན་གྱིས་རྒྱ་མཚོ་ནས་ནོར་བུ་ལེན་པར་བྱས་ན་"
2599139,2602713,3574,"དེ་དེད་དཔོན་འདིས་ཡང་ན་རྒྱ་མཚོ་ནས་ནོར་བུ་ལེན་ཐུབ་ཀྱི་རེད།"
2602713,2607112,4399,"ཡང་ན་རྒྱ་མཚོ་ནང་ཤི་འགྲོ་རེད། ཁེ་ཉེན་ཆེ་བས་དེ་ལྟ་བུ་ལེགས་པར་བརྟག་སྟེ་"
2607112,2610608,3496,"ཁེ་འདི་ཨེ་ཁུག་ལྟ་ཉེན་འདི་མི་བྱ་བ་གཅེས།"
2610608,2615770,5162,"(213) ཉམས་སུ་ལེན་པའི་གདམས་ངག་རྣམ་དྲུག་ནི། །སྣང་བ་ཅི་ཤར་རང་ངོ་རང་སངས་བཏང༌། །"
2615776,2621740,5964,"རིག་པ་ཅི་རིག་རང་བྱུང་རང་དག་བཞག །འགྱུ་བ་ཅི་འགྱུ་བྱ་ལམ་རྗེས་མེད་ཁྱེར། །"
2621740,2628799,7059,"དབྱེར་མེད་མཐའ་གྲོལ་རྒྱ་ཡན་ཡེ་གྲོལ་ཐོང༌། །གྲོལ་མཁན་བལྟས་པས་འཁོར་འདས་ཕུགས་སྟོང་ལྟོས། །"
2628799,2632823,4024,"གཉིས་འཛིན་ཞིག་པས་གནས་ལུགས་གཞི་ལ་བསྐྱལ། །དེ་ལྟར་ཤེས་ན་ཐེག་མཆོག་དོན་ལ་མཁས། །"
2632823,2636669,3846,"ཞེས་པ་སྟེ། ཉམས་སུ་ལེན་པའི་གདམས་ངག་རྣམ་པ་དྲུག་ཡོད།"
2636669,2641839,5170,"གང་རེད་ཟེར་ན། སྣང་བ་ཅི་ཤར་ན་སྣང་བ་དེ་ཁོ་རང་གཉེན་པོ་ཆེད་དུ་བསྟེན་པ་དང་"
2641839,2644325,2486,"དགག་སྒྲུབ་མི་བྱ་བ་རང་གྲོལ་རང་སངས་བྱས་ན།"
2644325,2648627,4302,"ཕྱི་རོལ་སྣང་བ་དེས་ནང་གི་རིག་པ་དེ་བསླུ་མི་ཐུབ་པས་སྣང་བ་དང་"
2648627,2652627,4000,"ཤེས་པ་གཉིས་ཕན་ཚུན་ལག་པ་སྦྲེལ་ཐུབ་ཀྱི་མ་རེད།"
2652627,2658412,5785,"རིག་པ་ཅི་བཟང་ངན་ཅི་རིག་སོང་ན་རྣམ་རྟོག་ཐམས་ཅད་"
2658412,2659992,1580,"རང་བྱུང་རང་ས་ལ་བཞག་བཞག་ན།"
2659992,2662836,2844,"ཕན་པ་དང་གནོད་པ་མེད་པ་རང་དག་ཏུ་འགྲོ་ཡི་རེད།"
2662836,2666662,3826,"རྣམ་རྟོག་བཟང་ངན་ཅི་འགྱུ་ན་རྣམ་རྟོག་དེའི་རྗེས་སུ་མ་དཔྱད་ན་"
2666662,2671088,4426,"ཕུར་སོང་ན་བྱའི་ལམ་ག་འདི་རེད་ཟེར་མཁན་ཡོད་རྒྱུ་མ་རེད་དུས་"
2671088,2674852,3764,"བྱ་ལམ་རྗེས་མེད་དུ་འགྲོ་ཡི་རེད། སྣང་སྟོང་དབྱེར་མེད།"
2674852,2678048,3196,"རིག་སྟོང་དབྱེར་མེད་ཀྱི་དོན་རྟོགས་སོང་ན་རྟག་ཆད་ཀྱི་མཐའ་དང་བྲལ་ཏེ་"
2678048,2680957,2909,"ལྟ་བ་རྒྱ་ཆེན་པོ་ཡེ་གྲོལ་གྱི་ངང་འགྲོ་ཡི་རེད།"
2680957,2684052,3095,"ལྟ་བ་རྒྱ་ཆེན་པོ་ཡེ་གྲོལ་གྱི་ངང་འགྲོ་ཡི་རེད།"
2684052,2687201,3149,"གཅིག་ཏུ་འདྲེས་འགྲོ་བ་མ་གཏོགས་སོ་སོ་ཡོད་རྒྱུ་མ་རེད་དུས་ནི་"
2687201,2690267,3066,"འཁོར་འདས་ཕུགས་སྟོང་དུ་རྟོགས་པ་ཡིན།"
2690267,2693796,3529,"གཉིས་སྣང་གི་འཁྲུལ་པ་ཤེས་པའི་གནས་ལུགས་མ་བཅོས་པའི་ངོ་བོ་གཞི་ལ་"
2693796,2698151,4355,"ལེགས་པར་བཙལ་ཏེ་གཞིའི་ཐོག་ལ་ཕྱིན་སོང་ན་གཉིས་འཛིན་རང་ཤུགས་ཀྱིས་"
2698151,2700030,1879,"ཞིག་མི་འོང་པའི་ཐབས་ཡོད་རྒྱུ་མ་རེད་དུས།"
2700030,2703661,3631,"དེ་ལྟར་ཤེས་ན་ཐེག་མཆོག་རྫོགས་པ་ཆེན་པོའི་དོན་ལ་མཁས་པ་ཡིན།"
2703661,2707782,4121,"(214) མིན་པ་དྲུག་གི་ལ་ཤན་དབྱེ་བ་ནི། །བསོད་ནམས་གྲགས་འདོད་བླ་མ་བཟང་པོ་མིན། །"
2707782,2712058,4276,"ནོར་རྫས་ཆེར་འཛིན་ཆོས་སྒྲུབ་བཟང་པོ་མིན། །མི་ཆོས་གཙོར་འཛིན་རབ་བྱུང་བཟང་པོ་མིན། །བདག་ལྟ་ཕྱོགས་འཛིན་རྣལ་འབྱོར་བཟང་པོ་མིན། །བསྐལ་པར་རིམ་བགྲོད་གསང་སྔགས་བཟང་པོ་མིན། །"
2712058,2717146,5088,"ཕྱོགས་ལྷུང་རྒྱ་ཆད་རྫོགས་ཆེན་བཟང་པོ་མིན། །ཀུན་མཉམ་ཡངས་པ་ཆེན་པོར་མཁྱེན་འཚལ་ལོ། །"
2717146,2721577,4431,"དཔེར་ན་ཡིན་མདོག་བྱས་ན་དོན་ལ་མ་ཡིན་པ་དྲུག་ཡོད།"
2721577,2723625,2048,"དེ་ཕྱིར་ན་མིན་པ་དེ་ཕར་བཞག །"
2723625,2725943,2318,"ཡིན་པ་དེ་རྒྱུད་ལ་བསྐྱེད་ཤན་འབྱེད་དགོས་ལེ་ཡིན།"
2725943,2730335,4392,"གང་རེད་ཟེར་ན། རང་གིས་མཆོད་སྦྱིན་རྒྱ་ཆེན་པོ་འདི་དགེ་འདུན་ལ་སྦྱིན་ཐུབ་བྱས་ནས།"
2730335,2732764,2429,"གྲགས་པ་གྲགས་ཡོད་ཐོབ་འདོད་བྱས་ན་ནི་"
2732764,2735441,2677,"བླ་མ་བཟང་པོའི་མཛད་པ་མ་རེད་གསུངས་རེད།"
2735441,2741167,5726,"ནོར་རྫས་མང་པོ་ཞིག་ཡོད་དེ་དེ་ལ་གཅེས་མཐོང་ངོ་སོ་ཆེན་པོས་གསོག་འཇོག་བྱེད་བསྡད་ན་"
2741167,2743618,2451,"ཆོས་པ་བཟང་པོ་མ་ཡིན་པའི་རྟགས་རེད་གསུངས་རེད།"
2743618,2748459,4841,"མིའི་ཆོས་སྲིད་ཇུས་གཙོ་བོ་བྱེད་བསྡད་ན་དེ་རབ་ཏུ་བྱུང་བའི་གང་ཟག་དེ་"
2748459,2751706,3247,"ཁམས་གསུམ་འཁོར་བ་ལ་ངེས་འབྱུང་གི་བློ་ཡོད་དགོས་རྒྱུ་རེད།"
2751706,2755578,3872,"སྲིད་ཇུས་གཙོ་བོར་བྱས་པ་དེ་རབ་བྱུང་བཟང་པོ་མ་ཡིན་པའི་རྟགས་ཡིན།"
2755578,2759410,3832,"དེ་ནས་བདག་ཏུ་ལྟ་བ་ཡིས་རང་ཕྱོགས་ཐམས་ཅད་ལྷ་བཞིན་དུ་མཐོང༌།"
2759410,2761342,1932,"གཞན་ཕྱོགས་ཡིན་ན་འདྲེ་བཞིན་དུ་མཐོང་བསྡད་ན་"
2761342,2763492,2150,"དེ་རྣལ་འབྱོར་པ་བཟང་པོ་མ་ཡིན།"
2763492,2767142,3650,"བསྐལ་པ་གྲངས་མེད་གསུམ་ལ་སོགས་པ་རིམ་པར་བགྲོད་དགོས་སོང་ན་"
2767142,2770162,3020,"གསང་སྔགས་རྡོ་རྗེ་ཐེག་པའི་མྱུར་ལམ་བཟང་པོ་མ་ཡིན།"
2770162,2775031,4869,"རང་གཞན་གྱི་གྲུབ་མཐའ་ལྟ་བུ་དང༌།"
2775031,2780871,5840,"དགྲ་གཉེན་ལ་སོགས་པའི་ཕྱོགས་སུ་ལྷུང་ན་ནི་རྒྱ་ཆད་སོང་བ་ཡིན་པས་"
2780871,2783575,2704,"རྫོགས་པ་ཆེན་པོའི་ལྟ་སྒོམ་སྤྱོད་གསུམ་བཟང་པོ་མ་ཡིན།"
2783575,2786225,2650,"དེ་ཕྱིར་ན་བཟང་ངན་ཐམས་ཅད་ཀུན་མཉམ་པ་"
2786225,2790939,4714,"ནམ་མཁའ་མདུང་སྐོར་བ་ལྟ་བུ་ཡངས་པ་ཆེན་པོ་མཁྱེན་འཚལ་ལོ།"