2475,6555,4080,"(240) ལམ་དུ་སློང་བ་སྤྱི་ཡི་ཆོས་དྲུག་ནི། །མར་གྱི་ཟག་ཆུ་བསྡམས་པའི་རྒྱུ་འབྲས་ཕྲ་མོ་སྤྱོད། ། ཡར་གྱི་ཕུ་ཐག་བསྲིངས་པ་མཐོན་པོའི་རྩེ་མོ་སྙེགས། །བར་གྱི་འཕྲེད་ཁ་བཅད་པ་ཆོས་སྤྱོད་སྲང་དུ་གཞུག ། སྦྱོར་བ་ཐེག་དམན་ལས་ལྡོག་བྱང་ཆུབ་སེམས་བསྐྱེད་བྱ། །དངོས་གཞི་བདེན་ཞེན་དགག་པ་རང་བཞིན་མེད་ཤེས་དང༌། །"
6555,9410,2855,"རྗེས་ལ་ལམ་དུ་བསྒྱུར་བ་འཁོར་གསུམ་དག་པར་བསྔོ། །"
9410,12398,2988,"དེ་དྲུག་ལྡན་ན་དགེ་སྦྱོར་ལམ་དུ་འགྲོ། །གསུངས་ནས་བཟུང་སྟེ།"
12398,16306,3908,"དེ་ནས་ཆོས་དེ་ལམ་དུ་འགྲོ་བར་བྱེད་པ་དེ་ལའང༌།"
16306,18643,2337,"དཔེར་ན་ཐག་རིང་པོ་ཞིག་ལ་ཅ་ལག་ཞིག་འཁུར་དགོས་ན་"
18643,23542,4899,"ཅ་ལག་འདི་འཕྲོ་བརླག་མི་འགྲོ་བའི་ཆེད་ཡག་པོ་ཞིག་མགོ་ཐོན་དགོས་དུས་དེ་ཆོས་དྲུག་ཡོད།"
23542,25424,1882,"གང་རེད་ཟེར་ནས་བཟུང་སྟེ།"
25424,28751,3327,"མར་གྱི་ཟག་ཆུ་ཟེར་དུས་ཉེས་པའི་ལྟུང་བ་འདི་དཔེར་ན་"
28751,30962,2211,"སྣོད་རྐུབ་ཕུག་ཚར་རྒྱུ་ཡིན་ན་ཆུ་ཟག་སོང་ནས་"
30962,33949,2987,"ནང་གི་ཆུ་དེ་རིམ་པ་བཞིན་དུ་ཁ་བྲི་འགྲོ་རྒྱུ་རེད་དུས།"
33949,38513,4564,"དཔེ་དེ་བཞིན་དུ་ལྟ་བ་ཡིན་མདོག་ཁ་པོ་རྒྱུ་འབྲས་ཁྱད་གསོད་བྱས་བཞག་ན་"
38513,44565,6052,"ནག་པོ་ཁ་འབྱམས་བདུད་ཀྱི་ལྟ་བ་རེད་འགྲོ་ཟེར་གསུངས་ཡོད་རེད་"
44565,48807,4242,"དེ་ཕྱིར་ན་རྒྱུ་འབྲས་ཕྲ་མོ་ནས་བཟུང་ཞིབ་ཆ་བྱས་ནས་བལྟས་ཏེ་"
48807,52274,3467,"དགེ་བ་ཕྲ་མོ་ཞིག་ཡིན་ན་གསག །སྡིག་པ་ཕྲ་མོ་ཞིག་ཡིན་ན་སྤོངས།"
52274,56198,3924,"སེམས་ཀྱི་རྣམ་རྟོག་ངན་པ་ཞིག་ཡོད་ན་བཤགས་པས་ཟིན་དགོས་གསུངས་ཡིན་ས་རེད།"
56198,60116,3918,"ཡར་གྱི་ཕུ་ཐག་བསྲིངས་པ་མཐོན་པོའི་རྩེ་མོ་སྙེགས། །གསུངས་དུས།"
60116,62630,2514,"ལྟ་བ་འདི་ག་ཚོད་ཡིན་ན་མཐོ་དགོས་གསུངས་རེད།"
62630,65576,2946,"སྤྱོད་པ་འདི་ག་ཚོད་ཡིན་ན་དམའ་དགོས་རེད་གསུངས་ཡོང་དུས་"
65576,68925,3349,"ལྟ་བ་མཐོན་པོ་ལ་གཤེགས་ཏེ་རྫོགས་པ་ཆེན་པོ་ཁ་གནམ་དུ་བལྟས་ནས་"
68925,71271,2346,"ཁྲེགས་ཆོད་ཐོད་རྒལ་སྤར་འཛིན་བྱས་"
71271,74184,2913,"གནམ་དུ་ཡ་བསྙབ་དགོས་གསུངས་ཡིན་ས་རེད།"
74184,76987,2803,"བར་གྱི་འཕྲེད་ཁ་བཅད་པ་ཆོས་སྤྱོད་སྲང་དུ་གཞུག །"
76987,80672,3685,"གསུངས་དེ་བར་ནང་དེ་ན་ལ་ཆོས་སྤྱོད་བཅུའི་བྱ་བ་འདི་"
80672,83605,2933,"གང་ཐུབ་ཐུབ་ཅིག་བསགས་ནས་བཟུང་སྟེ་ཕྱུག་པོ་ཟེར་མཁན་འདི་"
83605,86738,3133,"རྒྱུ་ཁབ་སྐུད་པ་ནས་བཟུང་སྟེ་ཡ་བསག་དགོས་རེད་དུས།"
86738,93410,6672,"དཔེ་དེ་ལྟ་བུའི་སྒོ་ནས་ཉིན་མཚན་དལ་མེད་དུ་ཆོས་སྤྱོད་བྱ་སྲང་དུ་གཞུག་སྟེ་"
93410,97014,3604,"དོན་དུ་ལུས་ངག་ཡིད་གསུམ་གྱི་དགེ་བ་གང་ཐུབ་པ་ཞིག་"
97014,99607,2593,"སྐབས་རེས་ལུས་ཀྱིས་དགེ་བ་བྱེད། སྐབས་རེས་ཡིད་ཀྱིས་དགེ་བ་བྱེད།"
99607,102294,2687,"སྐབས་རེས་ངག་གིས་དགེ་བ་བྱེད་དགོས་ཡིན།"
102294,105871,3577,"དེ་ནས་ཆོས་ལ་སྦྱོར་བ་དེ་ལུས་ངག་གིས་བརྩོན་པར་བྱེད་པ་དེའང་"
105871,109419,3548,"ཐེག་དམན་ཉན་རང་ལམ་ལས་ལྡོག་སྟེ་རང་དོན་ཡིད་བྱེད་འདི་སྤོངས།"
109419,113054,3635,"བྱང་ཆུབ་སེམས་དཔའི་སྡོམ་པ་འདི་རྒྱུད་ལ་གཟུང་གཞན་ཕན་བསམ་པ་"
113054,115646,2592,"རྒྱ་ཆེན་པོ་ཞིག་བྱེད་དགོས་པ་ཡིན།"
115646,118718,3072,"དེ་ནས་ཉམས་ལེན་གྱི་དངོས་གཞི་འདི་གང་རེད་ཟེར་ན།"
118718,121363,2645,"བདེན་ཞེན་གསུངས་དུས།"
121363,125649,4286,"ང་ཚོ་ཐམས་ཅད་ཀྱིས་གནས་དོན་ལུས་གསུམ་པོ་བདེན་པ་གྲུབ་པ་"
125649,128783,3134,"ག་ཚོད་མེད་ནས་བཤད་བསྡད་ནའང་བདེན་པ་ཡོད་སྣང་ཤར།"
128783,131765,2982,"མི་རྟག་པ་ག་ཚོད་བཤད་བསྡད་ནའང་ཤི་ནད་ཕོག་ནའང་"
131765,134777,3012,"རྟག་པ་འཛིན་ཞིང་དེ་བདེན་ཞེན་འདི་ཕར་དགག །"
134777,137313,2536,"འདིར་སྣང་གི་བྱ་བ་ཐམས་ཅད་རང་བཞིན་མེད་པ་"
137313,140000,2687,"རྨི་ལམ་དང་སྒྱུ་མ་ལྟ་བུ་ཤེས་དགོས།"
140000,143043,3043,"རྗེས་ལ་ལམ་དུ་བསྒྱུར་བ་འཁོར་གསུམ་དག་པ་བྱེད་ཟེར།"
143043,146862,3819,"དེ་ནས་སྔོན་འགྲོ་དངོས་གཞི་རྗེས་ཀྱི་ནང་ནས་སྦྱོར་བ་དངོས་གཞི་རྗེས་རེད།"
146862,149949,3087,"དེ་སྤྱད་ན་རང་གི་ལུས་ངག་ཡིད་གསུམ་འདི་"
149949,154468,4519,"དམ་པའི་ཆོས་ཤིག་ལ་ཡར་བསྒྱུར་ཐུབ་ན་རང་ཤུགས་ཀྱིས་ཕན་ཡོན་ཡོད།"
154468,156862,2394,"བསྒྱུར་བ་དེ་ལའང་འཁོར་གསུམ་རྣམ་པར་དག་པས་"
156862,160818,3956,"བདེན་ཞེན་མེད་པ་ཞིག་དགོས་མ་གཏོགས་བདེན་ཞེན་ཡོད་ན་མི་ཕན།"
160818,167399,6581,"དེ་དྲུག་དང་ལྡན་ན་དགེ་སྦྱོར་ལམ་དུ་འགྲོ་སྟེ་ལམ་ཁ་བདེ་པོ་ཞིག་ལ་"
167399,170806,3407,"ཕར་རྟ་ཞིག་བརྒྱུག་སོང་ན་དེ་ནས་མགྱོགས་པོ་སླེབ་འགྲོ་རྒྱུ་རེད།"
170806,172493,1687,"དཔེ་དེ་ལྟ་བུ་ཡིན་གསུངས།"
172493,178712,6219,"(241) ཁྲོལ་ཆགས་ཡངས་པ་ཆེན་པོའི་ཆོས་དྲུག་ནི། །བློ་རྒྱ་ཆུང་བས་མི་འོང་སྡེ་སྣོད་ཁྲོལ་ཤེས་དགོས། །"
178712,184031,5319,"ཤེས་ནས་འབྱམས་པས་མི་འོང་གདམས་ངག་ཁྲོལ་ཤེས་དགོས། །ཟབ་མོས་སྐྲག་པས་མི་འོང་རྒྱུད་སྡེའི་ཁྲོལ་ཤེས་དགོས། །"
184031,189368,5337,"ཚིག་ཕྱིར་འབྲེངས་པས་མི་འོང་སྒྲུབ་པའི་ཁྲོལ་ཤེས་དགོས། །ཕྱོགས་ཆའི་གྲུབ་མཐས་མི་འོང་གང་ལ་ཁྲོལ་ཤེས་དགོས། །"
189368,194037,4669,"ཐེ་ཚོམ་སོམ་ཉིས་མི་འོང་ངེས་ཤེས་ཁྲོལ་ཤེས་དགོས། །དེ་ལྟར་སུས་ཤེས་ཆོས་ཀུན་གཅིག་ཏུ་འདུས། །"
194037,199856,5819,"གསུངས། ཁྲོལ་ཆགས་ཟེར་དུས་ནང་ནས་ཚུར་ཁོག་ཡངས་པ་བྱེད་དེ་"
199856,203912,4056,"གནད་ཐམས་ཅད་ཤེས་དགོས་ཡིན་གསུངས་རེད། ཤེས་ནས་ག་རེ་ཟེར་ན།"
203912,208449,4537,"བློ་རྒྱ་ཆུང་ཆུང་གིས་སེམས་པ་ཆུང་ཆུང་བྱས་ཏེ་རང་དོན་ཡིད་བྱེད་མ་ཡིན་པ་"
208449,212381,3932,"སྡེ་སྣོད་གསུམ་གྱི་ལྟ་སྒོམ་སྤྱོད་གསུམ་དོན་ཐམས་ཅད་ཁོག་པའི་ནང་དུ་ཆུད་དེ་"
212381,214993,2612,"བརྗེད་པ་མེད་པ་ཞིག་དགོས་གསུངས་ཡིན་ས་རེད།"
214993,219174,4181,"ཐོས་པ་རྒྱ་ཆེན་པོས་བཅུ་ཕྲག་རིག་པའི་གནས་ཐམས་ཅད་ཤེས་ནའང་མི་འོང༌།"
219174,222649,3475,"ཟབ་དོན་ཉམས་སུ་ལེན་པའི་གདམས་ངག་འདི་ཡོད་དགོས་དུས།"
222649,224512,1863,"གདམས་ངག་འདི་ཡོད་ན་དེས་སངས་རྒྱས་བསྒྲུབ།"
224512,228968,4456,"དཔེར་ན་ཇོ་བོ་རྗེས་ལོ་ཆེན་རིན་ཆེན་བཟང་པོ་བཀའ་མོལ་གནང་བ་ལྟ་བུ་ཡིན་ས་རེད།"
228968,234049,5081,"དེ་ནས་ཟབ་མོ་སྟོང་པ་ཉིད་ཀྱི་དོན་ལ་ངེས་དོན་མཐར་ཐུག་"
234049,236856,2807,"རྫོགས་པ་ཆེན་པོ་ངོ་མཚར་བའི་ཚིག་ཆེན་བརྒྱད།"
236856,238743,1887,"རྡོ་རྗེ་གད་མོ་བཅུ་གཉིས་བཞད་ཀྱི་རེད།"
238743,243406,4663,"དེ་གོ་འོང་ན་དེ་འདྲ་གད་མོ་བགད་པ་འདྲ་རེད་ཟེར་སྐྲག་མི་དགོས།"
243406,245981,2575,"གསང་སྔགས་ཀྱི་རྒྱུད་སྡེའི་དོན་དེ་ཤེས་དགོས།"
245981,248743,2762,"ཚིག་ཕྱིར་འབྲེངས་པས་མི་འོང་སྒྲུབ་པའི་ཁྲོལ་ཤེས་དགོས། །ཟེར་"
248743,252231,3488,"ཚིག་ཁོ་ན་ཚིག་མཐའ་འདེད་བསྡད་ན་གཏན་ནས་རྫོགས་རྒྱུ་མེད།"
252231,255268,3037,"ནང་གི་དོན་མཐའ་འདི་དེད་ནས་བཟུང་སྟེ་ལྟ་སྒོམ་སྤྱོད་གསུམ་"
255268,259637,4369,"ཁོག་ཁྲོལ་འོང་ན་ཕྱི་ནས་ཚིག་མཐའ་འདེད་མི་དགོས་རང་ཤུགས་ཀྱིས་ཤེས་འོང་གསུངས།"
259637,261718,2081,"དེ་ནས་རང་ཕྱོགས་ཀྱི་གྲུབ་མཐའ་བཟང་པོ་བྱས།"
261718,264294,2576,"གཞན་ཕྱོགས་གྲུབ་མཐའ་ངན་པ་དབྱུང་སྟེ་འོང་གི་མ་རེད།"
264294,266924,2630,"གཞུང་ལུགས་ཐམས་ཅད་གདམས་ངག་ཤར།"
266924,270093,3169,"བསྟན་པ་ཐམས་ཅད་འགལ་མེད་དུ་རྟོགས་པ་ཞིག་དགོས་གསུངས་རེད།"
270093,272468,2375,"ཉམས་ལེན་ལྟ་སྒོམ་སྤྱོད་གསུམ་ཅི་བྱས་ན་"
272468,275393,2925,"དེ་ཐེ་ཚོམ་ཟ་ཟ་ཁ་སྡོད་བསྡད་པ་མི་བྱེད།"
275393,278062,2669,"གནས་ལུགས་རྡོ་རྗེ་ཚིག་རྐང་ལས་གསུངས་པ་ལྟར།"
278062,280062,2000,"མཁས་བཙུན་བརྒྱ་དང་གྲུབ་ཐོབ་སྟོང༔ ལོ་པཎ་ཁྲི་དང་མན་ངག་འབུམ༔"
280062,284762,4700,"བསྟན་བཅོས་བྱེ་བ་ས་ཡ་དང༔ མཇལ་ཀྱང་ཐེ་ཚོམ་བཅད་མ་དགོས༔ དེ་འདྲ་ཅན་ཞིག་དགོས།"
284768,288943,4175,"ཀུན་མཁྱེན་འཇིགས་མེད་གླིང་པ་ཁོང་རྫོགས་པ་ཆེན་པོ་དོན་ཐུགས་སུ་ཆུད་ནས་"
288949,291212,2263,"དོན་ལ་གྲུབ་ཆེན་ས་ར་ཧ་པ་དང་མཇལ་འོང་ན་"
291212,293649,2437,"ངས་གདམས་ངག་འདི་ལ་ཕུ་ཐག་གཅད་རྒྱུ་མེད་ཅེས་ཁོང་"
293662,296293,2631,"ཡིད་ཆེས་འཁྲུངས་པ་གསུངས་པ་དེ་ལྟ་བུ་ཡིན་ས་རེད།"
296293,298524,2231,"དེ་ལྟར་སུས་ཤེས་ཆོས་ཀུན་གཅིག་ཏུ་འདུས།"
298537,302374,3837,"(242) ཡང་དག་དོན་ལ་སྦྱར་བའི་ཆོས་དྲུག་ནི། །ཅི་བསླབ་གཞན་གྱི་དོན་དུ་སྦྱར་བ་དང༌། །"
302381,306268,3887,"སྙིང་རྗེས་སྡུག་བསྔལ་རང་ཉམས་སྦྱར་བ་དང༌། །ལོངས་སྤྱོད་ཅི་བྱུང་ཚོགས་སུ་གཏང་བ་དང༌། །"
306274,311912,5638,"སྡོམ་གསུམ་དམ་ཚིག་གཙང་མ་བསྲུང་བ་དང༌། །སྤྱོད་ལམ་ཆོས་ཉིད་དག་དང་མ་བྲལ་དང༌། །"
311918,317143,5225,"མོས་གུས་གདུང་བས་གསོལ་བ་གདབ་པ་རྣམས། །དམ་པའི་རྣམ་ཐར་ཡིན་ནོ་རྗེས་སུ་བསྒྲུབ། །"
317143,320112,2969,"གསུངས་དུས། དམ་པའི་ཆོས་ཡང་དག་པ་ཞིག་ལ་"
320118,323806,3688,"དོན་ལ་སྦྱོར་བྱེད་ཀྱི་སྤྱོད་ལམ་རྣམ་པ་དྲུག་ཡོད། ཅི་རེད་ཟེར་ནས་བཟུང༌།"
323806,326024,2218,"ལུས་ངག་ཡིད་གསུམ་གྱིས་བྱ་བ་ཅི་བྱེད་ནའང་"
326031,330062,4031,"གཞན་སེམས་ཅན་གྱི་དོན་ལ་བྱེད་སོང་ན་བྱང་ཆུབ་སེམས་དཔའི་ལམ་རེད་འགྲོ་དུས་"
330062,332299,2237,"ཤིན་ཏུ་ཕན་པ་ཡིན་གསུངས་རེད།"
332299,334881,2582,"སྙིང་རྗེ་ཆེན་པོའི་སྒོ་ནས་རང་གི་སྡུག་བསྔལ་"
334881,337431,2550,"དེ་ལྟར་སེམས་ཅན་ཐམས་ཅད་ལ་ཡོད་དུས།"
337431,340506,3075,"སེམས་ཅན་ལ་སྡུག་བསྔལ་འབྱུང་ན་རང་ལ་སྡུག་བསྔལ་འབྱུང་བ་ལྟ་བུ་ཞིག་"
340506,342912,2406,"སེམས་ཁྲལ་སྒོ་ནས་སྙིང་རྗེ་ཡོད་དགོས།"
342918,345156,2238,"དེ་ནས་ནོར་དང་ལོངས་སྤྱོད་ག་ཚོད་ཅིག་ཡོད་ན་"
345162,348518,3356,"དེ་ཕུགས་ནོར་གསོག་འཇོག་ཏུ་མི་བྱེད་སྦྱིན་པ་གཏོང༌།"
348524,351212,2688,"དེ་ནས་མཆོད་པ་བྱེད། གཙུག་ལག་བཞེངས།"
351218,353887,2669,"དགེ་འདུན་བསྙེན་བཀུར་ལ་སོགས་པ་ཚོགས་སུ་གསོག་དགོས།"
353887,357381,3494,"སོ་བྱང་སྔགས་གསུམ་གྱི་སྡོམ་པ་དམ་ཚིག་འདི་ཡོད་ནས་བཟུང་དེ་"
357381,362062,4681,"གཙང་མ་ཞིག་ཉེས་པས་མ་གོས་པ་དྲན་པ་དང་ཤེས་བཞིན་གྱི་སྒོ་ནས་བསྲུང་དགོས།"
362068,365706,3638,"ལུས་ངག་ཡིད་གསུམ་གྱི་ཟ་འཆག་ཉལ་འདུག་གི་སྤྱོད་ལམ་ཅི་བྱས་ན་"
365706,368031,2325,"ཆོས་ཉིད་ཀྱི་དགོངས་པ་དང་མི་འབྲལ་བའི་ལྟ་བ་"
368043,371424,3381,"སེམས་མ་ཡེངས་པའི་དྲན་པས་གཟུང་དགོས།"
371431,374618,3187,"དེ་ནས་བླ་མ་ལ་དུས་རྒྱུན་དུ་མོས་གུས་གདུང་བས་"
374624,379037,4413,"སྐྱིད་ན། སྡུག་ན། ཉལ་ན། གཉིད་ན། ཟས་ཟོས་ན་བླ་མ་དྲན་ཏེ་"
379037,380487,1450,"གསོལ་བ་གདབ་དགོས་པ་ཡིན།"
380487,382543,2056,"དེ་གདམས་ངག་རྣམ་པ་དྲུག་དང་ལྡན་ན་"
382549,386412,3863,"སྐྱེས་བུ་དམ་པའི་རྣམ་ཐར་ཡིན་པས་རྗེས་སུ་བསྒྲུབ་པར་མཛོད་ཅིག"
386437,390268,3831,"(243) །ན་བ་ལམ་དུ་བསླང་བའི་ཆོས་དྲུག་ནི། །ན་བས་འཁོར་བའི་ལས་ངན་ཟད་པར་བྱེད། །"
390274,394418,4144,"ན་བས་ཉོན་མོངས་དྲི་མ་འཁྲུ་བར་བྱེད། །ན་བས་མོས་གུས་གདུང་བའི་གསལ་འདེབས་བྱེད། །"
394424,398106,3682,"ན་བས་བརྩོན་འགྲུས་དགེ་སྦྱོར་བསྐུལ་མ་བྱེད། །ན་བས་ཐར་པའི་ལམ་དང་སྤྲོད་པར་བྱེད། །"
398112,402249,4137,"ན་བས་རྩལ་སྦྱོང་བོགས་འདོན་གསལ་འདེབས་བྱེད། །དེ་ཕྱིར་ན་བ་མཁས་པས་ལམ་དུ་བསླང༌། །"
402262,407306,5044,"གསུངས་རེད། རང་ན་འོང་ན་ལམ་དུ་འཁྱེར་བྱེད་ཀྱི་གདམས་ངག་དྲུག་ཡོད།"
407306,410387,3081,"གང་རེད་ཟེར་ན། རང་གི་ལུས་དང་སེམས་གཉིས་ན་ཚ་ཞིག་བཏང་འོང་ན།"
410387,413181,2794,"ཨའོ་ཁམས་གསུམ་འཁོར་བའི་སྡུག་བསྔལ་འདི་འདྲ་ཞིག་ཡོད།"
413187,416049,2862,"དེ་ལས་ཆེ་བ་དམྱལ་བ་ཚ་གྲང༌། ཡི་དྭགས་བཀྲེས་སྐོམ།"
416056,418387,2331,"དུད་འགྲོ་བཀོལ་སྤྱོད་སྤྱད་དགོས་རྒྱུ་རེད།"
418393,423787,5394,"དེ་ནས་དེ་ལྟ་བུའི་ན་བ་འདིས་སེམས་ཅན་ཐམས་ཅད་ཀྱི་ལས་ངན་གྱི་སྒྲིབ་པ་དག་པར་ཤོག་བསམ་བྱས་ན།"
423793,426706,2913,"དེ་ནས་ན་བསྡད་རྒྱུའི་སྒྲིབ་པ་ཤུགས་ཀྱིས་དག་འགྲོ་གསུངས།"
426706,430081,3375,"དེ་ནས་ན་བ་དེས་གདུང་ཚར་ནས་བཟུང་སེམས་རྒྱུད་དེ་ལའང་"
430087,436124,6037,"ཆགས་སྡང་རྨོངས་གསུམ་ལྷག་པར་འདོད་ཆགས་ལ་སོགས་པའི་དྲི་མ་"
436131,438712,2581,"གཏན་ནས་མེད་དེ་ནད་འདི་བསམ་བློ་གཏོང་དགོས་རེད།"
438718,441787,3069,"དེས་ཉོན་མོངས་ཀྱི་དྲི་མ་འཁྲུ་བར་བྱེད་གསུངས་རེད།"
441787,446299,4512,"ན་བ་དེ་ལ་བརྟེན་ཏེ་བླ་མ་དཀོན་མཆོག་ལ་གསོལ་བ་འདེབས་པ་ཞིག་འོང་གི་རེད།"
446306,450556,4250,"སྣང་བ་མཐོན་པོ་སྐྱིད་པོ་ཞིག་ན་ཚར་དུས་ཞབས་བརྟན་དང་"
450562,453099,2537,"བླ་མ་ལས་དབང་ཞུ་རྒྱུ་འདྲ་དྲན་འོང་གི་འདུག་བ་དེ་"
453099,455074,1975,"མོས་གུས་གདུང་བའི་གསལ་འདེབས་བྱེད་པ་ཡིན།"
455081,458662,3581,"ན་བ་དེས་བྱས་ནས་ད་ཤི་འོང་རེད་བསམ་སྐྲག་དུས།"
458662,462293,3631,"ད་ངའི་ལུས་ངག་ཡིད་གསུམ་གྱིས་དགེ་སྦྱོར་བྱེད་དགོས་ས་འདུག་བསམ།"
462293,466256,3963,"འདི་འོང་ས་རེད། མ་རེད་བསམ་སྟེ་བརྩོན་འགྲུས་ཀྱིས་དགེ་བ་ལ་བསྐུལ་འོང་ལེ་ཡིན།"
466256,470756,4500,"དཔེར་ན་རྗེ་བཙུན་མི་ལ་ལྟ་བུ་ཡིན་ན་ཁོང་གིས་"
470756,475612,4856,"དང་པོ་མི་རྟ་བཅོ་བརྒྱད་བསད་པའི་སྒྲིབ་པ་བྱས་པ་འདི་ལ་བརྟེན་"
475612,478874,3262,"ལྷོ་བྲག་མར་པ་ལོ་ཙཱ་བསྟེན་གདམས་ངག་ཞུ་སོང་བ་"
478874,479806,932,"དཔེ་དེ་ལྟ་བུ་རང་ལ་རྐྱེན་ངན་པ་ཕྲད་པས་ཆོས་དང་ཕྲད་པ་ལྟར་"
479806,481756,1950,"ན་བས་ཐར་པའི་ལམ་ལ་སྤྲོད་དེ།"
481756,487024,5268,"ནད་ངན་པ་དེ་མཐའ་ལ་དགེ་སྤྱོད་བྱས་བཞག་དེ་འདྲ་ཡོད་གདའ་བ་དེ་རེད།"
487024,490918,3894,"ན་བས་ཆོས་ཉིད་ཀྱི་དོན་རྟོགས་པ་ཡིན་ན་གོང་མ་དེ་རྩལ་སྦྱོང་བ་དང༌།"
490918,493449,2531,"ཉམས་ལེན་བོགས་འདོན་གསལ་འདེབས་ཡིན་པས།"
493449,498174,4725,"དེ་ཕྱིར་ན་ན་བ་ལམ་དུ་བསླང་སྟེ་རྩེ་གཅིག་ཏུ་བསྒྲུབ་པར་བྱེད་དགོས་པ་ཡིན།"
498174,503574,5400,"(244) ཤེས་པ་དྲུག་གི་གདམས་ངག་བསྟན་པ་ནི། །གནོད་བྱེད་དགྲ་འདྲེ་ཕན་འདོགས་ལྷར་ཤེས་དང༌། །"
503587,508112,4525,"ཉེ་འབྲེལ་བརྩེ་གདུང་མར་འདྲེན་གནོད་སྐྱེལ་དང༌། །རང་རྒྱུད་ཉོན་མོངས་དགྲ་སྡང་ཚེར་མ་དང༌། །"
508118,512193,4075,"ངར་འཛིན་སྲུང་སྐྱོབ་གནོད་བྱེད་འགོང་པོ་དང༌། །མི་མཐུན་རྐྱེན་ངན་ཐར་ལམ་བོགས་འབྱིན་དང༌། །"
512198,516349,4151,"སྙན་གྲགས་བསྟོད་པ་སྐྱོན་གྱི་ངན་ཚང་དུ། །ཤེས་པར་བྱ་བ་ཤིན་ཏུ་རྣམ་དྲུག་གཅེས། །"
516349,522143,5794,"གསུངས་དུས། ཤེས་དགོས་རྒྱུ་གདམས་ངག་དྲུག་ཡོད། ཤེས་དགོས་རྒྱུ་གདམས་ངག་ལ་མ་བསྟེན་ནས་ད་ལྟ་ཤེས་ཀྱི་ཡོད་མ་རེད།"
522143,524681,2538,"གང་རེད་ཟེར་ན། གནོད་བྱེད་ཀྱི་དགྲ་འདྲེ་ཡོད་ན།"
524681,527512,2831,"ང་ལ་གནོད་པ་བྱེད་པའི་དགྲ་འདིས་གནོད་པ་བྱེད་འོང་གི་འདུག་"
527512,528787,1275,"བསམ་སྡང་སེམས་བྱེད་ཀྱི་རེད།"
528787,532812,4025,"དེ་མི་བྱེད་པ་གནོད་བྱེད་ཀྱི་དགྲ་འདི་ལ་བརྟེན་ནས་བཟོད་པ་བསྒོམ་བཞག་ན་"
532812,535343,2531,"ཐར་པ་བྱང་ཆུབ་ཀྱི་ལམ་ལ་ཕན་བཏགས་འགྲོ་བ་ཡིན།"
535343,537824,2481,"ཕན་བཏགས་པའི་ལྷ་རུ་ཤེས་དགོས་གསུངས་རེད།"
537837,540749,2912,"དེ་ནས་ཉེ་འབྲེལ་འདི་ཐམས་ཅད་རང་ལ་ཕན་བཏགས་མཁན་ཡིན།"
540756,542374,1618,"ན་ན་ནད་གཡོག་བྱེད་འོང༌།"
542381,545874,3493,"ཤི་ན་དགེ་རྩ་བསྒྲུབ་འོང་བསམ་ནས་ཉེ་འབྲེལ་ལ་སེམས་ཆགས་བསྡད་ན་"
545881,548443,2562,"ཁམས་གསུམ་འཁོར་བ་ལ་མར་འདྲུད་བྱེད་ཀྱི་མར་འདྲེན་"
548443,551031,2588,"གནོད་སྐྱེལ་བྱེད་ཡིན་དེ་ལ་སྡང་བ་བལྟ་དགོས་གསུངས།"
551037,555137,4100,"རང་རྒྱུད་ཉོན་མོངས་པ་དུག་ལྔ་ཡིན་ན་ལུས་ལ་ཚེར་མ་ཟུག་ན་"
555137,557562,2425,"ཚེར་མ་ཕར་ནམ་བཏོན་ཐུབ་ན་བསམ་བསྡད་ཀྱི་ཡོད་དུས།"
557562,561774,4212,"དཔེ་དེ་ལྟ་བུ་རང་རྒྱུད་ཀྱི་ཉོན་མོངས་དེ་འདྲ་བྱས་ནས་ཤེས་དགོས་གསུངས་རེད།"
561781,568337,6556,"ང་གཅེས་འཛིན་གྱི་ངོ་བོ་དེ་གནོད་བྱེད་ཀྱི་འགོང་པོ་མིའི་མི་ཚང་ཞིག་གི་ཁོག་པ་ལ་"
568337,570868,2531,"འགོང་པོ་ཞུགས་སོང་ན་ཟས་ཀྱིས་མི་འདང༌།"
570868,575356,4488,"སྤྲང་པོ་ཆགས་མི་ཐམས་ཅད་ལས་ཀ་མ་རག་ཤ་སྟག་བྱེད་འགྲོ་བ་ཡིན།"
575362,577593,2231,"དེ་འགོང་པོ་འདི་ངོ་སུ་ཡིན་ཟེར་ན།"
577593,580312,2719,"ངར་འཛིན་འདི་ཡིན་དུས་ངར་འཛིན་བསེ་རག་འདི་"
580318,582424,2106,"མ་རྫོང་ཐུབ་དགོས་རེད་ཡིན་གསུངས་རེད།"
582424,585593,3169,"དེ་ནས་མི་མཐུན་པའི་རྐྱེན་ངན་པ་ལུས་ལ་ན་ཚ།"
585599,590618,5019,"སེམས་ལ་སྡུག་བསྔལ། མི་ཁ་བྲ་མཆུ་འདྲ་འོང་ན་དེ་ལམ་བྱེད་དུ་བྱེད་ཐུབ་ན་"
590624,593481,2857,"ཁ་སིང་བློ་སྦྱོང་དོན་བདུན་མ་ནང་དུ་གསུངས་ཡོད་པ་ལྟར་དུ་"
593487,595531,2044,"ཐར་ལམ་གྱི་བོགས་འབྱིན་ཡིན་པ་ཤེས་དགོས།"
595543,598237,2694,"དེ་ནས་སྙན་པ་དང་གྲགས་པ་རྒྱ་ཆེན་པོ་འོང༌།"
598243,601743,3500,"མི་མང་གིས་བསྟོད་ར་གཏང་འོང་ན་རང་ང་རྒྱལ་ཇེ་ཆེ་རུ་འགྲོ།"
601743,604387,2644,"དཀོར་ལོག་འཚོ་ཇེ་ཆེར་འགྲོ་མར་འདྲུད་བྱེད་ཡིན།"
604387,609687,5300,"དེ་ངན་པའི་ཚང་ཡིན་པ་ཤེས་དགོས་པས་ཤེས་པར་བྱ་བ་ཤིན་ཏུ་རྣམ་དྲུག་གཅེས།"
629774,637387,7613,"(245) ངེས་དོན་སྙིང་པོའི་གདམས་ངག་རྣམ་དྲུག་ནི། །སྐྱེ་མེད་ངང་ལས་འཁྲུལ་གཞི་ངོས་གཟུང་ཞིང༌། །"
637387,641956,4569,"འགག་མེད་འཆར་དུས་འཁྲུལ་པ་རྩད་ནས་ཆོད། །གཉིས་མེད་རྟོགས་པས་འཁོར་བ་རུ་བཟློག་ཅིང༌། །"
641956,647737,5781,"བློ་དངོས་རང་གྲོལ་མཐའ་བཞིའི་གེགས་རྣམས་བསལ། །ལྟ་བས་ཕུ་བཅད་འཁོར་འདས་ཁོག་དགྲོལ་ཞིང༌། །"
647737,653912,6175,"སྤྱོད་པས་མདའ་ཁྲོལ་སྤྱོད་ལམ་ལམ་དུ་སློང༌། །འདི་དག་ཟབ་དོན་སྙིང་པོ་མཐར་ཐུག་ཡིན། །"
653918,658156,4238,"ཞེས་པ་སྟེ། ངེས་དོན་སྙིང་པོའི་གདམས་ངག་རྣམ་པ་དྲུག་ཡོད།"
658162,662387,4225,"གང་རེད་ཟེར་ན། ཆོས་ཐམས་ཅད་སྐྱེ་བ་མེད་པ་སྟོང་ཉིད་ཀྱི་དོན་འདི་ཡང་དག་པ་རྟོགས་ན་"
662387,666306,3919,"དེ་ནས་འཁྲུལ་པའི་གཞི་འདི་གང་ནས་བྱུང་རེད་དེ་ངོས་ཟུངས་ཤོག་གསུངས་རེད།"
666306,668568,2262,"དེ་ནས་ཆོས་གདོད་ནས་ངོ་བོ་སྐྱེ་མེད་ཡིན་དུས་"
668574,671031,2457,"རོལ་པ་འགག་མེད་དུ་ཤར་རྒྱུ་ཁོ་རང་མཚན་ཉིད་རེད།"
671043,674931,3888,"སྟོང་ཉིད་ལ་རྟེན་འབྲེལ་གྱི་སྣང་བ་འཆར་དུས་"
674937,677418,2481,"དེ་ནས་རོལ་པ་འགག་མེད་དུ་ཤར་འོང་བ་འདི།"
677418,680368,2950,"རོལ་བ་འདི་དང་པོ་གང་ནས་བྱུང༌། བར་དུ་གང་དུ་གནས།"
680368,685168,4800,"ཐ་མ་གང་དུ་མེད་ཕྱིར་འཁྲུལ་པ་དེའང་རྩད་ནས་ཆོད་འགྲོ་ཡིན།"
685174,687293,2119,"དེ་ནས་སྐྱེ་མེད་དང་འགག་མེད་གཉིས་ཀྱི་གནས་ལུགས་འདི་"
687299,690312,3013,"ཚུལ་བཞིན་དུ་རྟོགས་ན་འཁོར་བ་རུ་བཟློག་སྟེ་"
690312,692112,1800,"དེ་ཕྱིན་ཆད་འཁོར་བར་མི་འགྲོ།"
692118,695487,3369,"བློ་དངོས་རང་གྲོལ་གསུངས་དུས།"
695487,697656,2169,"འཁྲུལ་པའི་བློ་འདི་མྱུར་དུ་རང་གྲོལ་ཏེ།"
697668,700618,2950,"ཡོད་པ་རྟག་པ། མེད་པ་ཆད་པ། གཉིས་ཀ །"
700631,704293,3662,"གཉིས་མ་ཡིན་པའི་གེགས་རྣམས་བསལ།"
704299,707718,3419,"དེ་ནས་ལྟ་བའི་ཕུ་ཐག་ཆོད་དེ་འཁོར་འདས་ཀྱི་ཁོག་ཁྲོལ་ཏེ་"
707718,712037,4319,"རང་འཁོར་འདས་གཉིས་ཀྱི་གཞི་བྱེད་མཁན་ལྟ་བ་འདི་རྟོགས་འོང་ན་"
712037,714849,2812,"དེས་འཁོར་འདས་ཀྱི་ཁོག་ཁྲོལ།"
714849,718874,4025,"དེ་ལྟ་བ་རྟོགས་པ་དེ་དང་མཐུན་པའི་སྤྱོད་པ་བྱེད་པས་སྤྱོད་པས་"
718874,721999,3125,"མདའ་ཁྲོལ་ཏེ་སྤྱོད་ལམ་ཐམས་ཅད་དགེ་བའི་གནས་སུ་ལམ་དུ་སློང༌།"
722006,724231,2225,"འདི་དག་ཟབ་དོན་སྙིང་པོ་མཐར་ཐུག་ཡིན།"
724237,727637,3400,"(246) བྱ་བ་དྲུག་གིས་གནད་དུ་བརྡེག་པ་ནི། །མི་གཞི་འགྱུར་མེད་ཆོས་ལས་མི་བཟློག་བྱ། །"
727637,731368,3731,"སེམས་ལ་གཡོ་མེད་གཞན་གྱིས་མ་ཁྲེལ་བྱ། །དད་གུས་འགྲིབ་མེད་རེས་འགར་མ་སོང་བྱ། །"
731374,736149,4775,"བསླབ་གསུམ་གཅེས་སྤྲས་ཉེས་ལྟུང་མ་གོས་བྱ། །རྟག་ཏུ་འཆི་བསམ་སྙོམ་ལས་མ་ལུས་བྱ། །"
736156,740793,4637,"ཐུག་ཕྲད་ཉོན་མོངས་གཉེན་པོས་རང་གྲོལ་བྱ། །དེ་དྲུག་ལྡན་ན་དགོས་པ་ཐམས་ཅད་འགྲུབ། །"
740799,743912,3113,"ཅེས་པ་སྟེ། བྱེད་དགོས་པའི་གདམས་ངག་གི་རྣམ་པ་དྲུག་ཡོད།"
743918,748056,4138,"གང་རེད་ཟེར་ན། མིའི་གཞི་འདི་དུས་རྟག་ཏུ་འཕོ་འགྱུར་མེད་པ་མ་གཏོགས་"
748056,752231,4175,"རྩྭའི་རྩེ་མོ་ལྟ་བུ་ཞིག་མི་བྱེད་པ་འཕོ་འགྱུར་མེད་པ་འབྱུང་ན།"
752231,755074,2843,"དེས་དམ་པའི་ཆོས་ཤིག་བྱེད་འོང་ནའང་ཆོས་དེ་ལ་"
755074,757474,2400,"སླར་ཆོས་ལོག་ཏུ་འཁུར་འགྲོ་མ་རེད།"
757474,760606,3132,"སེམས་ལ་དྲན་པ་དང་ཤེས་བཞིན་གཡོ་བ་མེད་པ་ཞིག་"
760606,763787,3181,"ཡང་དག་པ་བྱས་ན་རང་གི་སེམས་ལ་གཡོ་སྒྱུ་མེད་ཚར་ནས་"
763793,767431,3638,"གཞན་གྱིས་ཀྱང་སྐྱོན་བརྗོད་ནུས་ཀྱི་མ་རེད་དེ་གཞན་གྱིས་མ་ཁྲེལ་བ་བྱེད།"
767431,770156,2725,"དད་པ་དང་གུས་པ་འདི་ཉི་མ་གཅིག་ལ་ཡོད་རྒྱུ་འདྲ།"
770162,771418,1256,"ཉི་མ་གཅིག་ལ་མེད་རྒྱུ་འདྲ།"
771424,776081,4657,"འཕེལ་འགྲིབ་ཡོད་མཁན་བྱས་ན་ལིངས་འཁེལ་བླ་མའི་བྱིན་རླབས་དང་"
776081,780237,4156,"དཀོན་མཆོག་གི་ཐུགས་རྗེ་རྒྱུད་ལ་ཞུགས་རྒྱུ་མ་རེད་དུས་འཕེལ་འགྲིབ་མེད་པ་བྱ།"
780237,783193,2956,"བསླབ་པ་གསུམ་འདི་དུས་རྟག་ཏུ་གཅེས་སྤྲས་བྱེད་དེ།"
783193,785937,2744,"དཔེར་ན་རང་གི་མིག་ནང་ལ་སྐྱོན་རེ་འཕོག་སྙམ་དུས་"
785937,787793,1856,"རྟག་ཏུ་བག་ཡོད་བྱེད་རྒྱུ་རེད།"
787793,789518,1725,"དཔེ་དེ་ལྟ་བུ་ཞིག་བྱས་ན་བསླབ་གསུམ་"
789518,792443,2925,"ཉེས་ལྟུང་གིས་མི་གོས་པ་གསུངས་རྒྱུ་དེ་ལྟར་བྱ།"
792443,796349,3906,"དུས་རྟག་ཏུ་འཆི་བ་མི་རྟག་པ་འདི་ཡང་ནས་ཡང་དུ་མ་བསམ་ནས་བཟུང་"
796356,799012,2656,"དེ་ནས་བྱེད་རྒྱུ་ལས་རྒྱུ་མང་པོ་མཐོང་ནས་འཇིག་རྟེན་གྱི་བྱ་བ་ལ་"
799018,801712,2694,"གཡེང་འགྲོ་རྒྱུ་རེད་དུས་སྙོམ་ལས་མ་ལུས་པ་བྱ།"
801712,804674,2962,"དེ་ནས་ཉོན་མོངས་པ་སྐྱེས་པ་དང་གཉེན་པོ་དེ་མ་ཐག་ཏུ་"
804681,806068,1387,"བསྟེན་ནུས་པ་ཞིག་མ་བྱས་ན།"
806068,807743,1675,"དེ་ནས་ཉོན་མོངས་ཀྱིས་ལས་ཀ་བྱས་ཚར་དུས་"
807743,811731,3988,"གཉེན་པོ་བསྟེན་ཕན་རྒྱུ་མ་རེད། ཐུག་ཕྲད་ཀྱི་སྒོ་ནས་གཉེན་པོས་རང་གྲོལ་བྱེད།"
811731,815299,3568,"དེ་དྲུག་ལྡན་ན་གནས་སྐབས་དང་མཐར་ཐུག་གི་དགོས་པ་ཐམས་ཅད་འགྲུབ།"
815306,818906,3600,"(247) ཡེ་ཤེས་སྦར་བའི་གདམས་པ་རྣམ་དྲུག་ནི། །འཛིན་མེད་ངང་དུ་སྣང་བ་ས་ལེ་བ། །"
818906,822368,3462,"གཉིས་མེད་ངང་དུ་མཉམ་པར་ལྷན་ནེ་བ། །གསལ་དག་ངང་དུ་རང་དངས་སང་ངེ་བ། །"
822374,827231,4857,"འོད་གསལ་ངང་དུ་རང་གསལ་སལ་ལེ་བ། །ཆོས་ཉིད་ངང་དུ་དགའ་འཛུམ་ཤིག་གེ་བ། །"
827231,830956,3725,"བློ་འདས་དབྱིངས་སུ་གྲོལ་ཏེ་ཕྱལ་ལེ་བ། །མ་བཅོས་རང་བཞིན་རྫོགས་པ་ཆེན་པོར་འགྲུབ། །"
830956,838812,7856,"ཅེས་གསུངས་རེད། ད་འདི་གནས་ལུགས་རྟོགས་པའི་ཡེ་ཤེས་འདི་རང་གི་རྒྱུད་ལ་ཡོད་ན།"
838812,842318,3506,"དེ་ནས་ཡེ་ཤེས་འདི་ཡོད་པའི་རྟགས་དེ་འདྲ་ཡིན། ཅི་རེད་ཟེར་ན།"
842318,846287,3969,"ཆགས་སྡང་གི་འཛིན་པ་གང་ན་མེད་ན་ཡང་ཚོགས་དྲུག་གི་སྣང་བ་"
846287,849206,2919,"ས་ལེ་བ་འདི་གནས་ལུགས་རྟོགས་ཚར་ནས་མི་སྣང་བ་རེད་མི་འགྲོ་"
849212,852168,2956,"རྒྱ་མཚོ་ལ་གཟའ་སྐར་ཤར་བ་བཞིན་ཡོད་གསུངས་རེད།"
852168,855187,3019,"དེ་ལ་ཡུལ་དུ་དམིགས་བྱེད་མངོན་སུམ་དམིགས་པའི་སྒོ་ནས་"
855187,860212,5025,"ཆགས་པ་དང་སྡང་བ་མེད་པ་བཟང་ངན་ཐམས་ཅད་རོ་མཉམ་པ་ལྷན་ནེ་བ་ཡིན།"
860212,863881,3669,"རིག་པའི་ཆོས་ཉིད་ཡེ་ནས་འོད་གསལ་བ་ཡིན་པས་དེ་ཕྱིར་ན།"
863881,867649,3768,"གསར་དུ་གསལ་བྱ་གསལ་བྱེད་མི་དགོས་པ་རང་དངས་སང་ངེ་བ་ཞིག་ཡིན།"
867656,869981,2325,"འོད་གསལ་ངང་དུ་མཉམ་པར་བཞག་ན།"
869981,873531,3550,"དཔེར་ན་ཤེལ་ཁོ་རང་དང་པོ་ནས་ཤེལ་དངས་པ་རེད་ཚར་དུས་"
873531,878031,4500,"མི་དངས་པ་འོང་རྒྱུ་མ་རེད་དུས་དེ་ལྟར་དུ་རང་གསལ་སལ་ལེ་བ།"
878037,881012,2975,"ཆོས་ཉིད་ཀྱི་ངང་དུ་དུས་རྟག་ཏུ་གནས་བསྡད་ན་"
881018,884737,3719,"དགའ་འཛུམ་ཤིག་གེ་བ་བློ་སྦུབས་སུ་དོག་པོ་མི་བྱེད་གསུངས།"
884737,888693,3956,"བློ་འདས་དབྱིངས་སུ་བློ་འདས་ཀྱི་ངང་དུ་མཉམ་པར་བཞག་བཞག་ན་"
888693,892981,4288,"ཐམས་ཅད་གྲོལ་ཏེ་ཕྱལ་ལེ་བ། མ་བཅོས་རང་བཞིན་རྫོགས་པ་ཆེན་པོར་འགྲུབ།"
892981,898593,5612,"(248) རང་བཞིན་གནད་དང་བསྲེ་བའི་ཆོས་དྲུག་ནི། །རང་རིག་བློ་འདས་གཉུག་མའི་ཡེ་ཤེས་ལ། །"
898593,902787,4194,"རང་བབས་སྒོམ་པ་འོད་གསལ་ཆེན་པོ་ནི། །གྲིམས་པར་བསྒྲིམས་ལ་ལྷོད་པར་གློད་པ་སྟེ། །"
902787,906643,3856,"ཕྱལ་བར་མ་ཤོར་མ་ཡེངས་དྲན་པས་ཟིན། །འཕྲོ་གནས་རིས་མེད་མཉམ་པའི་ངང་གཅིག་པ། །"
906643,910337,3694,"ཕྱོགས་བྲལ་ནམ་མཁའ་འདྲ་བའི་རང་བཞིན་ནི། །ཆོས་སྐུ་ཕྱག་རྒྱ་ཆེན་པོར་ལྷུན་གྱིས་གྲུབ། །"
910343,914331,3988,"གསུངས། ཆོས་ཡིན་མཁན་ཐམས་ཅད་ཀྱི་གནས་ལུགས་"
914337,918287,3950,"རང་བཞིན་གྱི་ཉམས་ལེན་འདི་ནི་ད་ལྟ་རང་གིས་ཉམས་ལེན་ལ་བསྲེ་དགོས།"
918287,921762,3475,"གང་རེད་ཟེར་ན། རང་གི་རིག་པ་འདི་བློ་ལས་འདས་པ་ཡིན་ནའང་"
921762,924393,2631,"དེ་ཡེ་ནས་མ་བཅོས་པ་གཉུག་མའི་ཡེ་ཤེས་ཡིན་མ་གཏོགས།"
924393,926118,1725,"གསར་དུ་བཟོ་བཞག་རྒྱུ་ཞིག་མ་ཡིན།"
926124,929381,3257,"དེ་གཉུག་མའི་ཡེ་ཤེས་དེའི་ངང་དུ་རང་བབས་སྒོམ་བསྡད་ན་"
929387,931893,2506,"འོད་གསལ་རྒྱུན་ཆད་མེད་པ་ཤར་བ་ཡིན་པས།"
931899,934818,2919,"དེ་ལ་ཧ་ཅང་གྲིམས་ཆེ་ན་ཡང་མི་ཉན་པས་ན་"
934824,938699,3875,"དེ་བློ་བྱས་ཀྱི་རྟོག་པས་བཅིངས་འགྲོ་རྒྱུ།"
938699,942712,4013,"ཧ་ཅང་གློད་ཆེ་ན་མི་ཉན་ཏེ་བཏང་སྙོམས་ལུང་མ་བསྟན་ལ་ཡེང་འགྲོ།"
942712,945543,2831,"ཡེངས་ནས་ཡེངས་ཕུགས་ཀྱིས་མི་ཤེས་ནས་ཕྱལ་ལེ་བ་"
945543,948624,3081,"སོང་བསྡད་རྒྱུ་ངའི་ལས་ཀ་འདྲ་བུ་ཞིག་རེད།"
948631,951406,2775,"དེ་ལ་མ་ཡེངས་པ་དྲན་པས་ཟིན་པ་ཅན་ཞིག་བྱེད།"
951412,954824,3412,"དེ་ནས་རིག་པའི་ངོ་བོ་རྣམ་རྟོག་འཕྲོ་ན་དེ་ལ་དགག་པ་མི་བྱེད།"
954831,958718,3887,"གནས་ནའང་མི་འཐུམ་པའི་མཉམ་པའི་ངང་ཕྱོགས་བྲལ་ནམ་མཁའ་ལྟ་བུའི་"
958718,961387,2669,"ཆོས་སྐུ་ཕྱག་རྒྱ་ཆེན་པོར་ལྷུན་གྱིས་གྲུབ་པ་ཡིན།"
961393,965381,3988,"(249) མི་གནས་འཕོ་འགྱུར་མེད་པའི་ཆོས་དྲུག་ནི། །རིག་པ་སྟོང་གསལ་སྤྲོས་དང་བྲལ་བ་ལ། །"
965387,969299,3912,"གཟུང་འཛིན་རེ་དོགས་དྲི་མས་མ་བསླད་པར། །རང་བབས་སོ་མ་གཅེར་བུ་རང་གའི་ངང༌། །"
969306,972962,3656,"མི་བསམ་མི་སྤྱོད་མི་སྒོམ་མི་རྟོག་པར། །སལ་ལེ་སེང་ངེ་ཡེ་རེ་ཝལ་ལེ་བ། །"
972968,977599,4631,"ཤར་གྲོལ་རིས་མེད་ཐ་མལ་ཤེས་པ་ནི། །མ་ལུས་སྡུག་བསྔལ་སྤྲོས་ཀུན་ཞི་བྱེད་ཡིན། །"
977599,982981,5382,"མི་གནས་འཕོ་འགྱུར་མེད་པའི་ཆོས་དྲུག་ཡིན་པའི་རང་བཞིན་གསུངས་ཡིན་ས་རེད།"
982987,984943,1956,"རིག་པ་སྟོང་གསལ་གྱི་ངོ་བོ་དེ།"
984943,987537,2594,"ཡོད་པ་རེད་ཟེར་ན་རྟག་པ་ཡང་མ་ཡིན།"
987543,989687,2144,"མེད་པ་རེད་ཟེར་ན་ཆད་པ་ཡང་མ་ཡིན།"
989693,991481,1788,"རྟག་ཆད་གཉིས་ཀ་ཨེ་རེད་ཟེར་ན་མ་རེད།"
991481,994174,2693,"གཉིས་ཀ་མ་ཡིན་པ་ཨེ་རེད་ཟེར་ན་མེད།"
994174,995631,1457,"དེའི་ངོ་བོ་འདི་རྟོགས་སོང་ན་"
995637,999037,3400,"གཟུང་འཛིན་བློའི་རེ་དོགས་ཀྱི་དྲི་མས་མ་བསླད་པ་ཞིག་ཡིན།"
999037,1004831,5794,"རང་བབས་ངོ་བོ་དེ་ལ་སོ་མ་ཟེར་ན་ཉམས་དང་ཡིད་དཔྱོད་ཀྱི་ཤུན་པ་"
1004837,1007868,3031,"གང་ཡང་ངང་དུ་ཕར་མི་སོང་ནས་གཅེར་བུ་རང་གའི་ངང༌།"
1007868,1010281,2413,"ཆེད་དུ་བསམ་བྱ་མེད་པས་ན་མི་བསམ།"
1010287,1012093,1806,"འདི་སྤྱད་དགོས་ན་སྤྱོད་རྒྱུ་མེད།"
1012099,1016731,4632,"བསྒོམ་བྱ་སྒོམ་བྱེད་མེད་པའི་ཕྱིར་ན་ལྟ་བས་མི་བསམ།"
1016737,1019281,2544,"སྤྱོད་པས་མི་སྤྱད། སེམས་ཀྱིས་མི་སྒོམ་པའི་ངང་"
1019281,1024593,5312,"སལ་ལེ་སེང་ངེ་ཡེ་རེ་ཝལ་ལེ་དེ་ལྟ་བུ་བྱས་ནས་"
1024598,1026999,2401,"ཤར་གྲོལ་རིས་མེད་ཐ་མལ་གྱི་ཤེས་པ་འདི།"
1027006,1031742,4736,"ཁམས་གསུམ་འཁོར་བའི་སྡུག་བསྔལ་ཞི་སྟེ་སྤྲོས་པ་ཀུན་ཞི་བྱེད་ཡིན།"
1031749,1035737,3988,"(250) ཆོས་ཉིད་མཉམ་པ་ཆེན་པོའི་ཆོས་དྲུག་ནི། །མཐའ་གྲོལ་རིག་པ་ནམ་མཁའ་ལྟ་བུ་ལ། །"
1035742,1039523,3781,"འཁོར་འདས་རིས་མེད་སྤང་བླང་ཐ་སྙད་བྲལ། །བྱར་མེད་ཆོས་སྐུ་གཞི་གྲོལ་ལྟ་བའི་ངང༌། །"
1039531,1043768,4237,"གང་ལའང་མི་སེམས་དམིགས་འཛིན་བྲལ་བ་ནི། །གནས་ལུགས་རང་བཞིན་ཤེས་རབ་ཕ་རོལ་ཕྱིན། །"
1043768,1048712,4944,"བློ་ཡི་སྙེམས་བྲལ་ཞེན་པའི་འཁྲིས་ཆོད་པ། །རྒྱལ་བ་ཀུན་གྱི་སྤྱོད་ཡུལ་ལྷུན་གྱིས་གྲུབ། །"
1048712,1054499,5787,"གསུངས་དུས་ད་དེ་ཆོས་ཉིད་མཉམ་པ་ཆེན་པོ་ལ་ཁྱད་ཆོས་དྲུག་ཡོད།"
1054506,1058031,3525,"གང་རེད་ཟེར་ན། རྟག་ཆད་ཀྱི་མཐའ་ལས་གྲོལ་བ་རིག་པ་འདི་ནམ་མཁའ་ལྟར།"
1058037,1059912,1875,"དེ་ནང་ནས་ཁམས་གསུམ་འཁོར་བའི་ལས་དང་"
1059918,1061768,1850,"ཉོན་མོངས་ཀྱིས་མར་སྡུག་ཏུ་སོང་མེད།"
1061768,1065012,3244,"མྱ་ངན་ལས་འདས་པའི་སྐུ་དང་ཡེ་ཤེས་ཀྱིས་ཡ་བཟང་དུ་སོང་མེད།"
1065012,1067462,2450,"འཁོར་འདས་རིས་སུ་ཕྱེད་པ་མེད་པས་ན་"
1067462,1069206,1744,"སྤང་བྱ་འཁོར་བ་རེད་ཟེར་མཁན་དང༌།"
1069206,1072212,3006,"བླང་བྱ་མྱང་འདས་རེད་རྒྱུའི་ཐ་སྙད་དང་བྲལ་ཚར།"
1072218,1074437,2219,"དུས་རྟག་ཏུ་ཆོས་སྐུ་གཞི་གྲོལ་གྱི་ངང་དུ་"
1074437,1077587,3150,"དགེ་བ་ཡང་གང་ཡང་བྱར་དུ་མེད་པ་ལྟ་བ་ཡིན།"
1077593,1081737,4144,"དེ་ལྟ་བ་དེ་ལ་ངོ་བོ་ཡིན་ན་གང་ཡང་དམིགས་པ་མེད་པ་ཡིན་ས་རེད།"
1081743,1086343,4600,"གང་ལའང་མི་དམིགས་པ་རང་གིས་སྒོམ་པ་འདི་ཡང་དག་པ་རེད།"
1086349,1088874,2525,"ཡང་དག་པ་མ་རེད་བསམ་རྒྱུའི་འཛིན་པ་འདི་བྲལ།"
1088881,1091699,2818,"གནས་ལུགས་ཀྱི་རང་བཞིན་ཤེས་རབ་ཕ་རོལ་ཕྱིན་པ་དེ།"
1091712,1093918,2206,"ངས་ཆོས་ཉིད་རྟོགས་བསྡད་ཡོད་བསམ་པ་དང༌།"
1093924,1096268,2344,"རྟོགས་མ་སོང་བསམ་སྙེམས་པ་དང་བྲལ།"
1096274,1099849,3575,"ཚེ་འདིའི་ཞེན་པའི་འཁྲིས་ཆོད་པ་རྒྱལ་བ་ཀུན་གྱི་སྤྱོད་ཡུལ་ལྷུན་གྱིས་གྲུབ།"
1099856,1103999,4143,"(251) རིག་པ་ཆོས་ཉིད་གནས་པའི་ཚད་དྲུག་ནི། །དད་པའི་ངང་ལ་ཁམས་སོས་ཡལ་ལེ་བ། །"
1103999,1107856,3857,"གནས་ལུགས་ངང་ལ་ལྷུན་ཆགས་མེར་རེ་བ། །བསམ་གཏན་ངང་ལ་བརྗིད་ཆགས་ལྷན་ནེ་བ། །"
1107856,1113256,5400,"ཉམས་མྱོང་ངང་ལ་བཀྲག་ཕྱིན་སལ་ལེ་བ། །ཆོས་ཉིད་ངང་ལ་དངས་ཆགས་སང་ངེ་བ། །"
1113262,1118349,5087,"རང་རིག་ངང་ལ་ངར་ཆགས་ཧུར་རེ་བ། །དེ་ལྟར་བསྒོམས་པས་ཡེ་ཤེས་རིག་པའི་ཀློང༌། །"
1118349,1123024,4675,"གསུངས་དུས། དེ་ནས་རིག་པ་ཆོས་ཉིད་ངང་ལ་མི་གཡོ་བར་གནས་པའི་ཚད་དྲུག་ཡོད།"
1123024,1127362,4338,"གང་རེད་ཟེར་ན། བླ་མ་ལ་མོས་གུས་བྱས་ཚར་ན་བདེ་སྡུག་གི་སྣང་བ་ཐམས་ཅད་"
1127362,1131018,3656,"རང་སར་དུ་གློད་དེ་བློ་བག་ཕེབས་པ་ཡལ་ལེ་བ་བློ་བདེ་ཡིན་ས་རེད།"
1131018,1133456,2438,"གནས་ལུགས་མ་བཅོས་ངང་དུ་མཉམ་པར་བཞག་སྟེ་"
1133456,1137331,3875,"རི་བོ་རླུང་གིས་མི་བསྐྱོད་པ་མདའ་ལྟོང་སྤྲུལ་སྐུ་མཉམ་པར་བཞག་པ་ལྟ་བུ་"
1137331,1139343,2012,"ལྷུན་ཆགས་མེར་རེ་བ་ཞིག་ཡིན་ས་རེད།"
1139343,1142514,3171,"ཞི་གནས་དང་བསམ་གཏན་ངང་ལ་གནས་ན་"
1142514,1144421,1907,"བརྗིད་ཆགས་པས་གཡོ་བ་མེད་པ་དང༌།"
1144421,1147785,3364,"དེ་ནས་ཉམས་མྱོང་རང་ལ་ཤར་འོང་དུས་ནང་གི་ཉམས་མྱོང་དེ་"
1147792,1152228,4436,"ཕྱི་སེམས་ཀྱིས་རྟོགས་ཡོད་དུས་དེ་ནས་རང་གསལ་གྱི་བཀྲག་དེ་སལ་ལེ་བ།"
1152228,1156271,4043,"ཆོས་ཉིད་ཀྱི་ངང་ལ་སྒྲིབ་པས་མ་བསླད་པས་ངང་དངས་སང་ངེ་བ།"
1156278,1160928,4650,"རང་རིག་གི་ངང་ལ་རིག་པ་ངར་ཆགས་ཏེ་སེམས་དཔའ་མི་ཞུམ་པ་ཧུར་རེ་བ།"
1160935,1164985,4050,"དེ་ལྟར་བསྒོམ་ན་ཡེ་ཤེས་རིག་པའི་ཀློང་དུ་གྲོལ་བ་ཡིན།"
1178778,1184492,5714,"(252) སྐལ་བཟང་སྣོད་དང་ལྡན་པའི་ཆོས་དྲུག་ནི། །མོས་གུས་ཚུད་པས་ཅི་བྱས་དད་མི་ལྡོག ། ཆོས་ལ་དད་པས་དགེ་སྡིག་རྒྱུ་འབྲས་འཛེམ། །དམ་ཚིག་གཙང་བས་མཆེད་ལ་བརྩེ་གདུང་ཆེ། ། ཆོས་དང་འདྲེས་པས་དགེ་སྦྱོར་གཅེས་སྤྲས་བྱེད། །གཉེན་པོ་ཆེ་བས་རྐྱེན་ངན་རང་སར་གྲོལ། །"
1184492,1189485,4993,"བྲོད་པ་རྙེད་པས་སྒོམ་སྒྲུབ་བརྩོན་པ་ནི། །དམ་ཆོས་རིན་ཆེན་སྣོད་མཆོག་ལགས་པར་གསུངས། །"
1189492,1194885,5393,"གསུངས་དུས། སྐལ་བ་བཟང་པོ་དམ་པའི་ཆོས་ཀྱི་སྣོད་དང་ལྡན་པ་"
1194892,1197478,2586,"དེ་ལ་ཁྱད་ཆོས་དྲུག་ཡོད། གང་རེད་ཟེར་ན།"
1197478,1200178,2700,"བླ་མ་སངས་རྒྱས་སུ་མཐོང་བའི་མོས་གུས་ཚད་དུ་འཁྱོལ་བས་"
1200185,1204299,4114,"དེ་ནས་བླ་མའི་མཛད་སྤྱོད་ཞི་རྒྱས་དབང་དྲག་ཅི་མཛད་ནའང་"
1204306,1206721,2415,"དེ་ལ་དད་པ་མི་ལྡོག་པ་འཕེལ་བ་དང༌།"
1206721,1211621,4900,"བླ་མའི་གདམས་ངག་གི་ཆོས་དེ་ལ་དང་འདོད་ཡིད་ཆེས་ཀྱི་དད་པ་དང་ལྡན་ཏེ་"
1211621,1215685,4064,"རང་གི་ཆོས་ཀྱིས་རྒྱུད་དུལ་ཏེ་དགེ་སྡིག་རྒྱུ་འབྲས་སྤང་བླང་"
1215685,1217742,2057,"མིག་གི་འབྲས་བུ་བཞིན་དུ་འཛེམ་པ་དང༌།"
1217749,1221071,3322,"དེ་ནས་དམ་ཚིག་གཙང་བའི་གང་ཟག་འདི་མཆེད་ལྕམ་ཐམས་ཅད་ལ་"
1221071,1224685,3614,"ཕ་མ་གཅིག་གི་བུ་སྡུག་བཞིན་དུ་འདི་ནས་བྱང་ཆུབ་བར་དུ་"
1224699,1227128,2429,"བསྒྲུབ་དགོས་པར་ཤེས་པས་བརྩེ་གདུང་ཆེ་བ་དང༌།"
1227128,1230728,3600,"སེམས་དང་ཆོས་རྒྱུད་གཉིས་གཅིག་ཏུ་འདྲེས་པར་བྱས་པས་"
1230735,1232285,1550,"སེམས་ལ་འཇིག་རྟེན་གྱི་བྱ་བ་དང༌།"
1232292,1234535,2243,"ཆོས་བརྒྱད་རྣམ་གཡེང་ལ་སོགས་པ་མི་དགའ་བ་"
1234535,1238049,3514,"དགེ་སྦྱོར་འབའ་ཞིག་ལ་གཅེས་སྤྲས་བྱེད་པ་དང༌།"
1238049,1240656,2607,"གཉེན་པོ་ལམ་དུ་བསླང་སྟེ་གཉེན་པོ་སྟོབས་ཆེ།"
1240664,1244406,3742,"སྤང་བྱ་སྟོབས་ཆུང་སོང་བས་རྐྱེན་ངན་བར་ཆད་གང་འབྱུང་ནའང་"
1244406,1246771,2365,"རང་སར་གྲོལ་ཏེ་དེའི་དབང་དུ་མི་འགྲོ་བ།"
1246771,1251006,4235,"ཐར་པའི་ལམ་ཡུན་རིང་དུ་རྒྱུད་ལ་བསྟེན་རྒྱུད་ལ་སྐྱེ་འོང་བ་དེ་ལ་"
1251006,1254506,3500,"སེམས་བྲོད་པའམ་དགའ་བ་རྙེད་པས་དེ་ལ་སེམས་སྟོབས་མི་ལྷོད་པ་"
1254506,1257985,3479,"སྒོམ་སྒྲུབ་ལ་བརྩོན་པར་བྱེད་པ་དེ་དམ་པའི་ཆོས་རིན་པོ་ཆེའི་"
1257985,1261049,3064,"སྣོད་མཆོག་ཏུ་གྱུར་པ་གསེར་ཞུན་མའི་སྣོད་ལྟ་བུ་ཡིན་པ་གསུངས།"
1261056,1265178,4122,"(253) སྣོད་ངན་དོན་ཆུང་ཆོས་དྲུག་བསྟན་པ་ནི། །ཡུན་རིང་བསྒོམས་ཀྱང་རང་རྒྱུད་མ་གྲོལ་ན། །"
1265178,1268871,3693,"དགོན་པར་གནས་ཀྱང་དོན་ཆུང་རི་དྭགས་འདྲ། །སྡེ་སྣོད་ཤེས་ཀྱང་གཉེན་པོར་མ་སོང་ན། །"
1268878,1272571,3693,"ཐོས་བསམ་ཆེ་ཡང་དོན་ཆུང་ནེ་ཙོ་འདྲ། །བླ་མ་བསྟེན་ཡང་གདམས་པ་མ་ལོན་ན། །"
1272571,1276649,4078,"མདོ་སྟོར་རྒྱ་མཚོའི་འགྲམ་དུ་སྐོམ་རིད་ལུས། །གདམས་ངག་ཡོད་ཀྱང་རྒྱུད་ལ་མ་འབྱོར་ན། །"
1276649,1281814,5165,"བཅངས་པ་དོན་ཆུང་སྨན་དཔྱད་ཡི་གེ་འདྲ། །དྲོད་རྟགས་ཐོབ་ཀྱང་སེམས་ཉིད་མ་རྟོགས་ན། །"
1281814,1287956,6142,"སྒོམ་པ་དོན་ཆུང་མུ་སྟེགས་ལམ་ཞུགས་འདྲ། །དཀའ་སྤྱད་ཆེ་ཡང་ཡོན་ཏན་མ་སྐྱེས་ན། །"
1287956,1291749,3793,"འབད་པ་དོན་ཆུང་སྤང་ཕུག་ཕྱི་བ་འདྲ། །དེ་བས་གནད་དུ་འགྲོ་བ་ཤིན་ཏུ་གཅེས། །"
1291756,1297921,6165,"གསུངས་པ་འདི། དམ་པའི་ཆོས་ཀྱིས་རྒྱུད་མ་དུལ་སྣོད་ངན་པ་"
1297921,1302121,4200,"འཇིག་རྟེན་བྱ་བ་དོན་ཆུང་ཆུང་ཡིན་པའི་ཆོས་དྲུག་ཡོད། གང་རེད་ཟེར་ན།"
1302128,1305049,2921,"ལོ་དང་ཟླ་བ་ཞག་མང་པོ་ལ་རི་ཁྲོད་ལ་བསྒོམས་"
1305056,1308378,3322,"རང་གི་རྒྱུད་ཀྱི་ཉོན་མོངས་པའི་འཆིང་བ་མ་གྲོལ་ན་ནི།"
1308378,1311728,3350,"དེ་ནས་དགོན་པར་མི་ཚེ་གཅིག་ཏུ་སྡོད་བསྡད་ནའང་"
1311742,1315221,3479,"རི་དྭགས་དང་གཅན་གཟན་ཐམས་ཅད་ལུང་པ་སྟོང་པ་ལ་ཡོད་རྒྱུ་རེད་དུས་"
1315221,1319278,4057,"དེ་དང་འདྲ་བ་ཡིན། ཆོས་སྡེ་སྣོད་གསུམ་པོ་དེ་ཕར་འཆད་ཤེས་ཀྱང་"
1319285,1323471,4186,"རང་གི་ཉོན་མོངས་པའི་གཉེན་པོར་མ་སོང་ན་ནི་ཐོས་བསམ་རྒྱ་ཆེན་པོ་ཡིན་ཡང་"
1323478,1325592,2114,"དོན་ཆུང་ཆུང་གི་ནེ་ཙོ་དང་འདྲ་བ་སྟེ།"
1325592,1331964,6372,"དཔེར་ན་སྡེ་སྣོད་བཅུ་གཉིས་བློ་ལ་སྐྱོར་བའི་ལེགས་པའི་སྐར་མ་དང་"
1331964,1335378,3414,"ལྷས་སྦྱིན་གྱིས་སྡེ་སྣོད་གླང་པོ་ཆེའི་ཁུར་ཙམ་ཤེས་ནའང་"
1335385,1337764,2379,"སངས་རྒྱས་ལ་སྐུར་འདེབས་ལོག་ལྟ་བྱེད་བསྡད་པས་"
1337771,1341206,3435,"སངས་རྒྱས་སྐུ་མདུན་རང་ལ་དམྱལ་བ་ལྷུང་བ་དེ་དང་འདྲ་བ་ཡིན།"
1341214,1344764,3550,"བླ་མ་ལོ་དང་ཟླ་བ་མང་པོ་བསྟེན་ཏེ་ལུས་དང་གྲིབ་མ་བཞིན་དུ་"
1344771,1347899,3128,"འགྲོགས་བསྡད་ཡོད་ན་བླ་མའི་ཐུགས་ཀྱི་བཅུད་འདྲ་འདི་གང་རེད་ཟེར་ན།"
1347906,1350599,2693,"མན་ངག་གི་གདམས་ངག་འདི་རེད།"
1350606,1353521,2915,"འདི་གདམས་ངག་འདི་བླ་མའི་ཐུགས་ནས་ཚུལ་བཞིན་དུ་མ་གསན་ན་"
1353521,1357671,4150,"མཐའ་ཡས་རྒྱ་མཚོ་ནང་ནས་ནོར་བུ་ལེན་སོང་སོང་སྟེ་ནོར་བུ་མ་ལོན།"
1357671,1360035,2364,"དེ་ནས་མུ་གེས་ཤི་འགྲོ་བ་དང་འདྲ་འདྲ་རེད།"
1360049,1362706,2657,"དེ་ནས་གདམས་ངག་ཡོད་པ་དེ་རང་གི་རྒྱུད་ལ་འབྱོར་ཏེ་"
1362706,1365642,2936,"གདམས་ངག་གི་དྲོད་རྟགས་མངོན་སུམ་དུ་མ་ཐོབ་ན་ནི།"
1365649,1370549,4900,"དེ་ནས་རང་གི་ཉོན་མོངས་པའི་ལས་འདིའི་གཉེན་པོ་མི་འགྲོ་དུས་བཟུང་སྟེ་"
1370549,1372671,2122,"དཔེར་ན་སྨན་པ་མཁས་པ་ཞིག་ཡོད་ན།"
1372671,1376806,4135,"སྨན་པ་དེས་ནད་པའི་མགོ་ན་སྨན་དཔྱད་ཀློག་སྟེ་ཊི་བི་(TB)འདྲ་དང་"
1376806,1378421,1615,"བད་ཀན་འདྲ་ན་འོང་བའི་གང་ཟག་དེ་ལ་"
1378435,1381978,3543,"ཕན་རྒྱུ་མ་རེད་དུས་དཔེ་དེ་དང་འདྲ་བ་ཡིན།"
1381978,1384364,2386,"ལམ་གྱི་དྲོད་རྟགས་ལ་མངོན་ཤེས་རྫུ་འཕྲུལ་"
1384364,1386199,1835,"གྲུབ་རྟགས་ལ་སོགས་པ་བསྟན་རྒྱུ་ཡོད་ན།"
1386199,1390199,4000,"རང་གི་སེམས་ཉིད་གནས་ལུགས་སྒྲ་ཇི་བཞིན་དུ་མ་རྟོགས་ནས་བཟུང་སྟེ་"
1390199,1392828,2629,"ཡུན་རིང་པོ་བསྒོམ་ན་ནི་དོན་ཆུང་བ་ཡིན་ཏེ།"
1392828,1394985,2157,"མུ་སྟེགས་པ་རྣམས་ལའང་ནམ་མཁའ་ལ་འཕུར་བ་དང༌།"
1394999,1398156,3157,"ཡིན་མི་སྲིད་པ་ལ་སོགས་པའི་རྫུ་འཕྲུལ་བསྟན་པ་དང་འདྲ་བ་ཡིན།"
1398156,1401942,3786,"ཟས་གོས་མི་དགོས་པའི་དཀའ་ཚེགས་རྒྱ་ཆེན་པོ་ཞིག་བྱས་ནའང་"
1401949,1404171,2222,"གང་ཡང་ཡོན་ཏན་རྒྱུད་ལ་མ་སྐྱེས་ནས་བཟུང་སྟེ།"
1404178,1407499,3321,"རང་གི་སྡུག་བསྔལ་རང་ལ་སྟེར་བསྡད་དེ་དོན་དག་མེད་པ་ཡིན།"
1407499,1409599,2100,"སྤང་ལ་ཕུག་ཕྱི་བ་ཡོད་པ་དང་འདྲ་བས།"
1409599,1412578,2979,"དེ་བས་ན་དམ་པའི་ཆོས་གནད་དུ་འགྲོ་བ་ཤིན་ཏུ་གཅེས།"
1412585,1416756,4171,"(254) བླ་མ་མཆོག་གི་རྟགས་དྲུག་བསྟན་པ་ནི། །བསྟེན་ཚེ་བག་དྲོ་ཆོས་ལ་བློ་འགྲོ་ན། །"
1416756,1420914,4158,"བསྒྲུབས་པའི་བྱིན་རླབས་སྤྲིན་ཕུང་ཡོད་པའི་རྟགས། །སློབ་མ་སྒྲུབ་བཅུག་ཡོན་ཏན་སྣ་མང་ན། །"
1420928,1424628,3700,"ཟབ་མོའི་སྙན་བརྒྱུད་གདམས་པ་ཆེ་བའི་རྟགས། །འཁོར་དང་ཡོ་བྱད་གཞན་ཤོར་ཕྲག་དོག་མེད། །"
1424635,1428349,3714,"འཇིག་རྟེན་མངོན་ཞེན་འདོད་བློ་ཟད་པའི་རྟགས། །བློ་རིག་གང་ཡང་ལམ་དུ་འཇུག་ཤེས་ན། །"
1428356,1432364,4008,"འགྲོ་དོན་ཐབས་མཁས་ཐུགས་རྗེ་ཡོད་པའི་རྟགས། །སྡུག་བསྔལ་བ་ལ་ཕན་འདོགས་རྒྱ་ཆེ་ན། །"
1432364,1436028,3664,"ཚད་མེད་སེམས་བསྐྱེད་སྙིང་རྗེ་འབྱོངས་པའི་རྟགས། ཁོང་ཡངས་བློ་བདེ་བྱ་བ་བྲལ་བ་ན། །"
1436028,1439849,3821,"གནས་ལུགས་རྟོགས་པའི་གདེང་དང་ལྡན་པའི་རྟགས། །དེ་འདྲའི་མཚན་ལྡན་བླ་མ་བཙལ་ལ་བསྟེན། །"
1439856,1445099,5243,"གསུངས་དུས། བླ་མ་མཚན་ཉིད་དང་ལྡན་པའི་རྟགས་རྣམ་པ་དྲུག་ཡོད།"
1445099,1449121,4022,"གང་རེད་ཟེར་ན། བླ་མ་དེའི་ཞབས་ལ་རྩེ་གཅིག་ཏུ་བསྟེན་པའི་ཚེ་ན་"
1449135,1451292,2157,"རང་གི་ལུས་ངག་ཡིད་གསུམ་ཞི་དུལ་དུ་འགྲོ།"
1451292,1454264,2972,"དམ་པའི་ཆོས་ལ་བློ་རང་ཤུགས་ཀྱིས་འགྲོ་བ་ཞིག་ཡོད་ན་"
1454264,1460292,6028,"བླ་མ་དེ་ལ་བརྒྱུད་པ་དང་བཅས་པ་རྣམས་ཀྱི་བྱིན་རླབས་ཀྱི་སྤྲིན་ཕུང་ཡོད་པའི་རྟགས་ཡིན་པས།"
1460299,1462885,2586,"བླ་མའི་བྱིན་རླབས་སེམས་ལ་ཞུགས་ཟེར་བ་དེ་ཡིན།"
1462892,1467721,4829,"སློབ་མ་དེ་དག་གིས་ཆོས་ཞུ་ནའང་བླ་མས་ཡོན་ཏན་འདི་དང་འདི་ལྟ་བུ་"
1467721,1470571,2850,"ཡོད་པའི་ཆོས་སྒྲུབ་ཆོག་ཟེར་ནས་དེ་འདྲའི་སྒྲུབ་པ་ལ་"
1470571,1476156,5585,"གཙོ་བོ་བསྐུལ་བ་བྱེད་དེ་བླ་མ་བསྟེན་གྱི་བསྟེན་གྱི་ཡོན་ཏན་ཇེ་མང་དུ་འབྱུང་ན།"
1476156,1479371,3215,"དེ་ནས་བླ་མ་དེ་ལ་ཟབ་མོ་གདམས་ངག་སྙན་བརྒྱུད་ཡོད་པའི་རྟགས་རེད།"
1479378,1482321,2943,"འཁོར་དང་ཡོ་བྱད་ཇི་ཙམ་མང་དུ་ཡོད་ནའང་"
1482328,1485249,2921,"གཞན་ལ་ཤོར་བས་ཕྲག་དོག་མེད་པ་དང༌། འཁོར་རྣམས་ཀྱང་དེ་ལ་གཅིག་གིས་གཅིག་མི་དགའ་བ་མེད་པ་དང༌།"
1485256,1487314,2058,"ཕ་མ་གཅིག་གི་བུ་བརྒྱུད་བཞིན་དུ་ཡོད་ན།"
1487314,1490314,3000,"བླ་མ་དེ་ཉིད་ཀྱང་འཇིག་རྟེན་གྱི་ཆོས་ལ་མངོན་ཞེན་"
1490314,1492728,2414,"ཆགས་སྡང་གི་འདོད་བློ་ཟད་པའི་རྟགས་ཡིན།"
1492728,1497378,4650,"བློ་རིག་དང་མཐུན་པའི་གདུལ་བྱ་དེ་ཐམས་ཅད་ཐར་པ་དང་"
1497385,1500014,2629,"ཐམས་ཅད་མཁྱེན་པའི་ལམ་སྒྲུབ་བྱེད་ལ་ཡར་འཇུག་ཤེས་ན།"
1500021,1502935,2914,"བླ་མ་འདི་འགྲོ་བ་འདུལ་བའི་ཐབས་ལ་མཁས་ཤིང་"
1502935,1505771,2836,"སེམས་ཅན་ལ་ཐུགས་རྗེ་བརྩེ་བ་ཡོད་པའི་རྟགས།"
1505778,1507664,1886,"སྡུག་བསྔལ་བ་ལ་ཕན་འདོགས་རྒྱ་ཆེ་ན།"
1507678,1511971,4293,"སུ་སྒྲིབ་པ་ཆེ། སུ་སྡིག་པ་ཆེ། སུ་ནད་པ་ལྟ་བུ་ཡིན་ན་"
1511971,1513971,2000,"དེ་ལ་ལྷག་པར་དུ་ཐུགས་བརྩེ་བ་ཡོད་ན་"
1513971,1517742,3771,"བླ་མ་དེའི་རྒྱུད་ལ་བྱང་ཆུབ་ཀྱི་སེམས་སྙིང་རྗེ་ཡོད་པའི་རྟགས་ཡིན།"
1517742,1521121,3379,"དེ་ནས་འཁོར་རྣམས་ཀྱིས་མི་འདོད་པ་བྱེད་པའི་ལོག་སྒྲུབ་ལྟ་བུ་དང༌།"
1521128,1523006,1878,"ཕན་ཚུན་འཐབ་འཛིང་ལ་སོགས་པ་བྱས་ན།"
1523006,1527942,4936,"བླ་མ་དེ་ཉིད་ཀྱང་ཁོག་ཡངས་བློ་བདེ་འཇིག་རྟེན་ཚེ་འདིའི་བྱ་བ་མང་པོ་"
1527949,1532164,4215,"སྒྲུབ་རྒྱུ་མེད་ན་གནས་ལུགས་རྟོགས་པའི་གདེང་དང་ལྡན་པའི་རྟགས་ཡིན་པས་ན།"
1532171,1534892,2721,"དེ་རྟགས་དྲུག་ཚང་འདུག་ན་མཚན་ལྡན་བླ་མ་འདི་ག་ན་འདུག་"
1534892,1536956,2064,"བལྟ་སྟེ་བཙལ་ནས་རྙེད་དགོས་པ་ཡིན།"
1536956,1541149,4193,"(255) ཆོས་སྒྲུབ་རྣམས་ཀྱི་རྟགས་དྲུག་སྤང་བ་ནི། །མི་ཆོས་ཁ་འཛིན་ཆེ་ན་ཆགས་སྡང་ཡོད་པའི་རྟགས། །"
1541171,1545664,4493,"ཅི་བྱས་སྡང་བར་མཐོང་ན་ལོག་ལྟ་སྐྱེས་པའི་རྟགས། །འཁྲུལ་སྣང་གཅེས་འཛིན་མང་ན་དགེ་སྦྱོར་འགྲིབ་པའི་རྟགས། །"
1545671,1550314,4643,"ཕ་ཡུལ་ཡོ་བྱད་གསོག་ན་ཆོས་ལས་ལོག་པའི་རྟགས། །ཚེ་འདི་དོན་དུ་གཉེར་ན་བར་ཆད་བདུད་ཀྱི་རྟགས། །"
1550314,1552899,2585,"ཆོས་ལ་ངེས་ཤེས་མེད་ན་ཐར་ལམ་སྟོར་བའི་རྟགས། །"
1552899,1558585,5686,"ཆོས་སྒྲུབ་པའི་གང་ཟག་དེ་རྣམས་ལ་ཆོས་མི་སྒྲུབ་པའི་རྟགས་དྲུག་ཡོད་"
1558592,1561828,3236,"དེ་རྟགས་དྲུག་འདི་སྤོང་དགོས་པ་ཡིན། གང་རེད་ཟེར་ན།"
1561828,1564764,2936,"འཇིག་རྟེན་མི་ཆོས་འདི་སྲིད་ཇུས་གཙོ་བོར་བྱས་ནས།"
1564764,1568721,3957,"དེ་ནས་རང་ཕྱོགས་ལ་ཆགས་ཆེ་གཞན་ཕྱོགས་ལ་སྡང་བའི་ལས་ཀ་མང་པོ་བྱས་ན་"
1568721,1571985,3264,"དེ་ཁྱེད་ཉེ་རིང་ཆགས་སྡང་ངེས་ཤེས་མེད་པའི་རྟགས་ཡིན།"
1571992,1576821,4829,"ཁྱད་པར་ལུས་ངག་ཡིད་གསུམ་གྱིས་བྱ་བ་ཅི་བྱེད་བསྡད་ན་ཡང་"
1576821,1580721,3900,"སྡང་སེམས་འདྲ་ཞིག་མ་གཏོགས་མེད་ན་བླ་མ་ཅི་མཛད་ལེགས་པར་མི་མཐོང་སྟེ་"
1580721,1582285,1564,"ལོག་ལྟ་སྐྱེས་པའི་རྟགས་ཡིན།"
1582285,1586035,3750,"ཚེ་འདིའི་བྱ་བའི་འཁྲུལ་སྣང་སྙན་གྲགས་ནོར་དང་ལོངས་སྤྱོད་"
1586035,1588528,2493,"དབང་ཐང་གཟི་བརྗིད་ལ་སོགས་པ་ལ་གཅེས་འཛིན་མང་ན་"
1588535,1590599,2064,"དགེ་སྦྱོར་མ་འགྲིབ་འགྲོ་བའི་རྟགས་ཡིན།"
1590599,1594406,3807,"ཕ་ཡུལ་དུ་ཡོ་བྱད་བསགས་ནས་བསྡད་ཡིན་ན་དམ་པའི་ཆོས་ལས་ལོག་སྟེ་"
1594414,1596214,1800,"བྱ་བྲལ་བྱ་བས་ཁུར་འགྲོ་བའི་རྟགས་ཡིན།"
1596221,1599414,3193,"ཚེ་འདི་འབའ་ཞིག་དོན་དུ་གཉེར་ཏེ་ཕྱི་མ་མི་འཚེར་ན་ནི་"
1599421,1601256,1835,"བར་ཆད་བདུད་ཀྱིས་ཞུགས་པའི་རྟགས་ཡིན།"
1601256,1604821,3565,"རང་གིས་ཆོས་ཤེས་པ་དེ་ལ་ཐོས་བསམ་སྒོམ་གསུམ་སྒོ་ནས་"
1604828,1607242,2414,"ཡིད་ཆེས་ཀྱི་ངེས་པ་རྩེ་གཅིག་ཏུ་མེད་ན་"
1607242,1610421,3179,"ཐར་པའི་ལམ་འདི་སྟོར་ཏེ་བརླག་སོང་བའི་རྟགས་ཡིན།"
1610428,1617178,6750,"(256) ནོར་བ་དྲུག་གི་རང་བཞིན་སྤང་བ་ནི། །འདི་ཕྱིའི་སྐྱབས་གནས་བླ་མ་མི་མཆོད་པར། །"
1617179,1621159,3980,"མགུ་བྱེད་ཉེ་འབྲེལ་སྐྱོང་བ་ཤིན་ཏུ་ནོར། །དངོས་གྲུབ་རྩ་བ་བཟླས་བརྗོད་མི་བྱེད་པར། །"
1621166,1624806,3640,"ཟད་མེད་ལོང་གཏམ་གཏོང་བ་ཤིན་ཏུ་ནོར། །དད་སོགས་འཕགས་པའི་ནོར་བདུན་མི་གསོག་པར། །"
1624806,1628726,3920,"སྡུག་བསྔལ་རྩ་བ་ནོར་གསོག་ཤིན་ཏུ་ནོར། །སེམས་ཉིད་དོན་གྱི་གནས་ལུགས་མི་སྒོམ་པར། །"
1628726,1632593,3867,"རྣམ་གཡེང་འདུ་འཛིའི་བྱ་བ་སྒྲུབ་པ་ནོར། །ཉེས་པའི་འབྱུང་གནས་ངར་འཛིན་མི་འདུལ་བར།"
1632599,1636379,3780,"ཁེ་གྲགས་ལོ་འདོད་མངོན་རློམ་བྱེད་པ་ནོར། །མ་རིག་མུན་སེལ་ཐོས་བསམ་མི་བྱེད་པར། །"
1636386,1641853,5467,"སྙམ་བྱེད་མུན་པའི་བླུན་སྒོམ་བྱེད་པ་ནོར། །ནོར་བ་སྤངས་ན་ཐར་ལམ་ཉེ་བར་འགྱུར། །"
1641859,1645166,3307,"ཞེས་གསུངས་དུས། ནོར་བ་དྲུག་གི་རང་བཞིན་འདི་སྤང་དགོས།"
1645166,1647619,2453,"སྤང་དགོས་པའི་རྒྱུ་མཚན་གང་ནོར་འགྲོ་རེད་ཟེར་ན།"
1647619,1651006,3387,"འདི་ཕྱིའི་བསླུ་མེད་སྐྱབས་གནས་རང་གི་རྩ་བའི་བླ་མ་དེ་ལ་"
1651006,1655386,4380,"ཅི་མཛད་ལེགས་པར་མཐོང་བའི་སྒོ་ནས་གུས་པ་བྱས་མཆོད་པ་དང༌།"
1655386,1658359,2973,"བཀུར་སྟི་དང༌། བླ་མ་ལ་ཐུགས་མཉེས་པ་མི་བྱེད་པར་"
1658359,1662712,4353,"རང་གི་ཕ་མ་ཉེ་འབྲེལ་ཐམས་ཅད་སྐྱོང་སོང་ན་ཤིན་ཏུ་ནོར་བ་ཡིན།"
1662712,1665939,3227,"མཆོག་དང་ཐུན་མོང་གི་དངོས་གྲུབ་རྩ་བ་ཡི་དམ་གྱི་བཟླས་བརྗོད་རེད།"
1665939,1670326,4387,"འདི་མི་བྱེད་པ་འཇིག་རྟེན་གྱི་ཆགས་སྡང་དང༌།"
1670339,1674679,4340,"དམག་དང་སྒྲུང་ལ་སོགས་པའི་གཏམ་སྐད་ཆ་མང་པོ་གཏོང་བ་ཤིན་ཏུ་ནོར་བ་ཡིན།"
1674679,1677432,2753,"དད་པ་ལ་སོགས་པ་འཕགས་པའི་ནོར་བདུན་འདི་རྒྱུད་ལ་"
1677432,1679759,2327,"སྔོན་ནས་ཡོད་པ་འདི་གོང་འཕེལ་དང༌།"
1679779,1683539,3760,"མེད་པ་གསར་དུ་མི་བྱེད་པ་སྡུག་བསྔལ་གྱི་རྩ་བ་གསེར་དངུལ་"
1683539,1688072,4533,"ནོར་ཞིང་ཁ་ལ་སོགས་པ་གསོག་པ་ནི་ཤིན་ཏུ་ནོར་བ་ཡིན།"
1688072,1690819,2747,"སེམས་ཉིད་དོན་གྱི་གནས་ལུགས་འདི་ཚུལ་བཞིན་དུ་མི་སྒོམ་པ་"
1690819,1693366,2547,"རྣམ་གཡེང་གི་དབང་དུ་འགྲོ་སྟེ་རྣམ་གཡེང་དང་"
1693372,1696266,2894,"འདུ་འཛིའི་བྱ་བ་སྒྲུབ་པ་འདི་ཤིན་ཏུ་ནོར་བ་ཡིན།"
1696279,1699946,3667,"ཉེས་པ་ཐམས་ཅད་ཀྱི་འབྱུང་གནས་ང་ཡིན་བསམ་ངར་འཛིན་འདི་མི་འདུལ་བ།"
1699952,1706286,6334,"འཇིག་རྟེན་གོ་ས་ལོངས་སྤྱོད་ཆེན་པོ་ལ་སྤྱོད་པ་ཁེ་གྲགས་དང་"
1706292,1708926,2634,"ལོ་འདོད་མངོན་རློམ་བྱེད་པ་ནོར་བ་ཡིན།"
1708926,1712892,3966,"མ་རིག་པའི་མུན་པ་སེལ་བ་དམ་པའི་ཆོས་ལ་ཐོས་བསམ་སྒོམ་གསུམ་མི་བྱེད་པར།"
1712906,1715959,3053,"འཇིག་རྟེན་གྱི་བྱ་བ་རྒྱུ་འབྲས་མི་རྩི་བ་དང༌།"
1715966,1719826,3860,"ཚེ་འདིའི་བྱ་བ་གཙོ་བོར་བྱེད་པའི་བླུན་སྒོམ་བྱེད་པ་ནོར་བ་ཡིན་པས།"
1719826,1724586,4760,"ནོར་བ་སྤངས་ནས་ཐར་པའི་ལམ་ཉེ་བ་ལ་མྱུར་དུ་བསྟེན་དགོས་པ་ཡིན།"
1724586,1728566,3980,"(257) གདམས་ངག་དྲུག་གིས་གནད་དུ་བསྣུན་པ་ནི། །རྐང་མེད་ཡུར་བར་མི་འབབ་མཁས་པའི་བླ་མ་བསྟེན། །"
1728566,1733892,5326,"འཁྲུལ་བར་འགྲོ་བའི་རྟེན་ཡིན་ལོག་དམན་བྱ་བ་དོར། །གཞན་གྱི་ངན་སྤྱོད་འགོ་བས་མི་དང་འགྲོགས་མི་བྱ། །"
1733899,1739219,5320,"བསམ་གཏན་གཡེང་བའི་ཚེར་མ་ཐ་སྙད་ཚིག་མ་རྩོད། །བྲེལ་དོ་ཟིན་པའི་དུས་མེད་བྱ་བྱེད་འཕྲོ་ལ་བོར། །"
1739226,1744066,4840,"དངོས་གྲུབ་རིང་བར་འགྱུར་བས་ཡི་དམ་གཞན་མ་སྤེལ། །བཟའ་བཏུང་སྲེད་པ་འཕེལ་བས་གང་བྱུང་འཚོ་བ་བསྟེན། །"
1744086,1746132,2046,"དེ་ལྟར་བྱས་ན་ཀུན་སྤྱོད་དགེ་བ་འཕེལ། །"
1746146,1752339,6193,"གསུངས་ནས་བཟུང་སྟེ། ད་དམ་པའི་ཆོས་སྒྲུབ་པ་ལ་གདམས་ངག་དྲུག་གིས་གནད་དུ་བསྡུས་པ་འདི་ནི།"
1752339,1757139,4800,"དཔེར་ན་ཆུ་ཕ་རོལ་དུ་འདྲེན་དགོས་ན།"
1757152,1759912,2760,"དེ་ལ་ཡུར་བ་རྐང་པ་ཆག་ཚར་ཡུར་བ་བར་སྣང་མཁའ་ལ་"
1759912,1762159,2247,"སྐྱོན་ཤོར་ཚར་ན་དེ་ནས་ཆུ་འབབ་རྒྱུ་མ་རེད།"
1762166,1767292,5126,"དཔེ་དེ་བཞིན་རང་གིས་ཀྱང་བླ་མ་མཁས་གྲུབ་གཉིས་དང་ལྡན་པའི་གང་ཟག་ཅིག་ལ་མ་བསྟེན་ན།"
1767299,1770472,3173,"དེའི་གདམས་ངག་གི་བྱིན་རླབས་ཀྱི་ཆུ་རྒྱུན་འབབ་ཀྱི་མ་རེད་"
1770479,1771546,1067,"དེ་བསྟེན་དགོས་གསུངས་རེད།"
1771546,1776719,5173,"དེ་ནས་འཁྲུལ་པའི་འགྲོ་བ་འདི་ཁམས་གསུམ་གྱི་སེམས་ཅན་འཁྲུལ་པ་"
1776719,1778612,1893,"བྱིས་པ་སོ་སོ་སྐྱེ་བོ་ཐམས་ཅད་ནི།"
1778619,1782886,4267,"དེ་སྔ་བར་དུ་འགྲོ་བ་རིགས་དྲུག་གི་གནས་སུ་འཁྲུལ་བསྡད་པ་ཡིན་པས་"
1782892,1786212,3320,"སོ་སོ་སྐྱེ་བོའི་བྱེད་སྤྱོད་ལ་བྱས་ན་སྡིག་པ་མི་དགེ་བ་དང༌།"
1786212,1790506,4294,"ཆོས་དང་འགལ་བ་མ་གཏོགས་གཏན་ནས་ཡོད་མ་རེད་དུས།"
1790512,1796499,5987,"སོ་སོ་སྐྱེ་བོའི་བྱ་བ་འདི་ཕ་དོར་བ་དེ་བྱེད་དགོས་གསུངས།"
1796506,1800419,3913,"ལྷག་པར་དུའང་སྡིག་པའི་གྲོགས་པོ་དང་རྣམ་གཡེང་དང་འདུ་འཛི་ལ་དགའ་བ་"
1800426,1803879,3453,"དམ་པའི་ཆོས་ལ་མི་སྤྱོད་པའི་གང་ཟག་དང་ལྷན་ཅིག་ཏུ་འགྲོགས་ན།"
1803892,1806986,3094,"དེའི་ངན་པའི་སྤྱོད་པ་འདི་འགོ་བས་ན་མི་དང་མི་འགྲོགས་པ་"
1806986,1810506,3520,"རང་ཉིད་གཅིག་པུ་རི་ཁྲོད་དབེན་པའི་གནས་སུ་སྡོད་དགོས་པ་ཡིན།"
1810506,1816466,5960,"སེམས་བྱིང་རྒོད་དང་བྲལ་བའི་བསམ་གཏན་གྱི་ངང་དུ་བཞག་པ་དེ་ལ་"
1816472,1821392,4920,"ཚིག་གཡེང་ཚེར་མ་ལྟ་བུ་ལས་སུ་མི་རུང་བ་བྱེད་པ་འདི་གང་རེད་ཟེར་ན།"
1821392,1825172,3780,"ཆགས་སྡང་དང༌། དོན་མེད་རྒྱལ་ཁམས་ལ་འཐབ་རྩོད་ཚིག་མང་པོ་དང༌།"
1825186,1829112,3926,"ཕར་རྩོད་ཚུར་རྩོད་ལན་མང་པོ་བྱེད་རྒྱུ་འདི་སེམས་ལ་རྒོད་པོ་ཤོར་"
1829112,1832546,3434,"བསམ་གཏན་ལ་ཚེར་མ་ལྟ་བུ་འོང་བས་དེ་རྩོད་པ་མ་བྱེད་གསུངས།"
1832552,1836779,4227,"དེ་ནས་བྱ་བྱེད་ལས་ཀ་ཇི་ཙམ་ལས་ན་རང་ལ་དེ་ཙམ་ཞིག་བྲེལ་བ་ཆེ་འགྲོ་དུས།"
1836786,1840012,3226,"ཁོམ་པའི་དུས་མེད་པས་ན་བྱ་བྱེད་ཐམས་ཅད་ཅམ་གྱིས་བཞག་སྟེ་"
1840012,1841979,1967,"བྱར་མེད་ཀྱི་དོན་ལ་ལྟོས་གསུངས།"
1841986,1846366,4380,"རང་གི་རྩ་བའི་ཡི་དམ་འདི་ཉིད་ཀྱི་དབང་དང་བྱིན་རླབས་གཞན་ལ་སྤེལ་ན།"
1846372,1849826,3454,"རང་ལ་མཆོག་དང་ཐུན་མོང་དངོས་གྲུབ་འདི་ཐག་རིང་དུ་འགྲོ་བར་འགྱུར་བ་ཡིན་པས་"
1849826,1853212,3386,"ཡི་དམ་འདི་གསང་སྟེ་སྦས་པ་མ་གཏོགས་གཞན་ལ་སྤེལ་མ་འབྲེལ།"
1853219,1858119,4900,"དེ་ནས་ལྟོ་མང་པོ་བཟའ་རྒྱུ་དང་ཆང་མང་པོ་འཐུང་བའི་ཚེ་ན།"
1858119,1862572,4453,"ཇི་ཙམ་ཟོས་ན་དེ་ཙམ་དུ་སྲེད་པ་འཕེལ་བ་ཡིན་པའི་ཕྱིར་ན་གང་བྱུང་གི་འཚོ་བ།"
1862572,1865366,2794,"ལྟོ་བ་ལྡང་ངེས་ཙམ་ལ་བསྟེན་ན་མ་གཏོགས་མང་ཆེ།"
1865366,1867972,2606,"དེ་ལྟར་བྱས་ན་ཀུན་སྤྱོད་ཐམས་ཅད་དགེ་བ་འཕེལ།"
1867979,1871699,3720,"(258) སློབ་དཔོན་ངན་པའི་སྐྱོན་དྲུག་འགོ་བ་ནི། །བཤེས་གཉེན་ངན་པ་བསྟེན་པའི་སློབ་མ་དག །"
1871699,1875659,3960,"གྲུབ་མཐའ་ངན་པས་རྟག་ཆད་མཐར་འཛིན་འགོ །སྤྱོད་པ་ངན་པས་མི་དགེ་ལོག་པར་འཁྲིད། །"
1875672,1879506,3834,"གྲུབ་རྟགས་ངན་པས་ཁོང་ཁྲོ་གདུག་རྩུབ་འཕེལ། །སྒོམ་པ་ངན་པས་འཁྲུལ་སྣང་བག་ཆགས་སྦྱོར། །"
1879506,1883532,4026,"ཉམས་ལེན་ངན་པས་འཇིག་རྟེན་ཆོས་ལ་འཆེལ། །འབྲས་བུ་ངན་པས་འཁོར་བ་ངན་སོང་ལྟུང༌། །"
1883532,1889792,6260,"དེ་ཕྱིར་དད་ལྡན་ཐར་ལམ་གཉེར་རྣམས་ཀྱིས། །བར་ཆད་བདུད་དུ་སློབ་དཔོན་ངན་པ་ཆེ། །"
1889792,1893066,3274,"དེ་བས་བརྟགས་ཏེ་རབ་ཏུ་སྤང་བར་བྱ། །"
1893099,1898199,5100,"གསུངས་རེད། ད་ཡང་སློབ་དཔོན་ནམ་བླ་མ་ངན་པ་བསྟེན་ན་"
1898199,1900639,2440,"བླ་མ་ངན་པའི་སྐྱོན་དྲུག་འགོ་བ་སྟེ།"
1900646,1904412,3766,"དཔེར་ན་མི་གཙང་བས་ལུས་ལ་འགོ་ན་དེའི་དྲི་མ་བྲོ་བ་ལྟ་བུ་ཡིན་པས་ན།"
1904412,1907726,3314,"དེ་བཤེས་གཉེན་ངན་པ་བསྟེན་པའི་སློབ་མ་ཡོད་ན་"
1907726,1912612,4886,"བཤེས་གཉེན་ཡང་ཆགས་སྡང་ཆེན་པོ་སློབ་མ་ཡང་ཆགས་སྡང་ཆེན་པོ་ཡིན་པས་"
1912612,1915339,2727,"དེ་ཐམས་ཅད་ཀྱིས་གྲུབ་མཐའ་ལ་ལ་ལས་རྟག་པ་འཛིན།"
1915339,1918659,3320,"ལ་ལས་ཆད་པ་འཛིན། དེ་རྟག་ཆད་གཉིས་འཛིན་པ་ཞུགས་དུས་"
1918672,1920599,1927,"ངའི་གྲུབ་མཐའ་འདི་མཆོག་ཏུ་གྱུར་པ་ཡིན།"
1920612,1923272,2660,"ཁོའི་གྲུབ་མཐའ་འདི་སྡུག་ཆགས་རེད་ཟེར་བ་ཡིན་པས་ན་"
1923272,1925832,2560,"དེ་ཕྱིར་ན་དེ་ལ་བརྟེན་ལས་ངན་བསག་རེད།"
1925839,1931299,5460,"དེ་ནས་སློབ་དཔོན་གྱི་སྤྱོད་པ་འཆལ་བའི་འཇོལ་ལོ་ཟོག་པོའི་སྤྱོད་པ་བྱེད་པ་དེ་ལ་བསྟེན་ན་"
1931299,1935326,4027,"སློབ་མ་ཐམས་ཅད་ཀྱང་མི་དགེ་ལོག་པར་འཁྲིད་པར་འགྲོ་བ་ཡིན་པས་"
1935326,1937299,1973,"དེ་ལྟ་བུའི་སྤྱོད་པ་བྱེད་མི་ཉན།"
1937299,1939539,2240,"དེ་ནས་རང་གི་རྒྱུད་ལ་ཆོས་ཉིད་ཀྱི་རྟོགས་པ་"
1939539,1942412,2873,"མངོན་སུམ་དུ་མ་སྐྱེས་བཞིན་དུ་ནམ་མཁའ་ནས་འཕུར་རྒྱུ།"
1942412,1943672,1260,"མངོན་ཤེས་འཆད་རྒྱུ།"
1943686,1946666,2980,"ལྷ་མཐོང་འདྲེ་མཐོང་མང་པོ་ཡོད་རྒྱུ་འདི་ཁོང་ཁྲོ་དང་"
1946672,1949472,2800,"གདུག་རྩུབ་འཕེལ་བ་ཡིན་པས་དེ་ཆེད་དུ་མི་གཉེར།"
1949479,1952672,3193,"སྒོམ་པ་ངན་པའི་སྒོ་ནས་ཞི་གནས་ཀྱི་ཉམས་ལྟ་བུ།"
1952679,1956292,3613,"ཆོས་ཉིད་ཀྱི་དོན་མི་རྟོགས་ཉམས་སླ་བའི་འཁྲུལ་སྣང་ཡིན་པས་"
1956299,1958172,1873,"དེའི་བག་ཆགས་ཐམས་ཅད་ལ་སྦྱོར།"
1958186,1961099,2913,"ཉམས་ལེན་ལྟ་དགོངས་གདིང་དུ་འཁེལ་བར་འགྱུར་བ་མེད་ན་"
1961099,1964726,3627,"ངན་པས་འཇིག་རྟེན་ཆོས་བརྒྱད་ཀྱི་བྱ་བ་ལ་འཆེལ་བར་འགྱུར་བ་ཡིན།"
1964726,1968132,3406,"དེ་ལྟ་བུ་སློབ་དཔོན་ངན་པ་བསྟེན་ན་འབྲས་བུ་ཁམས་གསུམ་འཁོར་བ་དང་"
1968139,1970212,2073,"ངན་སོང་ལ་ལྟུང་རྒྱུ་མ་གཏོགས་མེད་པས།"
1970219,1972452,2233,"འབྲས་བུ་ངན་པས་འཁོར་བ་ངན་སོང་དུ་ལྟུང༌།"
1972452,1975539,3087,"དེ་ཕྱིར་དད་ལྡན་ཐར་ལམ་དོན་དུ་གཉེར་བ་རྣམས་ཀྱིས་"
1975539,1980979,5440,"ཐར་པའི་ལམ་གྱི་བར་ཆད་ཀྱི་བདུད་སློབ་དཔོན་ངན་པ་དེ་བས་ཆེ་མེད་པས་ན།"
1980979,1985019,4040,"དང་པོ་ཆོས་དང་འབྲེལ་བ་མ་བཞག་གོང་བླ་མ་ལེགས་པར་བརྟག །"
1985026,1988932,3906,"སྡིག་པའི་སློབ་དཔོན་རེད་བསྡད་ན་རབ་ཏུ་སྤང་བར་བྱེད་དགོས་པ་ཡིན།"
1988946,1993546,4600,"(259) གྲོགས་ངན་སྤྱོད་པ་འགོ་བའི་ཆོས་དྲུག་ནི། །བསམ་མེད་བྱིས་དང་འགྲོགས་ན་དོན་ཆུང་སྤྱོད་པ་འགོ །"
1993546,1998432,4886,"ན་ཕྲད་གཞོན་དང་འགྲོགས་ན་རྩེ་རྒོད་སྤྱོད་པ་འགོ །ཁྱིམ་པ་རྣམས་དང་འགྲོགས་ན་སོ་ནམ་ཁེ་གྲགས་འགོ །"
1998432,2003486,5054,"ཚོང་པ་དག་དང་འགྲོགས་ན་ཁེ་སྤོགས་གསོག་བྲུན་འགོ །ཞེ་སྡང་ཅན་དང་འགྲོགས་ན་གདུག་རྩུབ་སྤྱོད་པ་འགོ །"
2003486,2009806,6320,"གཉེན་བཤེས་སྐྱོང་དང་འགྲོགས་ན་ལྟོ་གོས་བཟའ་འཚོལ་འགོ །དེ་བས་གྲོགས་ངན་སྤངས་ལ་གྲོགས་བཟང་ཆོས་ལྡན་བསྟེན། །"
2009812,2014772,4960,"ཞེས་པ་སྟེ། གྲོགས་ངན་པའི་སྤྱོད་པ་འགོ་བ་ཡིན་པས་བླ་མ་མིན་ནའང་"
2014772,2018566,3794,"གྲོགས་ངན་པ་དང་འགྲོགས་མི་རུང༌། གྲོགས་ངན་པ་གང་ཡིན་ཟེར་ན།"
2018572,2022446,3874,"འཇིག་རྟེན་ཚེ་འདིའི་བྱ་བ་མ་གཏོགས་པའི་ཕྱི་མའི་བྱ་བ་ལ་གཏན་ནས་"
2022446,2024839,2393,"བསམ་མི་ཤེས་པའི་བྱིས་པ་དང་འགྲོགས་སོང་ན།"
2024859,2027066,2207,"ཚེ་འདིའི་དགྲ་འདུལ་རྒྱུ། གཉེན་སྐྱོང་རྒྱུ།"
2027066,2032299,5233,"ཞིང་ཁ་སོ་ནམ་ལ་སོགས་པའི་སྤྱོད་པ་འདི་འགོ་འགྲོ་རེད་མ་གཏོགས་ཆོས་དང་མི་ལྡན།"
2032299,2038112,5813,"ན་ཚོད་གཞོན་ནུ་གྱུར་པ་བུ་དང་བུ་མོ་དང་ལྷན་ཅིག་ཏུ་འགྲོགས་ན།"
2038126,2042826,4700,"གླུ་བྲོ་གར་འདོད་པའི་རྩེད་འཇོ་ལ་གཡེང་འགྲོ་སྟེ་སེམས་རྒོད་པ་ལ་ཆགས་ཏེ་"
2042826,2045292,2466,"ཚུལ་ཁྲིམས་ལ་སོགས་པ་ཉམས་པའི་རྐྱེན་འབྱུང༌།"
2045292,2049652,4360,"ཁྱིམ་པ་ཕོ་མོ་རྣམས་དང་ལྷན་ཅིག་ཏུ་འགྲོགས་ན་ཁྱིམ་པའི་བྱ་བ་སོ་ནམ་དང༌།"
2049652,2053139,3487,"རང་གིས་ཁེ་འཐོབ་རྒྱུ་དང༌། རང་གྲགས་པ་འཐོབ་རྒྱུ་རེད་དུས་"
2053146,2055306,2160,"དེ་བསམ་བློ་མ་གཏོགས་ཆོས་དང་མི་སྦྱོར།"
2055306,2058545,3239,"དེ་ནས་ཚོང་བྱས་པ་དག་དང་འགྲོགས་ན་གཡོ་སྒྱུའི་སྒོ་ནས་"
2058572,2063759,5187,"ཕ་རོལ་པོ་མགོ་སྐོར་ཏེ་རང་ལ་ཁེ་འཐོབ་བྱེད་ཀྱི་དང་ནོར་གསོག་རྒྱུ་འགོ་བ་ཡིན།"
2063766,2067079,3313,"མི་ཞེ་སྡང་རླུང་ཚ་བོ་དང་འགྲོགས་ན་སྦྲུལ་བཞིན་དུ་"
2067079,2070652,3573,"གདུག་རྩུབ་ཀྱི་སྤྱོད་པ་འགོ་སྟེ་རང་ཡང་རླུང་ཚ་བོ་འགྱུར་བ་ཡིན།"
2070652,2074606,3954,"གཉེན་བཤེས་ལ་ཞེན་ཆགས་ཆེན་པོ་དང་འགྲོགས་ན་གཉེན་བཤེས་དེ་ལ་"
2074606,2078139,3533,"ལྟོ་གོས་ཟས་འཚོལ་གྱི་སྒོ་ནས་དེའི་བྱ་བ་མི་འོང་བསྡད་དུས་"
2078139,2080286,2147,"ཆོས་འཕྲོ་བརླག་ཏུ་འགྲོ་བ་ཡིན།"
2080292,2083039,2747,"དེ་བས་གྲོགས་ངན་པ་སྤངས་ལ་གྲོགས་བཟང་པོ་ཆོས་དང་"
2083039,2085485,2446,"མཐུན་པའི་གྲོགས་པོ་བསྟེན་འོས་པ་ཡིན།"
2085485,2089891,4406,"(260) བྱུར་ངན་ཁྱིམ་ཐབ་བསྟེན་པའི་ཉེས་དྲུག་ནི། །མི་རྟག་རྒྱུད་ལ་སྐྱེས་ཀྱང་སྒྲུབ་པ་ལེ་ལོས་འཁྱེར། །"
2089906,2095826,5920,"དད་པ་ཤེས་རབ་འཛོམས་ཀྱང་བྱ་བའི་སྐབས་མི་རྙེད། །ཚེ་འདི་དགོས་མེད་ཤེས་ཀྱང་འཇིག་རྟེན་བློས་མི་ཐོངས། །"
2095826,2100879,5053,"ཟབ་མོའི་གདམས་པ་ཡོད་ཀྱང་ཉམས་ལེན་ཡིད་སྨོན་ལུས། །ཐོས་བསམ་ཤེས་རྒྱ་ཆེ་ཡང་རང་གཞན་ཕན་མི་ཐོགས། །"
2100892,2105599,4707,"གནས་ལུགས་ལྟ་བ་གོ་ཡང་ཐ་མལ་ངང་དུ་འཆི། །དེ་འདྲའི་དབང་དུ་མ་སོང་ཤིན་ཏུ་གཟབ་པར་བྱ། །"
2105599,2110326,4727,"ཞེས་པ་སྟེ། བྱུར་ཟེར་མཁན་འདི་ཉེས་པ་མང་པོ་ཡོད་པའི་སྤྱོད་པ་རེད་དུས།"
2110332,2113126,2794,"དེ་ལྟ་བུ་སྤྱོད་པའི་གང་ཟག་དང་ལྷན་ཅིག་ཏུ་བསྟེན་ན་"
2113132,2115666,2534,"དེ་སྤྱོད་པ་དེ་རང་ལ་འགོས་འགྲོ་བ་ཡིན།"
2115666,2119512,3846,"གང་རེད་ཟེར་ན། ཁ་ཡིས་མི་རྟག་པ། མི་རྟག་པ་ཟེར་"
2119512,2121979,2467,"འཆི་བ་མི་རྟག་པ་རྒྱུད་ལ་བསྐྱེད་པར་བྱས་ན་ཡང༌།"
2121979,2125119,3140,"འཆི་བ་མི་རྟག་པ་དྲན་དུས་དམ་པའི་ཆོས་སྒྲུབ་དགོས་རེད་དེ།"
2125119,2128292,3173,"བསྒྲུབ་རྒྱུ་ཆོས་དེ་མི་སྒྲུབ། ཁ་མི་རྟག་པ་རེད་སོང་ན་"
2128306,2130886,2580,"ལེ་ལོའི་གཡེང་བས་འཁྱེར་འགྲོ་བ་ཡིན།"
2130886,2135846,4960,"དད་པ་དང་ཤེས་རབ་འཛོམ་བསྡད་ནའང་ཐོས་བསམ་སྒོམ་གསུམ་གྱི་བྱ་བ་མི་བརྩོན་ན་"
2135852,2138232,2380,"དད་པ་ཤེས་རབ་གཉིས་ཀྱིས་ལས་ཀ་མི་བྱེད་རེད་དུས།"
2138232,2142026,3794,"དེ་ཕྱིར་ན་ཐར་པའི་ལམ་གྱི་སྐབས་མི་རྙེད་པ་ཡིན།"
2142032,2144992,2960,"འཇིག་རྟེན་ཚེ་འདིའི་བྱ་བ་ཐམས་ཅད་དགོས་པ་མེད་པ་རེད།"
2145006,2147532,2526,"རྨི་ལམ་རེད། སྒྱུ་མ་རེད་བསམ་ནས་འཇིག་རྟེན་གྱི་བྱ་བ་"
2147532,2150706,3174,"བློས་མ་བཏང་བསྡད་ན་དེ་གྲུབ་འབྲས་མ་ཐོན་པ་ཡིན།"
2150706,2153319,2613,"ཟབ་མོའི་གདམས་ངག་མང་པོ་ཞིག་རང་གིས་གསན།"
2153319,2159986,6667,"ཐོས་ཀྱང་ཐོས། བླ་མའི་བཀའ་འདྲ་ཞིག་ཐོབ་པ་ཡོད་ནའང་ཉམས་ལེན་ཐམས་ཅད་མ་འོངས་པ་ན་"
2159992,2162579,2587,"འདི་ལྟར་ཤོག་ཅེས་ཡིད་སྨོན་ཙམ་དུ་ལུས་སོང་ན།"
2162579,2166732,4153,"ད་ལྟ་སྐྱེ་འཆི་བར་དོའི་འཁྲུལ་པ་སྦྱང་པ་ལ་ཕན་མི་ཐོགས་པ་ཡིན།"
2166739,2169419,2680,"ཐོས་བསམ་དང་ཤེས་རབ་རྒྱ་ཆེན་པོ་ཡོད་ནའང་"
2169419,2173112,3693,"དེ་ཐོས་བསམ་གྱིས་ཆོས་དང་རང་རྒྱུད་འདྲེས་པ་ཞིག་མེད་ན།"
2173112,2176119,3007,"རང་ལ་སྒྲིབ་ཉོན་མོངས་པ་འཆིང་བ་ལས་གྲོལ་བ་དང་"
2176119,2177786,1667,"གཞན་ལ་ཕན་མི་ཐོགས་པ་ཡིན།"
2177786,2180786,3000,"གནས་ལུགས་ཀྱི་ལྟ་བ་འདི་འདྲ་ཞིག་རེད་ཟེར་གོ་སོང་ནའང་"
2180812,2185066,4254,"ལྟ་བའི་གདིང་མ་ཐོབ་ནས་བཟུང་སྟེ་ཐ་མལ་གྱི་ངང་དུ་འཆི་འགྲོ་བ་ཡིན་པས།"
2185086,2188512,3426,"ཕལ་ཆེར་ཆོས་པའི་གཟུགས་བརྙན་གྱིས་ཆོས་མིན་བྱེད་པ་ཤ་སྟག །"
2188519,2192339,3820,"ཆོས་ལ་ཆོས་མ་སོང་ན་ཆོས་ཀྱིས་སླར་ངན་སོང་ལ་འགྲོ་བའི་རྒྱུ་བྱེད་"
2192346,2194899,2553,"གསུངས་པའི་དབང་དུ་མ་སོང་བ་ཤིན་ཏུ་གཟབ་པར་བྱ།"
2194906,2201486,6580,"(261) བསླུ་བྲིད་བདུད་ཀྱི་ཆོས་དྲུག་བསྟན་པ་ནི། །ནོར་སྲེད་ཅན་རྣམས་རྫས་ཀྱིས་བསླུས་པའི་བདུད། །མཁྱེན་རྒྱ་ཅན་རྣམས་ཡོན་ཏན་བསླུས་པའི་བདུད། །"
2201486,2205559,4073,"མཐོན་པོའི་རིགས་རྣམས་སྐྱེས་པས་བསླུས་པའི་བདུད། །འདུ་བ་ཅན་རྣམས་བསོད་ནམས་བསླུས་པའི་བདུད། །"
2205559,2209626,4067,"ལས་ངན་ཅན་རྣམས་རྐྱེན་ངན་བསླུས་པའི་བདུད། །གྲགས་འདོད་ཅན་རྣམས་གཏམ་གྱིས་བསླུས་པའི་བདུད། །"
2209626,2212179,2553,"ཤིན་ཏུ་མང་བས་དེ་དབང་མ་སོང་བྱ། །"
2212179,2217072,4893,"ཞེས་པ་སྟེ། རང་མགོ་སྐོར་བྱེད་ལ་བསླུ་བྲིད་ཟེར།"
2217079,2221379,4300,"དེ་བསླུ་བྲིད་ཀྱི་དབང་དུ་སོང་ན་བདུད་ཀྱིས་བར་དུ་གཅོད་བྱེད་རེད་དུས་དེ་ཆོས་དྲུག་ཡོད།"
2221386,2225252,3866,"གང་རེད་ཟེར་ན། ནོར་ཞེན་ཆགས་ཆེན་པོ་བྱས་ཏེ་རྒྱུ་ཕྱུག་པོ་དགོས་"
2225252,2229386,4134,"བསམ་པ་ཐམས་ཅད་དེ་ནོར་རིན་ཐང་ཆེ་ཚད་ཐམས་ཅད་ལ་དགའ།"
2229386,2232966,3580,"དེ་ཡིན་གཅིག་མིན་གཅིག་དེ་རང་ལ་ཨེ་ཐོབ་བལྟ་བ་དང༌།"
2232972,2237019,4047,"གཞན་ནས་རྐུ་བྱེད་པ་དང་མ་བྱིན་པ་ལེན་པ་ལ་སོགས་པ་བྱས་ན་"
2237019,2240872,3853,"དེ་བསླུས་པའི་བདུད་ཡིན། རིག་པའི་གནས་ལྔ་ཤེས་པ་ལ་སོགས་པ་"
2240879,2243932,3053,"མཁྱེན་རྒྱ་ཅན་ཡིན་ན་དེ་ཡོན་ཏན་རྒྱུད་ལ་སྐྱེ་བའི་ཚེ་ན་"
2243932,2249672,5740,"ང་རྒྱལ་གྱི་བདུད་ཁོང་དུ་ཞུགས་ཏེ་ཚེ་ཕྱི་མ་དམྱལ་བ་དེ་བསླུས་པའི་བདུད་ཡིན།"
2249672,2255006,5334,"ཐོབ་དང་གོ་ས་མཐོན་པོ་རིགས་སུ་གྱུར་པ་ཐམས་ཅད་"
2255012,2258959,3947,"མཐོན་པོ་རང་ལས་ཕ་རོལ་པོ་ཟིལ་གྱིས་གནོན་པ་ཁོ་ན་ལ་བསམ་བློ་བཏང་"
2258966,2262152,3186,"མི་མགོ་སྐོར་བྱེད་པ་དེ་བསླུས་པའི་བདུད་ཡིན།"
2262159,2265852,3693,"དེ་ནས་འཁོར་མང་པོ་དང༌། སློབ་མ་མང་པོ་དང༌། དགེ་འདུན་མང་པོ་དང༌།"
2265852,2269239,3387,"མི་མང་པོའི་འགོ་ཁྲིད་བྱས་ན་དེ་མི་ཤེས་པ་ཅན་རེད།"
2269239,2271626,2387,"འགོ་ཁྲིད་ཆེན་པོ་ཆེན་པོ་འདུག་ཟེར་གྲགས་པ་འཐོབ་འོང་ན་"
2271626,2275466,3840,"རང་གིས་ཀྱང་དེ་ཡིན་སྣང་ཤར་ན་དེ་བསོད་ནམས་འདི་བསླུས་པའི་བདུད་ཡིན།"
2275466,2280206,4740,"སྲོག་གཅོད་དང་གཡང་མཆོང་བག་མེད་བྱས་པ་ལ་སོགས་པའི་"
2280206,2284332,4126,"ལས་ངན་པའི་གང་ཟག་ཐམས་ཅད་ན་ཚ་གདོན་བགེགས་རྐྱེན་ངན་བྱས་ན་"
2284339,2285619,1280,"དེ་བསླུས་པའི་བདུད་ཡིན།"
2285619,2289112,3493,"འཇིག་རྟེན་ན་སྙན་གྲགས་ཆེན་པོ་རེད་དགོས་འདུག་བསམ་ནས་སྙན་གྲགས་བསྒྲུབ་ན།"
2289119,2292386,3267,"དེ་ནས་སྙན་གྲགས་གཏམ་ཙམ་གྱི་བྲག་ཅའི་རོལ་མོ་ལྟ་བུ་རེད་དུས་"
2292386,2294752,2366,"དེ་བསླུས་པའི་བདུད་དུ་འགྱུར་བ་ཡིན་པས།"
2294752,2299519,4767,"ཤིན་ཏུ་མང་བས་ན་བདུད་དྲུག་གི་དབང་དུ་མ་སོང་བ་ཤིན་ཏུ་གཅེས་པ་ཡིན།"
2299526,2304006,4480,"(262) བསླབ་ཉེས་དྲེད་པོར་སོང་བའི་སྐྱོན་དྲུག་ནི། །ཐ་མལ་བསམ་བློ་བྱ་བྱེད་ལོང་གཏམ་མང༌། །"
2304006,2309346,5340,"འཁྲུལ་པའི་ཉེས་སྤྱོད་གཅིག་ཕྱིར་གཅིག་མཐུད་འབྱུང༌། །ལྟ་བར་བདག་འཛིན་ཆགས་སྡང་སྣ་ཚོགས་སྤྱོད། །"
2309346,2313272,3926,"སྒོམ་པར་ངན་སེམས་ལོག་ལྟ་རྒྱུན་མི་འཆད། །སྤྱོད་པར་མི་དགེ་ཆོས་མིན་སྣ་ཚོགས་སྤྱོད། །"
2313279,2317206,3927,"ཆོས་ལ་བློ་དྲེད་ཚེ་འདིའི་དབང་སོང་བ། །དེ་དག་ཐར་པའི་ལམ་སྟོར་དྲེད་པོ་སྟེ། །"
2317246,2320959,3713,"བསླབ་ཉེས་ངན་ལང་ཆེ་བས་རིང་དུ་སྤང༌། །"
2320959,2325646,4687,"ཞེས་པ་སྟེ། བསླབ་པ་ཚུལ་བཞིན་དུ་བསླབ་པ་གསུམ་གྱི་ཡོན་ཏན་སྤྱད་ནའང་"
2325646,2329772,4126,"དེ་བསླབ་པ་གསུམ་གྱི་ཡོན་ཏན་འདི་ཡ་ལེགས་པོ་མ་སྤྱད་པ་བསླབ་པ་ཉེས་སོང༌།"
2329772,2332726,2954,"ཉེས་སོང་ན་ཆོས་ཆོས་དྲེད་འཁུར་བའི་སྐྱོན་དྲུག་ཡོད།"
2332726,2338519,5793,"གང་རེད་ཟེར་ན། ཐ་མལ་གྱི་བསམ་བློ་མང་པོ་ཅན་ཞིག་བསམ་བློ་འཁོར་བསྡད་ནས་"
2338519,2345252,6733,"ལོང་གཏམ་སྟེ་འཇིག་རྟེན་རྒྱལ་ཁབ་ནང་གི་སྲིད་ཇུས་ལྟ་བུ་སྐད་ཆ་མང་པོ་བཤད་འགྲོ་དུས།"
2345252,2349186,3934,"དེའི་ཚེ་ན་འཁྲུལ་པའི་ཉེས་པ་སྤྱོད་པ་རེད་དུས་ཆུའི་གཉེར་མ་བཞིན་དུ་"
2349186,2352919,3733,"གཅིག་རྗེས་གཅིག་མཐུད་དུ་འགྲོ་སྟེ་དེ་འཛད་པའི་དུས་མེད་པས་"
2352919,2355106,2187,"མི་མགོ་སྐོར་ཏེ་ཚེ་ཟད་འགྲོ་བ་ཡིན།"
2355106,2358859,3753,"ལྟ་བ་སྟེ་སྟོང་ཉིད་ཀྱི་དོན་མ་རྟོགས་ནས་"
2358866,2362346,3480,"བདག་འཛིན་དང་རང་ཕྱོགས་ཀྱི་གྲུབ་མཐའ་ལ་ཆགས།"
2362346,2365426,3080,"གཞན་ཕྱོགས་ཀྱི་གྲུབ་མཐའ་ལ་སྡང་བ་སྣ་ཚོགས་པ་སྤྱད་ནས་བཟུང་"
2365426,2368686,3260,"ལྟ་བ་མངོན་ཞེན་ཅན་དུ་འགྲོ་བས་དེ་མི་ཐུབ།"
2368712,2373146,4434,"སྒོམ་པར་བྱེད་པ་དེ་ལའང་གཞན་དང་འགྲན་སེམས་ཀྱི་སྒོ་ནས་སྒོམ་པ་ཞིག་བྱས་ན།"
2373146,2376746,3600,"སྒོམ་པ་ཡང་དག་པ་རྒྱུད་ལ་མི་སྐྱེ་འོང་དུས་ཆོས་ལ་"
2376746,2378366,1620,"རྟགས་འཐོན་རྒྱུ་མི་འདུག་སྙམ་པ་དང༌།"
2378379,2382286,3907,"བླ་མ་ལ་བྱིན་རླབས་མིན་འདུག་སྙམ་པའི་ལོག་ལྟ་རྒྱུན་མི་འཆད།"
2382292,2384746,2454,"སྤྱོད་པ་སྡིག་པ་མི་དགེ་བ་དང་འདྲེས་སོང་ན་"
2384759,2387679,2920,"ཆོས་མིན་སྣ་ཚོགས་པ་སྤྱད་པར་འགྱུར་བ་ཡིན།"
2387679,2390386,2707,"དེ་ཕ་ལྟ་སྒོམ་སྤྱོད་གསུམ་དང་འདྲེས་སོང་ན་"
2390386,2393872,3486,"དམ་པའི་ཆོས་ག་ཚོད་ཐོས་ནའང་དེ་ལྟ་བུ་"
2393879,2396699,2820,"གསུངས་ཡོད་རྒྱུ་རེད་སྙམ་སྟེ་སྣང་མེད་ལྟ་བུ་བྱས།"
2396699,2399326,2627,"འཇིག་རྟེན་ཚེ་འདིའི་སྙན་གྲགས་ཀྱི་དབང་དུ་སོང་ནས་"
2399326,2402486,3160,"དེ་དག་ཐར་པ་ཐམས་ཅད་མཁྱེན་པའི་ལམ་སྟོར་ཏེ་"
2402486,2404512,2026,"མི་རྙེད་ཀྱིས་ཆོས་ཀྱི་དྲེད་པོ་སྟེ།"
2404512,2408632,4120,"བསླབ་ཉེས་ངན་ལང་ཆེ་བས་ན་རིང་དུ་སྤང་བར་བྱ་དགོས་པ་ཡིན།"
2408632,2413039,4407,"(263) དགེ་སྡིག་འདྲེས་མ་སྤང་བའི་ཆོས་དྲུག་ནི། །བཅུད་མེད་ཆགས་སྡང་འཕེལ་བའི་སློབ་དཔོན་མ་བསྟེན་ཅིག །"
2413039,2418046,5007,"སྣོད་མེད་ཉེས་སྐྱོན་རྟོག་པའི་སློབ་མ་མ་བསྟེན་ཅིག །མི་དགེ་སྡིག་པ་བསགས་པའི་དགེ་བ་མ་བྱེད་ཅིག །"
2418046,2422819,4773,"བཀུར་སྟི་ཁ་ལན་རེ་བའི་སྦྱིན་པ་མ་བཏང་ཅིག །ཟས་ནོར་ཉེ་འབྲེལ་གསོ་བའི་མཆོད་པ་མ་བྱེད་ཅིག །"
2422819,2428519,5700,"གཡོ་སྒྱུས་རྙེད་པ་འཚོལ་བའི་ཆོས་བཤད་མ་བཏང་ཅིག །འདི་ལ་ཉན་ན་ཆོས་དང་མཐུན་པར་འོང༌། །"
2428519,2432779,4260,"གསུངས་པ། དགེ་བ་དང་སྡིག་པ་གཉིས་འདྲེས་མ་ཤོར་ན་"
2432779,2436199,3420,"ཟས་ཞིམ་པོ་ཞིག་ཡོད་ན་དེ་དུག་དང་བསྲེས་བཞག་རྒྱུ་ལྟ་བུ།"
2436206,2439246,3040,"ནས་དང་འབྲས་ལ་སོགས་པ་ཡིན་ན་ཞབས་དྲུང་དུ་རྡོ་ལྟ་བུ་"
2439246,2444066,4820,"བསླད་མང་པོ་ཡོད་ན་དེ་ཟས་བཟང་པོའི་གོ་ཆོད་རྒྱུ་མ་རེད་དུས་"
2444072,2446659,2587,"དེ་ལྟ་བུའི་ཆོས་དྲུག་ཡོད། གང་རེད་ཟེར་ན།"
2446659,2451372,4713,"སློབ་དཔོན་ལ་ནང་དུ་མཁས་བཙུན་བཟང་གསུམ་གྱི་ཡོན་ཏན་གྱི་བཅུད་མི་ཆེ།"
2451379,2454492,3113,"ཕྱི་ནས་ཡིན་ན་རང་ཕྱོགས་ཀྱི་སློབ་མ་ཐམས་ཅད་ལ་ཆགས།"
2454492,2457486,2994,"གཞན་ཕྱོགས་ཀྱི་བླ་མ་སློབ་མ་ལ་སྡང་བ་དེ་ལ་བསྟེན་ན།"
2457486,2459686,2200,"རང་གི་རྒྱུད་ཞི་ཞིང་དུལ་བའི་དུས་དང་"
2459692,2462526,2834,"ཆོས་ཀྱིས་ཐུལ་དུས་མེད་པས་དེ་མ་བསྟེན་གསུངས།"
2462532,2465646,3114,"དམ་པའི་ཆོས་ཀྱི་སྣོད་དང་མི་ལྡན་པ་དང༌།"
2465652,2469966,4314,"དེ་ནས་མི་མང་པོ་ལྷན་ཅིག་ཏུ་ཚོགས་ཏེ་བླ་མ་དང་མཆེད་གྲོགས་སྐྱོན་དགར་ནས་"
2469966,2473039,3073,"རྟོག་བསྡད་པའི་སློབ་མ་བསྟེན་ན་ཆགས་སྡང་དང་འདུ་འཛི་འཕེལ་ཏེ་"
2473039,2476179,3140,"དམ་ཚིག་ལ་སེལ་འོང་བས་དེ་ལྟ་བུ་མ་བསྟེན་ཅིག །"
2476179,2478126,1947,"མི་དགེ་སྡིག་པ་བསགས་པའི་ཟེར་དུས་"
2478126,2480799,2673,"སྟོན་མོ་བྱས་ས་ལ་སྲོག་གཅོད་མང་པོ་བྱེད་པ།"
2480812,2483846,3034,"ཤ་དང་ཆང་མཆོད་སྦྱིན་བྱས་པ་ལྟ་བུ་ཡིན་ན་"
2483846,2488272,4426,"རྣམ་པ་དགེ་བ་རེད་དེ་དོན་དུ་སྡིག་པ་ཡིན་པས་དེ་ལྟ་བུ་མ་བྱེད་ཅིག །"
2488272,2493039,4767,"གཞན་ལ་ནོར་ལ་སོགས་པའི་ལོངས་སྤྱོད་ཆེན་པོ་ཕར་སྦྱིན་པ་གཏོང་ནའང་"
2493039,2496652,3613,"དེ་ལྟ་བུ་སྦྱིན་པ་བཏང་བ་རེད་ཟེར། སྙན་གྲགས་ཆེན་པོ་དང༌།"
2496659,2500366,3707,"བརྒྱ་བཤིག་ན་སྟོང་འགུགས་ཟེར་བ་ལྟ་བུ་ཕར་ལ་ལག་རྟགས་མང་པོ་སྤྲད་ན་"
2500366,2503866,3500,"ཚུར་ལ་རྙེད་པ་མང་པོ་རེ་བ་བྱས་ཏེ་དེ་ལྟ་བུའི་སྦྱིན་པ་མ་བཏང༌།"
2503866,2509326,5460,"རང་གི་ཟས་ནོར་ཡོད་པ་དེ་ཐམས་ཅད་ཀྱིས་རང་གི་ཉེ་འབྲེལ་"
2509332,2511906,2574,"ཕ་མ་སྤུན་མཆེད་ཐམས་ཆད་ཡང་ནས་ཡང་དུ་གསོས་ཏེ་"
2514592,2519739,5147,"དེ་འབྲེལ་ཐག་མི་ཆོད་དེ་ཐར་པའི་ལམ་སྒྲུབ་པ་ལ་འོང་རྒྱུ་མ་རེད།"
2519739,2521279,1540,"དེ་ལྟ་བུའི་མཆོད་པ་མི་བྱེད།"
2521286,2525966,4680,"གཡོ་སྒྱུའི་སྒོ་ནས་གཞན་ལ་མགོ་སྐོར་ཏེ་སྦྱིན་བདག་ལ་སོགས་པ་"
2525979,2531539,5560,"བསླུ་བའི་ཐབས་ཀྱིས་དཀོར་གྱི་རྙེད་པ་འདའི་ཆེད་དུ་དབང་ཡོན་ཟ་བ་དང༌།"
2531539,2535272,3733,"ཆོས་བཤད་དེ་འབུལ་བ་ཆེན་པོ་ལ་སོགས་པ་དེ་ལྟ་བུ་མ་བཏང་ཅིག །"
2535279,2538392,3113,"འདི་ལ་ཉན་ན་དམ་པའི་ཆོས་དང་མཐུན་པ་འོང་བ་ཡིན།"
2538392,2543372,4980,"གོང་དུ་བཤད་པ་འདི་དགེ་སྡིག་འདྲེས་མའི་སྤྱོད་པ་དྲུག་པོ་འདི་སྤངས་བཞག་ན་"
2543372,2545026,1654,"དམ་པའི་ཆོས་དང་མཐུན་པ་ཡིན།"
2545032,2550552,5520,"(264) ལོ་འདོད་དོན་དང་འགལ་བའི་ཆོས་དྲུག་ནི། །ཐ་མལ་བློ་མ་ལོག་པའི་ཆོས་པ་ཡིན་ལོ་དང༌། །"
2550552,2555386,4834,"དད་གུས་བསྙེན་བཀུར་མེད་པའི་བླ་མ་བསྟེན་ལོ་དང༌། །ཆོས་དང་རང་རྒྱུད་མ་འདྲེས་སྟོན་ཆེན་ཡིན་ལོ་དང༌། །"
2555392,2560259,4867,"འདུ་འཛི་སྙོམ་ལས་མ་སྤངས་དགོན་པ་བསྟེན་ལོ་དང༌། །ཡོན་ཏན་གོང་དུ་མི་འཕེལ་བསམ་གཏན་སྒོམ་ལོ་དང༌། །"
2571012,2574146,3134,"ཞེས་པའི་སྒོ་ནས་བསྟན་པ་སྟེ། གང་རེད་ཟེར་ན།"
2574146,2577366,3220,"ལོ་འདོད་ཟེར་དུས་ཕར་ལྟར་སྣང་ཙམ་དུ་དཔྱད་ན་"
2577374,2582449,5075,"ཆོས་དང་མཐུན་པ་ཡིན་ན་འདྲ་དོན་ལ་ཐར་པའི་ལམ་དང་རྒྱབ་འགལ་བའི་ཆོས་དྲུག་ཡོད།"
2582449,2586549,4100,"གང་རེད་ཟེར་ན། འཇིག་རྟེན་ཐ་མལ་གྱི་ཁམས་གསུམ་འཁོར་བ་ལ་ངེས་འབྱུང༌།"
2586549,2589768,3219,"ལས་རྒྱུ་འབྲས་ལ་ཡིད་ཆེས་ཀྱིས་བློ་མ་ལོག་ན།"
2589774,2592493,2719,"ཆོས་པ་ཡིན་མདོག་ཁ་པོ་བྱས་ཏེ་རི་ཁྲོད་ལ་བསྡད།"
2592499,2594968,2469,"ཆོས་གོས་ལ་སོགས་པ་གྱོན་ན་ཕན་ཐོགས་མེད།"
2594974,2599643,4669,"དད་གུས་དང་བསྙེན་བཀུར་མེད་པས་བླ་མའི་ཞབས་སུ་བསྟེན་བསྡད་ན་"
2599655,2601274,1619,"བླ་མ་སངས་རྒྱས་སུ་དག་སྣང་དང༌།"
2601274,2603287,2013,"ཅི་མཛད་ལེགས་མཐོང་གི་མོས་གུས་མེད་ན་"
2603293,2606768,3475,"བླ་མའི་བྱིན་རླབས་རྒྱུད་ལ་མི་ཞུགས་པས་དོན་ལ་གཟུགས་བརྙན་ཙམ་ཞིག་ཡིན།"
2606774,2609662,2888,"ཆོས་པོ་ཏི་བརྒྱ་ཕྲག་མང་པོ་ཐོས་ཚར་ནའང་"
2609662,2611805,2143,"རང་གི་རྒྱུད་ལ་ཆོས་ཀྱི་ཡོན་ཏན་འདྲེས་ཏེ་"
2611805,2613955,2150,"ཉོན་མོངས་དུག་ལྔའི་གཉེན་པོ་མ་སོང་ན།"
2613955,2616224,2269,"ཆོས་མང་པོ་ཐོས་པའི་དགེ་བཤེས་དང༌།"
2616224,2619324,3100,"སྟོན་པ་ཆེན་པོ་ཡིན་ལོ་ཟེར་ཡིན་མདོག་ཁ་པོ་རེད་གསུངས་རེད།"
2619324,2624118,4794,"འདུ་འཛི་དང་སྙོམ་ལས་མ་སྤངས་རི་ཁྲོད་དགོན་པ་བསྟེན་ཏེ་འཁོར་མང་པོ་བསྟེན།"
2624124,2626980,2856,"དེ་ལ་ཆགས་སྡང་མང་པོ་བསགས་དེ་འདྲ་བྱས་ན་"
2626980,2630580,3600,"ལྟར་སྣང་མིང་ཙམ་དུ་རི་ཁྲོད་རེད་དེ་དོན་ལ་ཕན་པ་མ་ཐོགས།"
2630580,2632937,2357,"རང་གི་རྒྱུད་ལ་ཉམས་དང་རྟོགས་པའི་ཡོན་ཏན་"
2632937,2635824,2887,"གོང་དུ་མ་འཕེལ་བ་ལོ་མང་པོ་ལ་སྒོམ་བརྒྱབ་ཟེར།"
2635830,2639412,3582,"ལོ་མང་པོ་ལ་འདག་སྦྱར་བྱས་ཡོད་ཟེར་ན་དེ་ཡང་མིང་ཙམ་དུ་རེད།"
2639418,2642168,2750,"སྒྲུབ་པ་གནད་དུ་འགྲོ་བར་འགྱུར་བའི་སྒོ་ནས་"
2642174,2644105,1931,"རང་གི་རྒྱུད་ཀྱི་བདག་འཛིན་ཐུལ།"
2644105,2647062,2957,"གཞན་ཕན་གྱི་བསམ་པ་གཏིང་ཟབ་པ་རྒྱུད་ལ་སྐྱེས་ཏེ་"
2647074,2650337,3263,"གཞན་དོན་བྱེད་པའི་དུས་ལ་མ་ཡིན་པ་གཞན་དོན་མང་པོ་བྱས་ན།"
2650343,2653305,2962,"རང་ཉིད་མགོ་སྐོར་ཏེ་བསླུ་བའི་ཆོས་ཡིན་པས།"
2653305,2657912,4607,"འདི་དྲུག་ནི་རྣམ་པ་ཙམ་དུ་ཟོལ་མའི་ཆོས་ཀྱི་གཟུགས་བརྙན་ཡིན་པས་"
2657918,2660337,2419,"འདྲ་མིན་མཁས་པས་རིང་དུ་སྤང་བར་འགྱུར་བ་ཡིན།"
2660337,2664468,4131,"(265) ཟོལ་མ་དྲུག་གིས་བསླུ་བའི་ཆོས་དྲུག་ནི། །ལྟ་བ་ཟོལ་མ་གདེང་དུ་མ་ཚུད་པའི། །"
2664474,2668968,4494,"གཡོམ་རྒྱུག་སྤྲོས་བྲལ་འདིས་ཀྱང་རང་སེམས་སླུ། །སྒོམ་པ་ཟོལ་མ་གནད་དུ་མ་ཐེབས་པའི། །"
2668968,2673049,4081,"བླུན་སྒོམ་ཡིད་དཔྱོད་འདིས་ཀྱང་རང་སེམས་སླུ། །སྤྱོད་པ་ཟོལ་མ་བག་དང་མི་ལྡན་པའི། །"
2673055,2676818,3763,"སྨྱོ་སྤྱོད་རྩིང་པོ་འདིས་ཀྱང་རང་སེམས་སླུ། །དམ་ཚིག་ཟོལ་མ་ཉེས་ལྟུང་མི་འཛེམ་པའི། །"
2676818,2680949,4131,"སྲུང་སྡོམ་ངོ་ལྐོག་འདིས་ཀྱང་རང་སེམས་སླུ། །ཐོས་བསམ་ཟོལ་མ་སངས་རྒྱས་མི་འདོད་པའི། །"
2680955,2684818,3863,"ང་མཁས་གྲགས་འདོད་འདིས་ཀྱང་རང་སེམས་སླུ། །འབྲས་བུ་ཟོལ་མ་སེམས་ཉིད་མ་རྟོགས་པའི། །"
2684824,2688674,3850,"ཕྱི་དུས་ཡིད་སྨོན་འདིས་ཀྱང་རང་སེམས་སླུ། །བསླུ་བྲིད་དབང་དུ་མ་སོང་ཤིན་ཏུ་གཅེས། །"
2688674,2694687,6013,"ཞེས་པ། ཆོས་ཡིན་མདོག་ཁ་པོའི་ཟོབ་ཀྱིས་འཇིག་རྟེན་མགོ་སྐོར་བའི་བསླུ་བའི་ཆོས་དྲུག་ཡོད།"
2694693,2697855,3162,"གང་རེད་ཟེར་ན། སྟོང་ཉིད་ཀྱི་ལྟ་བ་མངོན་སུམ་དུ་མ་རྟོགས་ཏེ་"
2697868,2703374,5506,"རྟོགས་ཡིན་མདོག་བྱས་ནས་མིག་ཆེན་པོ་ནམ་མཁའ་ལ་བྱེར་བ་ལྟ་བུ་བྱས་པ་འདི་ཡིན་ན།"
2703374,2706012,2638,"འཇིག་རྟེན་གྱི་སྙན་གྲགས་ལྟ་བུའི་སྒོམ་ཆེན་རེད།"
2706012,2709099,3087,"རྫོགས་ཆེན་པ་རེད་ཟེར། གཡམ་རྒྱུག་གི་སྤྲོས་བྲལ་ཡིན་པ་འདིས་"
2709105,2712974,3869,"རང་གི་སེམས་སླུ་བ་ཡིན་པས་ན་སང་ཉིན་ངན་སོང་གསུམ་འགྲོ་བའི་རྒྱུ་ཡིན།"
2712974,2715999,3025,"ལོ་དང་ཟླ་བ་མང་པོ་ལ་རི་ཁྲོད་དུ་བསྒོམས་ཡིན་ཟེར་"
2715999,2718255,2256,"དོན་གནད་དུ་མ་སོང་བ་ངོམ་པར་བྱས་ན།"
2718262,2719830,1568,"བླུན་སྒོམ་མུན་རྡོ་འཕེན་ཟེར་རེད།"
2719843,2723880,4037,"དཔེར་ན་མདའ་འཕེན་ན་འབེན་གྱི་སྟེང་དུ་མ་ཕུག་པ་དང་འདྲ་བ་ཡིན།"
2723887,2726574,2687,"དེ་འདྲ་དབང་གིས་སེམས་སླུ་འགྲོ་བ་མ་གཏོགས་"
2726580,2728962,2382,"ཉམས་རྟོགས་སྒྲ་བཞིན་དུ་ཡོད་པ་མ་ཡིན།"
2728962,2732174,3212,"དེ་ནས་སྤྱོད་པ་མཁས་བཙུན་བཟང་གསུམ་དང་ལྡན་པ་"
2732180,2735880,3700,"ཞི་དུལ་བག་ཡོད་དང་བྱ་བྲལ་ཡིན་པ་ལྟ་བུ་ཟོལ་མདོག་བྱེད་པ་དང་ནི།"
2735893,2739074,3181,"གསང་སྔགས་ཀྱི་སྤྱོད་པ་ཡིན་ཟེར་ཆང་འཐུང་"
2739074,2741924,2850,"བུད་མེད་མང་པོ་བསྟེན་ནས་སྨྱོ་སྤྱོད་རྩིང་པོ་དེ་བྱས་ན།"
2741924,2744043,2119,"དེ་ལྟ་བ་དང་སྤྱོད་པ་གཉིས་གོ་ནོར།"
2744049,2747218,3169,"ནག་པོ་ཁ་འབྱམས་བདུད་ཀྱི་ལྟ་བས་རང་སེམས་སླུ་བ་ཡིན།"
2747224,2750768,3544,"དམ་ཚིག་སྙིང་ཐག་པ་ནས་དྲན་པ་ཤེས་བཞིན་སྒོ་ནས་མ་བསྲུང་ན།"
2750774,2753868,3094,"རང་གིས་ཆོས་ཞུ་བའི་བླ་མ་ལ་ལོག་ལྟ་བྱས།"
2753868,2756630,2762,"གདམས་ངག་ལ་ཡིད་ཆེས་མེད་ནས་ཉེས་ལྟུང་ཅི་འབྱུང་ནའང་"
2756630,2758149,1519,"བག་ཟོན་མི་བྱེད་པ་བྱས།"
2758155,2760930,2775,"རང་སྒོ་གསུམ་ལ་སྲུང་སྡོམ་ཡིན་ལུགས་ཁ་པོ་དོན་དུ་"
2760930,2764030,3100,"རང་གིས་སྲུང་སྡོམ་མི་བྱེད་པས་རང་སེམས་སླུ་བ་ཡིན།"
2764037,2768193,4156,"ཐོས་པ་རྒྱ་ཆེན་པོ་དང་བསམ་པས་གྲུབ་མཐའ་གཏན་ལ་ཕབ་ཐུབ་ན་ཡང༌།"
2768199,2770837,2638,"སངས་རྒྱས་གོ་འཕང་སྒྲུབ་བྱེད་ཀྱི་ཉམས་ལེན་མེད་དུས་"
2770837,2774093,3256,"སངས་རྒྱས་གོ་འཕང་མི་ཐོབ་པས་ང་དེ་མཁས་པ་རེད་ཟེར་"
2774093,2777212,3119,"གྲགས་ཡས་ཆེན་པོ་འདོད་པ་འདིས་རང་གི་སེམས་སླུ་བ་ཡིན།"
2777224,2780424,3200,"དེ་ནས་ལྟ་སྒོམ་སྤྱོད་པའི་འབྲས་བུ་གང་རེད་ཟེར་ན།"
2780424,2783362,2938,"སེམས་ཀྱི་ཆོས་ཉིད་བདེ་གཤེགས་སྙིང་པོའི་གནས་ལུགས་འདི་རྟོགས་དགོས་རེད།"
2783362,2785724,2362,"དེ་མ་རྟོགས་ནས་རྟོགས་བསྡད་ཡོད་སྣང་བྱས་ཏེ།"
2785729,2787452,1723,"མ་འོངས་པ་ན་རྟོགས་རྒྱུ་རེད་བསམ་རྒྱུ་"
2787464,2789552,2088,"སྨོན་ལམ་འདེབས་པ་འདི་རང་སེམས་སླུ་བ་ཡིན།"
2789552,2792293,2741,"དེ་དག་གིས་རང་གི་མགོ་རང་གིས་སྐོར་བ་བསླུ་བྲིད་"
2792299,2796299,4000,"བྱིས་པའི་རྩེད་མོ་ལྟ་བུ་ཡིན་པས་དེ་ལྟར་མ་སོང་བ་ཤིན་ཏུ་གཅེས།"