0,5253,5253,"(290) ཕ་རོལ་ཕྱིན་དྲུག་མ་བྲལ་བསྒྲུབ་པ་ནི། །སྦྱིན་པ་སེར་སྣའི་དགྲ་ལ་མ་བསྐུར་ཅིག །ཚུལ་ཁྲིམས་འཆལ་བའི་ཇག་པས་མ་འཇོམས་ཤིག ། བཟོད་པ་ཁོང་ཁྲོའི་མཚོན་གྱིས་མ་དབུ་གཅིག །བརྩོན་འགྲུས་ལེ་ལོའི་སྒྲོག་ཏུ་མ་འཆིང་ཤིག ། བསམ་གཏན་གཡེང་བའི་དུག་དང་མ་བསྲེ་ཞིག །ཤེས་རབ་རྨོངས་པའི་མུན་པས་མ་བསྒྲིབས་ཤིག ། དེ་ལྟར་མི་མཐུན་དྲུག་པོ་སྤངས་ལ་སྒྲུབས། །"
5253,10501,5248,"ཞེས་པ་སྟེ། གང་རེད་ཟེར་ན། ད་ཕ་རོལ་ཏུ་ཕྱིན་པ་དྲུག་འདི་རང་གི་རྒྱུད་ལ་མེད་ན་"
10501,12492,1991,"སངས་རྒྱས་གོ་འཕང་ཐོབ་ཐབས་ཡོད་མ་རེད།"
12492,15225,2733,"དེ་ནས་ཕ་རོལ་ཏུ་ཕྱིན་པ་དྲུག་གི་མི་མཐུན་པའི་ཕྱོགས་སྤང་དགོས།"
15225,19689,4464,"སྦྱིན་པ་གཏོང་མི་བྲ་བ་སེར་སྣའི་དགྲའི་དབང་དུ་ཤོར་ཆེ་ན།"
19689,22253,2564,"དེ་ནས་རང་གིས་ལོངས་སྤྱོད་ཐམས་ཅད་གསོག་འཇོག་མ་གཏོགས་"
22253,26250,3997,"མཆོད་སྦྱིན་དུ་བྱ་མི་བྲ་དེ་དབང་དུ་མ་བཏང༌། ཚུལ་ཁྲིམས་སྲུང་བ་དེ་ལ་"
26250,30678,4428,"དྲན་པ་དང་ཤེས་བཞིན་གྱིས་རྒྱུད་བསྡམ་དགོས་མ་གཏོགས་བག་མེད་ཀྱིས་ཆང་འཐུང་བ།"
30678,36058,5380,"འདོད་པའི་ཡོན་ཏན་ལ་གཡེང་བ་ལ་སོགས་པ་མཚོན་ཆས་ཇག་པས་ཚུལ་ཁྲིམས་འཕྲོག་མ་ཤོར་བ་གྱིས།"
36058,40739,4681,"བཟོད་པ་འདི་ཉིད་དུས་རྟག་ཏུ་སྒོམ་སྟེ་རང་ལ་མི་འདོད་པ་གང་འབྱུང་ན་"
40739,46180,5441,"དེ་ཐམས་ཅད་བཟོད་པ་བསྒོམ་རྒྱུ་མ་གཏོགས་ཁོང་ཁྲོའི་མཚོན་ཆས་སེམས་ལ་ཞུགས་པ་མི་བྱེད།"
46180,48884,2704,"བརྩོན་འགྲུས་རྩེ་གཅིག་ཏུ་ཡོད་དགོས་རྒྱུ་རེད་མ་གཏོགས།"
48884,54482,5598,"འཇིག་རྟེན་གྱི་བྱ་བའི་བྱ་བ་ངན་ཞེན་ཟེར། སྐྱིད་པོ་ཞིག་བསྡད་དགོས་བསམ་ནས་"
54482,58805,4323,"གསོ་དལ་བསྡད་རྒྱུ་ལ་ཡེང་སོང་ན་དེ་ལེ་ལོའི་སྒྲོག་རེད་དུས་དེས་ཕན་རྒྱུ་མ་རེད།"
58805,62604,3799,"སེམས་ལ་རྣམ་ཞི་བསམ་གཏན་ཏིང་ངེ་འཛིན་རྩེ་གཅིག་ཏུ་སྒོམ་པ་འདི་ལ་"
62604,66739,4135,"རྣམ་གཡེང་གི་དུག་དང་མ་བསྲེ་ཞིག །ཤེས་རབ་ཐོས་བསམ་སྒོམ་གསུམ་གྱི་ཤེས་རབ་ལ་"
66739,68717,1978,"རྨོངས་པ་གཏི་མུག་གི་མུན་པས་མ་བསྒྲིབས།"
68717,74687,5970,"དེ་ལྟར་ཕ་རོལ་ཏུ་ཕྱིན་པ་དྲུག་གི་མི་མཐུན་པ་དྲུག་པོ་འདི་སྤངས་ལ་སྒྲུབ་པར་གྱིས་ཤིག །"
74687,79928,5241,"(291) འབྲེལ་མེད་དྲུག་གི་རང་བཞིན་བཤད་པ་ནི། །སྡུག་བསྔལ་རྒྱན་མཐོང་མི་ལ་ཐར་པའི་ལས་འབྲེལ་མེད། །"
79928,87323,7395,"སྤྱོད་པ་ངོ་སྲུང་མི་ལ་འཁྲུལ་ཞིག་ལས་འབྲེལ་མེད། །ཐོས་བསམ་ཁེ་གྲགས་མི་ལ་ཉམས་ལེན་ལས་འབྲེལ་མེད། །"
87323,92865,5542,"མི་དགེ་སྡིག་སྤྱོད་མི་ལ་མཐོ་རིས་ལས་འབྲེལ་མེད། །སྙོམ་ལས་ལེ་ལོའི་མི་ལ་ཉམས་མྱོང་ལས་འབྲེལ་མེད། །"
92865,98717,5852,"བདག་ལྟ་ཆགས་སྡང་མི་ལ་སྒྲུབ་པའི་ལས་འབྲེལ་མེད། །དེ་འདྲའི་འབྲེལ་མེད་དབང་དུ་རང་ཉིད་མ་སོང་གཅེས། །"
98717,102830,4113,"གསུངས་དུས། ད་ཆོས་དང་འབྲེལ་བ་མེད་པའི་མཚན་ཉིད་ཀྱི་མི་དྲུག་ཡོད།"
102830,111875,9045,"གང་རེད་ཟེར་ན། ཁམས་གསུམ་འཁོར་བའི་སྡུག་བསྔལ་ཉམས་སུ་མྱོང་བཞིན་དུ་"
111875,113649,1774,"སྡུག་བསྔལ་སྡུག་བསྔལ་ཡིན་པ་མི་ཤེས།"
113649,119447,5798,"སྡུག་བསྔལ་དང་ལེན་བྱེད་པའི་མི་ལ་ཐར་པ་དང་ཐམས་ཅད་མཁྱེན་པའི་གོ་འཕང་ཐོབ་པའི་ལས་འབྲེལ་མེད།"
119447,122874,3427,"སྤྱོད་པའི་སྒོ་ནས་མི་ལ་ངོ་སྲུང་ཤ་སྟག་བྱེད་པའི་མི་ལ་"
122874,126695,3821,"ཆོས་བརྒྱད་ཀྱི་འཁྲུལ་པ་ཞིག་པའི་ལས་ཀྱི་འབྲེལ་བ་མེད།"
126695,132139,5444,"དེ་ནས་ཐོས་པ་དང་བསམ་པའི་ཡོན་ཏན་བྱས་ན། ང་གྲགས་པ་འཐོབ་དགོས། སྙན་པ་ཡོད་དགོས་བསམ།"
132139,135631,3492,"ང་རྒྱལ་ཡོད་དགོས་བསམ་ཁེ་གྲགས་མི་ལ་ཉམས་ལེན་གྱི་ལས་འབྲེལ་མེད།"
135631,139303,3672,"དུས་རྒྱུན་དུ་སྡིག་པ་མི་དགེ་བ་སྤྱོད་པའི་མི་ལ་མཐོ་རིས་ཀྱི་ལས་འབྲེལ་མེད།"
139303,144465,5162,"སྙོམ་ལས་ཆེན་པོའི་མི་དེ་ལ་རྟོགས་པའི་ཉམས་མྱོང་གི་ལས་འབྲེལ་མེད།"
144465,148825,4360,"བདག་ལྟའམ་བདག་འཛིན་འདིས་དུས་རྟག་ཏུ་ཞེན་ཆགས་བྱེད་པའི་མི་ལ་"
148825,152118,3293,"ཐར་པ་དམ་པའི་ཆོས་སྒྲུབ་པའི་ལས་འབྲེལ་མེད།"
152118,154491,2373,"དེ་འདྲའི་འབྲེལ་མེད་དབང་དུ་རང་ཉིད་མ་སོང་གཅེས།"
154491,158465,3974,"(292) སྒོམ་དུས་སེམས་ལ་བལྟ་ཐབས་རྣམ་དྲུག་ནི། །རེས་འགའ་སེམས་དེ་གནས་ཤིང་བརྟན་ལ་བལྟ། །"
158465,162774,4309,"སྐྱེ་འགག་གནས་གསུམ་བྲལ་བར་སུས་ཤེས་པ། །སེམས་ཉིད་རང་དབང་ཐོབ་པར་གོམས་པའི་གནད། །"
162774,166579,3805,"རེས་འགའ་དེ་དུས་ཉམས་མྱོང་རང་ངོ་བལྟ། །མི་གནས་ཆགས་ཡུལ་མེད་པར་སུས་ཤེས་པ། །"
166579,170650,4071,"དགའ་བྲོད་རང་སྣང་སྐྱེ་མེད་རྟོགས་པའི་གནད། །རེས་འགའ་ཡོན་ཏན་གོང་འཕེལ་རྣམས་ལ་བལྟ། །"
170650,174501,3851,"མ་འགགས་ཆོ་འཕྲུལ་རང་གྲོལ་སུས་ཤེས་པ། །སྐྱེ་མེད་ཡོད་ཏན་འབྱུང་བ་སྤྱོད་པའི་གནད། །"
174501,178554,4053,"རེས་འགའ་མཉམ་གཞག་ཆོས་ཉིད་དོན་ལ་བལྟ། །རང་བྱུང་བདེ་ཆེན་ཡེ་དག་སུས་ཤེས་པ། །"
178554,183142,4588,"ཆོས་ཀུན་མཉམ་ཉིད་ལམ་དུ་སློང་བའི་གནད། །རེས་འགའ་ཕྱི་ནང་རིག་པ་རང་བབས་བལྟ། །"
183142,186802,3660,"འཁོར་བ་གཟུང་འཛིན་བྲལ་བ་སུས་ཤེས་པ། །དོན་དམ་ཉག་གཅིག་རྩད་ནས་ཆོད་པའི་གནད། །"
186802,190510,3708,"རེས་འགའ་མ་བསྒོམས་རིག་པ་རང་བབས་བལྟ། །ལྟ་སྒོམ་བྱར་མེད་ཟང་ཀ་སུས་ཤེས་པ། །"
190510,194673,4163,"ཆོས་སྐུ་རང་ངོ་ཅེར་མཐོང་སྤྲོད་པའི་གནད། །གནད་དྲུག་ལྡན་པའི་སྐལ་བཟང་རྣལ་འབྱོར་པ། །"
194673,197089,2416,"ཆོས་ཟད་ངང་དུ་བློ་ཟད་ཉམས་རེ་དགའ། །"
208661,213535,4874,"གང་འདྲའི་རེད་ཟེར་ན། རེས་འགའ་རང་གི་སེམས་འདི་བྱིང་རྒོད་མེད་པ་གནས་པ་དང༌།"
213535,216687,3152,"དྲན་པ་དང་ཤེས་བཞིན་བརྟན་པོ་ལ་བལྟ་དགོས།"
216687,220962,4275,"དེ་བལྟས་བསྡད་ན་གང་རེད་ཟེར་ན་སེམས་ཐོག་མ་སྐྱེ་བ། མཐའ་མ་འགག་པ།"
220962,225717,4755,"བར་དུ་གནས་པ་མེད་པ་སྐྱེ་འགག་གནས་གསུམ་དང་བྲལ་བ་ཞིག་ཤེས་འོང༌།"
225717,231993,6276,"ཤེས་འོང་བའི་དུས་སུ་སེམས་འདི་ཉིད་མ་བརྟགས་ཙམ་ལ་ཉམས་དགའ་བ་དང༌།"
231993,236220,4227,"བརྟག་ན་གང་ཡང་བརྟན་པོ་མེད་པ་སྒྱུ་མ་དང་རྨི་ལམ་ལྟ་བུ་རེད་དུས།"
236220,240151,3931,"སེམས་བཏང་འགྲོ་བཞག་སྡོད་ལ་རང་དབང་ཐོབ་འོང་དུས་སྒོམ་པ་བརྟན་པོ་འོང་བ་ཡིན།"
240151,249544,9393,"རེས་འགའ་དེ་ལྟར་སེམས་སྒོམ་སྡོད་པའི་དུས་སུ་ཉམས་མཐོ་དམན་མང་པོ་སྐྱེས་པའི་དེ་རང་ངོ་ལ་བལྟ་དགོས།"
249544,254534,4990,"སེམས་འདི་ཞེས་བྱ་བ་ནི་དུས་རྟག་ཏུ་དར་ལྕོག་རླུང་གིས་བསྐྱོད་པ་ལྟ་བུ་ཡིན་པས་ན་"
254534,257447,2913,"གཅིག་ཀྱང་མི་གནས། སེམས་ཆགས་པའི་ཡུལ་མེད།"
257447,262925,5478,"ཞེན་པའི་ཡུལ་མེད་ཁོ་རང་གི་རང་གའི་ཙམ་དུ་སྙིང་པོ་མེད་པ་ཤེས་པར་འགྱུར་པའི་ཚེ་ན།"
262925,266472,3547,"དེ་ནས་རང་ལ་ཉམས་དང་རྟོགས་པ། སྤངས་དང་རྟོགས་པའི་ཡོན་ཏན་སྐྱེ་ནའང་"
266472,269900,3428,"སེམས་དགའ་བ་དང་བྲོད་པའི་སྒོ་ནས་ང་རྒྱལ་མི་སྐྱེ་བ།"
269900,272194,2294,"སྐྱེ་བ་མེད་པའི་རྟོགས་པའི་གནད་ཡོད་པ་ཡིན།"
272194,276547,4353,"རེས་འགའ་ཉམས་དང་རྟོགས་པ་ལམ་དང་མངོན་ཤེས་ཡོན་ཏན་གོང་ནས་"
276547,278301,1754,"གོང་དུ་འཕེལ་བ་རྣམས་ལ་བལྟ།"
278301,282408,4107,"དེ་ཉམས་དང་རྟོགས་པ་དེའང་སེམས་མ་འགགས་པའི་ཆོ་འཕྲུལ་ཙམ་མ་གཏོགས་མེད།"
282408,286096,3688,"དེ་ཆོ་འཕྲུལ་དེ་དག་ཐམས་ཅད་ལ་ཞེན་མེད་རང་གྲོལ་དུ་ཤེས་སོང་ན་"
286096,290367,4271,"ལམ་རྟགས་གསར་པ་སྐྱེ་བ་ལ་མཆོག་འཛིན་གྱི་བདུད་མི་ཞུགས་དུས།"
290367,293314,2947,"སྐྱེ་མེད་ཡོན་ཏན་འབྱུང་བ་དེ་སྤྱོད་པའི་གནད་དུ་འགྱུར་བ་ཡིན།"
293314,296708,3394,"རེས་འགའ་མཉམ་གཞག་ཆོས་ཉིད་ཀྱི་དོན་ལ་བལྟ་སྟེ།"
296708,300406,3698,"ཆོས་ཉིད་ཀྱི་ངོ་བོ་རང་བྱུང་བདེ་བ་ཆེན་པོའི་ཡེ་ཤེས་སྒྲིབ་པ་"
300406,302462,2056,"ཡེ་ནས་དག་པའི་སུས་ཤེས་པས་ན།"
302462,305660,3198,"ཆོས་ཐམས་ཅད་འཁོར་འདས་མཉམ་པ་ཉིད་ཀྱི་དོན་ལམ་དུ་སློང་བ་ཡིན།"
305660,313019,7359,"རེས་འགའ་ཕྱིའི་ཡུལ་ལྔའི་སྣང་བ། ནང་རིག་པ་རྣམ་པར་ཤེས་དྲུག་གི་སྣང་བ་ལ་བལྟ་སྟེ།"
313019,315473,2454,"དེ་ཐམས་ཅད་རིགས་པས་བརྟགས་ཤིང་དཔྱད་ན།"
315473,321848,6375,"འཁོར་བ་གཟུང་འཛིན་བྲལ་བ་མེད་པ་གསལ་སྣང་ཙམ་དུ་ཡིན་པ་ཤེས་པས།"
321848,324860,3012,"དོན་དམ་ཐིག་ལེ་ཉག་གཅིག་རྩད་ནས་ཆོད་པའི་གནད་ཡོད་པ་ཡིན།"
324860,328290,3430,"རེས་འགའ་མ་བསྒོམས་པ་རིག་པ་རང་བབས་ཀྱི་ངོ་བོ་ལ་བལྟ་ན།"
328290,333148,4858,"ལྟ་བ་སྒོམ་པ་སྤྱོད་པ་ཟེར་བློས་བཟོ་མེད་པ་ཟང་ཀ་མ་སུས་ཤེས་པས་"
333148,335773,2625,"ཆོས་སྐུ་ཅེར་མཐོང་དུ་ངོ་སྤྲོད་པའི་གནད་ཡིན།"
335773,339887,4114,"དེ་གནད་དྲུག་དང་ལྡན་ཏེ་གནད་དྲུག་ཉམས་སུ་ལེན་པའི་སྐལ་བཟང་འདི་ནི་"
339887,342316,2429,"ཡུན་མི་རིང་བ་ཆོས་ཟད་བློ་འདས་ཀྱི་ངང་དུ་"
342316,345461,3145,"བློ་ཟད་ཉམས་རེ་དགའ་བ་ཞིག་ཡོང་བ་ཡིན་ནོ། །"
345461,349906,4445,"(293) ངན་པའི་རང་བཞིན་རྣམ་དྲུག་སྤང་བ་ནི། །སེར་སྣ་སྡུག་འཁུམས་མི་ཡིས་ཕྱི་མའི་རྒྱགས་མི་སོག །"
349906,357973,8067,"དད་མེད་བླ་མ་མི་བསྟེན་གདམས་པའི་ནོར་མི་སོག །གང་ཤེས་ཉམས་ལེན་མི་བརྩོན་བྱང་ཆུབ་ལམ་མི་རྙེད། །"
357973,367568,9595,"མཛའ་བཤེས་ཉེ་འབྲེལ་ཆགས་པས་བར་དོར་ཟླ་མི་རྙེད། །བདག་ལྟ་ངར་འཛིན་ཆོས་ཀྱིས་བདུད་བཞིའི་དཔུང་མི་བཟློག །"
367568,373249,5681,"འདོད་པའི་ཁོལ་པོ་བྱེད་པས་གཏན་ཡུལ་ཚུགས་མི་ཟིན། །ངན་པའི་ལས་དྲུག་བསགས་པའི་ཉེས་པ་རང་ལ་འཁོར། །"
373249,376397,3148,"དེ་བས་བཟང་པོའི་ལས་ལ་བསླབ་པ་གཅེས། །"
376397,379663,3266,"གསུངས་དུས། ངན་པའི་སྐྱོན་དྲུག་གི་རང་བཞིན་སྤང་དགོས་པ་ཡིན།"
379663,385481,5818,"གང་རེད་ཟེར་ན། སེར་སྣ་ཆེ་སྟེ་འབྱོར་པ་དང་ལོངས་སྤྱོད་ཡོད་ནའང་རང་གི་ཟ་བ་དང་"
385481,389675,4194,"གྱོན་པ་མི་བྲ་སྡུག་འཁུམས་བྱས་ན། སྐྱེ་བ་ཕྱི་མ་ཡི་དྭགས་སུ་སྐྱེ་བའི་རྒྱུ་ཡིན་པས་"
389675,392609,2934,"ཕྱི་མ་འགྲོ་བའི་ལམ་རྒྱགས་མི་སོག །"
392609,397685,5076,"དད་པ་མི་སྐྱེ་བླ་མ་མི་བསྟེན་ན་རང་གི་རྒྱུད་ལ་གདམས་ངག་གི་ནོར་གསོག་ཏུ་མེད་དེ།"
397685,401974,4289,"གདམས་ངག་བླ་མ་ལས་འབྱུང་དགོས་པས་དང༌། དད་པ་ལས་འབྱུང་དགོས་པ་ཡིན།"
401974,406205,4231,"ཆོས་གང་ཤེས་པ་དེ་རང་གི་སེམས་རྒྱུད་འདུལ་བའི་ཉམས་ལེན་ལ་མ་བརྩོན་ན་"
406205,410291,4086,"བྱང་ཆུབ་སངས་རྒྱས་གོ་འཕང་རྙེད་པར་དཀའ་བའི་རྒྱུ་ཡིན།"
410291,413780,3489,"མཛའ་བཤེས་ཉེ་འབྲེལ་ལ་སེམས་ཆགས་བསྡད་ན་དེ་བར་དོ་ནས་"
413780,419541,5761,"དེའི་དོན་དག་ལ་སྡིག་པ་མང་པོ་གསོག་དུས་རང་བར་དོར་སྐྱབས་དང་སྐྱོབ་པ་ཟླ་རྙེད་པ་མ་ཡིན།"
419541,424202,4661,"བདག་ལྟ་ངར་འཛིན་ནམ་དེ་རང་གཅེས་པ་འཛིན་བསྡད་ནས་བཟུང་སྟེ།"
424202,427711,3509,"བདུད་བཞིའི་དཔུང་འདི་ཕར་བཟློག་མི་ཐུབ་བདུད་བཞིའི་དབང་དུ་འགྲོ་བ་ཡིན།"
427711,431982,4271,"དེ་ནས་འདོད་ཡོན་ལྔ་ཞེན་ཆགས་ཆེན་པོ་བྱས་དེའི་གཡོག་རྒྱུག་བསྡད་ན་"
431982,436981,4999,"ཐར་པའི་ལམ་གྱི་གཏན་ཡུལ་ཟིན་མི་ཐུབ། དེ་ངན་པའི་ལས་དྲུག་ཡིན་པས་ན།"
436981,439599,2618,"དེ་ངན་པའི་ལས་དྲུག་འདི་བསགས་བསྡད་ན་"
439599,442580,2981,"ཉེས་པ་རང་ལ་འབྱུང་བ་མ་གཏོགས་རང་ལ་ཡོན་ཏན་མེད།"
442580,445683,3103,"དེ་བས་བཟང་པོའི་ལས་ལ་བསླབ་པར་གཅེས་སོ། །"
445683,450214,4531,"(294) དགོས་པ་དྲུག་གི་རང་བཞིན་བཤད་པ་ནི། །དང་པོར་ཡིད་ཕམ་ངེས་འབྱུང་སྐྱེ་དགོས་ཏེ། ། ཡུལ་ལ་མི་འཇུག་ཆོས་ལ་དམིགས་པ་དགོས། །དེ་ནས་ཤེས་པ་ངལ་གསོ་ཤེས་དགོས་ཏེ། །"
450214,454455,4241,"རྒྱལ་བའི་སྐུ་གསུང་ཐུགས་སུ་གློད་ཤེས་དགོས། །དེ་ནས་སེམས་ལ་དབུགས་ཆེན་འབྱིན་དགོས་ཏེ། །"
454455,458105,3650,"རྟོགས་པའི་གདེང་གིས་ཉམ་ང་མེད་པ་དགོས། །དེ་ནས་བློ་མཆོག་བདེ་ཆེན་ཐོབ་དགོས་ཏེ། །"
458105,461603,3498,"ཀ་དག་ས་ལ་མངོན་དུ་གྱུར་པ་དགོས། །དེ་ནས་བདེ་བ་གཞན་ལ་སྤེལ་དགོས་ཏེ། །"
461603,465076,3473,"འཕྲིན་ལས་རྣམ་བཞིས་འགྲོ་བ་འདྲེན་པ་དགོས། །དེ་ནས་མི་ལྡོག་ས་ལ་གནས་དགོས་ཏེ། །"
465076,472075,6999,"ལྷུན་གྲུབ་ཕྱག་རྒྱ་མངོན་དུ་གྱུར་པ་དགོས། །དགོས་པ་དྲུག་གིས་མཐར་ཕྱིན་བྱ་བ་གཅེས། །"
472075,479044,6969,"གསུངས་དུས། དམ་པའི་ཆོས་བྱེད་པའི་གང་ཟག་གིས་བྱ་དགོས་པ་དྲུག་ཡོད།"
479044,484163,5119,"གང་རེད་ཟེར་ན། དང་པོ་རང་གི་སེམས་ཁམས་གསུམ་འཁོར་བའི་སྡུག་བསྔལ་གྱིས་ཡིད་ཕམ།"
484163,488819,4656,"དེ་ནས་འཁོར་བའི་བྱ་བ་ལ་སེམས་སྤྲོ་བ་མེད་པའི་ངེས་འབྱུང་སྐྱེ་དགོས་ཏེ།"
488819,492759,3940,"དེ་མ་སྐྱེས་ན་འདོད་པའི་ཡོན་ཏན་ལྔ་ལ་སེམས་འཇུག་ཤོར།"
492759,495983,3224,"དམ་པའི་ཆོས་ལ་ཡང་ནས་ཡང་དུ་དམིགས་ཐུབ་ཀྱི་མ་རེད་གསུངས།"
495983,499115,3132,"དེ་ནས་དེའི་རྗེས་སུ་འདོད་པའི་ཡོན་ཏན་ལྔ་ལ་སེམས་མི་འཇུག་དུས་"
499115,502904,3789,"ཆོས་ཐོས་བསམ་སྒོམ་གསུམ་ལ་རྩེ་གཅིག་ཏུ་དམིགས་པ་ཞིག་དགོས།"
502904,507654,4750,"ཆོས་ཐོས་བསམ་སྒོམ་གསུམ་བྱེད་པ་དེ་ལ་ཤེས་པ་ངལ་གསོ་སྟེ་ཤེས་དགོས་པས་ན།"
507654,512974,5320,"དེ་རང་གི་ལུས་ངག་ཡིད་གསུམ་པོ་རྒྱལ་བའི་སྐུ་གསུང་ཐུགས་དབྱེར་མེད་པ་ལ་གློད་ཤེས་པ་དགོས།"
512974,516929,3955,"དེ་ནས་གློད་པར་དེ་ལའང་སེམས་ལ་དབུགས་ཆེན་འབྱིན་དགོས་ཏེ།"
516929,521443,4514,"སེམས་ལྷོད་ཀྱིས་གློད་ངང་དུ་བག་ཕེབས་ཏེ་ངལ་གསོ་ན་"
521443,527572,6129,"སྡུག་བསྔལ་ལས་དབུགས་འབྱིན་པ་བཀོད་དེ་ཆོས་ཉིད་རྟོགས་པའི་གདེང་གིས་ཉམ་ང་བ་མེད་པ་དགོས།"
527572,529515,1943,"དེ་ནས་རྟོགས་པ་ཟད་ས་ལ་ཕྱིན་དུས་"
529515,533841,4326,"བློ་གྲོས་མཆོག་ཏུ་གྱུར་པ་བདེ་བ་ཆེན་པོའི་ས་ལ་ཐོབ་དགོས་ཏེ་"
533841,536012,2171,"ཀ་དག་ས་ལ་མངོན་དུ་གྱུར་པ་དགོས།"
536012,539230,3218,"དེ་ནས་རང་བདེ་བ་ལྟར་དུ་གཞན་ལ་བདེ་བའི་ཐབས་ལ་སྤེལ་དགོས།"
539230,543140,3910,"ཞི་རྒྱས་དབང་དྲག་ཕྲིན་ལས་བཞིས་འགྲོ་བ་འདྲེན་པ་དགོས།"
543140,546687,3547,"དེ་ནས་རང་ཉིད་ཕྱིར་མི་ལྡོག་པའི་ས་ལ་གནས་དགོས་ཏེ་"
546687,549725,3038,"སྐུ་ལྔ་ལྷུན་གྲུབ་ཀྱི་ཕྱག་རྒྱ་མངོན་དུ་གྱུར་པ་དགོས།"
549725,551850,2125,"དགོས་པ་དྲུག་གིས་མཐར་ཕྱིན་བྱ་བ་གཅེས།"
551850,556023,4173,"(295) མ་སྐྱོལ་ལམ་དུ་བསླང་བའི་ཆོས་དྲུག་ནི། །མ་བསྒོམས་སྣ་ཚོགས་འགྱུ་དྲན་རང་ངོ་ལྟོས། །"
556023,559885,3862,"གང་བྱུང་རང་སར་རང་ངོ་ཤེས་པ་དེས། །ཅིར་སྣང་སྐྱེ་མེད་ཞིང་དུ་གྲོལ་བར་ངེས། །"
559885,564430,4545,"སྒོམ་ལ་འཇུག་པའི་སྦྱོར་བའི་ཤེས་པ་ལྟོས། །བདེ་སྡུག་རྒྱུ་མཐུན་མཉམ་པར་ཤེས་པ་དེས། །"
564430,568299,3869,"བླང་དོར་མཉམ་ཉིད་དབྱེར་མེད་གྲོལ་བར་ངེས། །དངོས་གཞི་ཟག་མེད་མ་སྐྱེས་བར་ལ་ལྟོས། །"
568299,572000,3701,"སེམས་ཉིད་ཀུན་སྣང་རང་བཞིན་ཤེས་པ་དེས། །རིམ་གྱིས་སེམས་འཇུག་སྐྱེ་མེད་ཚུད་པར་ངེས། །"
572000,576560,4560,"མཉམ་གཞག་ལས་ལངས་རྗེས་ཤེས་ངོ་ལ་ལྟོས། །སེམས་ཉིད་དོན་དང་གཉིས་མེད་འདྲེས་ཤེས་དེས། །"
576560,581281,4721,"མཉམ་རྗེས་དབྱེར་མེད་ངང་དུ་ཚུད་པར་ངེས། །དེ་རྗེས་གང་འགྱུས་རྣམ་རྟོག་རང་ངོ་ལྟོས། །"
581281,585095,3814,"ཉོན་མོངས་གང་སྐྱེས་རང་ཞིར་ཤེས་པ་དེས། །སྣང་ཤེས་ཐོག་མའི་གཞི་ལ་སྦྱོར་བར་ངེས། །"
585095,589982,4887,"སྦྱོར་དངོས་རྗེས་གསུམ་གཅིག་ཏུ་དྲིལ་ལ་ལྟོས། །གསུམ་ག་རྗེས་མེད་བྱ་ལམ་ཤེས་པ་དེས། །"
589982,597560,7578,"དུས་གསུམ་རང་བཞིན་གནད་ཅིག་རྟོགས་པར་ངེས། །དེ་ལྟར་ཤེས་ན་རྗེས་ཤེས་ཆོས་ཉིད་འཆར། །"
597560,604158,6598,"གསུངས། སྐྱོན་དང་ཡོན་ཏན་བདེ་སྡུག་གི་སྣང་བ་གང་སྐྱེ་ན་"
604158,607705,3547,"དེ་ལམ་གྱི་གྲོགས་སུ་ལའང་ཆོས་དྲུག་དགོས། གང་རེད་ཟེར་ན།"
607705,611327,3622,"ཆེད་དུ་ཞི་གནས་དང་ལྷག་མཐོང་གི་དམིགས་བཅས་འཛིན་པས་མ་གོས་པ་"
611327,617144,5817,"རྣམ་རྟོག་སྣ་ཚོགས་པ་འགྱུ་བ་དྲན་པ་འདི། རྣམ་རྟོག་སྐྱག་ལང་སོང་བར་ཡོད་པ་རང་ངོ་ཤེས་པ་དགོས།"
617144,621492,4348,"དེ་རང་ངོ་ཤེས་ན་རྣམ་རྟོག་གང་བྱུང་བ་འདི་རང་སར་གྲོལ་བས་རང་ངོ་ཤེས།"
621492,627700,6208,"ཚོགས་དྲུག་གི་སྣང་བ་ཅི་ཤར་ན་སྐྱེ་མེད་ཀྱི་ཞིང་དུ་ཐོབ་པར་ངེས་པ་ཡིན།"
627700,631527,3827,"སྒོམ་ལ་འཇུག་དུས་སྒོམ་འདི་ཞི་གནས་ལྷག་མཐོང་གི་སྦྱོར་བ་ཤེས་དགོས།"
631527,636963,5436,"ཞི་གནས་ལྷག་མཐོང་གཉིས་རྒྱུད་ལ་སྐྱེ་ན་བདེ་བ་དང་སྡུག་བསྔལ་ཐམས་ཅད་རོ་མཉམ་པ་མ་གཏོགས།"
636963,640316,3353,"བདེ་བ་འདོད་སྡུག་བསྔལ་མི་འདོད་པ་མིན་པའི་མཉམ་པར་ཤེས་པ་དེས།"
640316,643425,3109,"བླང་དོར་མཉམ་པ་ཉིད་དབྱེར་མེད་དུ་གྲོལ་བ་ཡིན།"
643425,646824,3399,"དེ་ནས་དངོས་གཞི་ཟག་པ་མེད་པ་ཆོས་ཉིད་མ་སྐྱེས་པའི་དོན་ལ་བལྟས་ཏེ།"
646824,649323,2499,"སེམས་ཉིད་འདི་ལས་འཁོར་འདས་ཀུན་སྣང་ནའང་"
649323,653920,4597,"རང་བཞིན་བདེན་པར་གྲུབ་པ་མེད་པར་ཤེས་པས་རིམ་གྱིས་སེམས་ལ་འཇུག་སྟེ་སྐྱེ་མེད་དུ་ཚུད།"
653920,657149,3229,"མཉམ་གཞག་ལས་ལངས་ནས་རྗེས་ཐོབ་ཀྱི་ཤེས་པའི་ངོ་བོ་ལ་"
657149,659861,2712,"མཉམ་བཞག་གི་མྱོང་བ་འདི་སྐྱེ་དགོས་པ་ཡིན་ཏེ།"
659861,664283,4422,"དེས་སེམས་ཉིད་ཀྱི་དོན་ལ་མཉམ་རྗེས་དབྱེར་མེད་དུ་འདྲེས་ཤེས་པ་དགོས།"
664283,667020,2737,"མཉམ་རྗེས་དབྱེར་མེད་ངང་དུ་ཚུད་པ་དེའི་རྗེས་སུ་"
667020,672369,5349,"གང་འགྱུས་རྣམ་རྟོག་འདི་སྐྱག་ལང་དུ་མ་བཏང་བ་རྣམ་རྟོག་ཁོང་གི་རང་ངོ་ལ་ལྟོས་དང༌།"
672369,675092,2723,"ཆགས་སྡང་རྨོངས་གསུམ་གྱི་ཉོན་མོངས་གང་སྐྱེ་ནའང་"
675092,678395,3303,"ཤར་བ་དང་གྲོལ་བ་དུས་མཉམ་སྟེ་རང་ཞིར་ཤེས་པ་དེས།"
678395,680943,2548,"སྣང་ཤེས་ཐོག་མའི་གཞི་ལ་སྦྱོར་བ་ངེས།"
680943,685359,4416,"སྦྱོར་བ་དངོས་གཞི་རྗེས་གསུམ་པོ་འདི་ལ་སྦྱོར་བ་ཉམས་ལེན་བྱེད་པའི་སྐབས་ལ་"
685359,689299,3940,"དངོས་གཞི་དང་རྗེས་གཉིས། དངོས་གཞི་ཉམས་ལེན་བྱེད་པའི་སྐབས་སྦྱོར་རྗེས་གཉིས།"
689299,693494,4195,"རྗེས་ཉམས་ལེན་བྱེད་པའི་སྐབས་ལའང་སྦྱོར་དངོས་གཉིས་གཅིག་ཏུ་དྲིལ་ཏེ་མ་གཏོགས་"
693494,696584,3090,"སོ་སོར་ཕྱེ་མི་ཉན་གསུམ་ཀ་བྱས་ན།"
696584,701463,4879,"སྤྱིར་དགེ་བ་བྱེད་པ་ལ་ཆེད་འཛིན་ལ་སོགས་པ་རྗེས་མེད་པ་བྱ་ལམ་ཤེས་པས།"
701463,705559,4096,"འདས་མ་འོངས་ད་ལྟ་དུས་གསུམ་གྱི་རང་བཞིན་གནད་གཅིག་ཏུ་རྟོགས་པ་ངེས།"
705559,709035,3476,"དེ་ལྟར་ཤེས་ན་རྗེས་ཐོབ་ཀྱི་ཤེས་པ་ཆོས་ཉིད་དུ་འཆར་བ་ཡིན།"
709035,713100,4065,"(296) ཡོན་ཏན་དྲུག་ཚང་རང་བཞིན་བཤད་པ་ནི། །འཁོར་བའི་སྡུག་བསྔལ་བྲེད་ནས་སྐྱབས་འཚོལ་དང༌། །"
713100,717990,4890,"དད་པས་རྒྱུད་འདུལ་རྒྱལ་བའི་རྗེས་སུ་སློབ། །བསོད་ནམས་ཆེ་མཐོང་གཏོང་ཕོད་ཚོགས་གཉིས་འབད། །"
717990,723542,5552,"བརྩོན་པའི་ལྕག་འདེབས་ཉིན་མཚན་དགེ་ལ་འབད། །ངོ་ཚ་ཁྲེལ་ཡོད་ཆོས་ཕྱོགས་སྲོག་གཏོང་ཕོད། །"
723542,727904,4362,"ཤེས་རབ་དོན་དཔྱོད་སྣང་ཤེས་ཆོས་ཉིད་འཁྱེར། །དེ་དག་ཚང་རྣམས་འཁོར་བའི་ཕ་རོལ་འགྲོ། །"
727904,733494,5590,"ཞེས་པ་སྟེ། དེ་ལྟར་ཉམས་ལེན་བྱས་ན་ཡོན་ཏན་དྲུག་ཚང༌།"
733494,739384,5890,"དེ་དྲུག་ཚང་རྒྱུ་འདི་གང་རེད་ཟེར་ན། འཁོར་བའི་སྡུག་བསྔལ་འདི་ལ་སེམས་རབ་ཏུ་སྐྲག་ཅིང་འཇིགས་ཏེ་"
739384,743547,4163,"སྡུག་བསྔལ་དེ་ལས་སྐྱོབ་པར་བྱེད་པའི་སྐྱབས་གནས་དཀོན་མཆོག་གསུམ་པོ་འཚོལ་བ་དང༌།"
743547,749843,6296,"དང་འདོད་ཡིད་ཆེས་ཀྱི་དད་པ་ཡག་པོ་ཡོད་དུས་རང་གི་རྒྱུད་དེ་དྲན་པ་དང་ཤེས་བཞིན་གྱིས་འདུལ་ནས་"
749843,754674,4831,"རྒྱལ་བའམ་རྫོགས་པའི་སངས་རྒྱས་ཀྱི་རྣམ་ཐར་གྱི་རྗེས་སུ་སློབ་པ་དང༌།"
754674,758373,3699,"བསོད་ནམས་ཀྱི་ཚོགས་འདི་རྒྱུད་ལ་ཡོད་ན་བདེ་སྐྱིད་ཐམས་ཅད་འབྱུང་བར་ཤེས་ཏེ།"
758373,766846,8473,"བསོད་ནམས་ཡ་ཆེ་རུ་བཏང་ནས་ནོར་ལོངས་སྤྱོད་ཡོད་པ་འདི་ གཏོང་ཕོད་ཆེ་ཞིང་བསོད་ནམས་དང་ཡེ་ཤེས་ཀྱི་ཚོགས་གཉིས་བསགས་པར་འབད་ཅིང༌། རང་རྒྱུད་ལ་བརྩོན་པའི་ལྕག་འདེབས་ནས་ཉིན་མཚན་རྟག་པར་དགེ་བ་ཁོ་ན་ལ་འབད་པ་དང༌། ངོ་ཚ་ཤེས་ཤིང་ཁྲེལ་ཡོད་པས་རང་རྒྱུད་གཙང་ལ་དམ་ཆོས་དང་བླ་མའི་ཕྱོགས་སུ་ སྲོག་ཀྱང་གཏོང་བའི་ཕོད་པ་དང་ལྡན་ལ། ཐོས་བསམ་གྱི་ཤེས་རབ་ཀྱི་ཟབ་རྒྱས་དོན་ལ་དཔྱོད་ནུས་ཤིང་ སྒོམ་པའི་ཤེས་རབ་ཀྱིས་ཕྱི་ཚོགས་དྲུག་གི་སྣང་བ་རང་གྲོལ་ཞིང་ ནང་ཤེས་པའི་རྟོག་ཚོགས་ཆོས་ཉིད་སྟོང་པའི་ཡེ་ཤེས་སུ་རང་གྲོལ་ཏེ་ སྐུ་གསུམ་ལམ་འཁྱེར་གྱི་དགོངས་པར་གནས་པའོ། ། ཡོན་ཏན་དྲུག་པོ་དེ་དག་གཅིག་ལ་ཚང་བའི་གང་ཟག་རྣམས་ ཚེ་འདིར་འཁོར་བའི་ཕ་རོལ་ཏུ་འགྲོ་བའོ་ཞེས་གདམས་པའོ། །"
766846,770159,3313,"(297) ཅིས་ཀྱང་དགོས་པའི་བསྒྲུབ་བྱ་རྣམ་དྲུག་ནི། །ཚེ་འདིའི་བྱ་བ་མི་གཙང་འདམ་རྫབ་བོར། །"
770159,774461,4302,"མཐའ་གྲོལ་ཡེ་ཤེས་ཁྲི་གདུགས་ཅི་འཆར་གྱིས། །མ་རིག་མུན་པའི་སྨག་རུམ་ཅི་སངས་གྱིས། །"
774461,779212,4751,"ཉམས་རྟོགས་སྒྲོ་བཏགས་མྱུ་གུ་ཅི་སྐྱེས་གྱིས། །གཟུང་འཛིན་འཁྲུལ་སྣང་རྨི་ལམ་ཅི་སངས་གྱིས། །"
779212,783039,3827,"འབྲས་བུ་སྐུ་གསུམ་ནོར་བུ་ཅི་ལོན་གྱིས། །དམ་པའི་གདམས་ངག་ཡིན་ནོ་སེམས་ལ་ཞོག །"
783039,788901,5862,"ཅེས་པ་སྟེ། དམ་པའི་ཆོས་སྒྲུབ་པ་ལ་ཅིས་ཀྱང་དགོས་པའི་བསྒྲུབ་བྱ་རྣམ་པ་དྲུག་ཡོད།"
788901,793225,4324,"གང་རེད་ཟེར་ན། འཇིག་རྟེན་ཚེ་འདིའི་འཇིག་རྟེན་ཆོས་བརྒྱད་ཀྱི་བྱ་བ་ཐམས་ཅད་ནི་"
793225,796464,3239,"མི་གཙང་བ་འདམ་རྫབ་དང་འདྲ་བ་ཡིན་པས་འབོར་ཅི་ཐུབ་གྱིས།"
796464,799042,2578,"མཐའ་གྲོལ་གྱི་ཡེ་ཤེས་འདི་ཉིད་ནི།"
799042,803601,4559,"འཇིག་རྟེན་ན་མུན་པ་སེལ་བའི་སྒྲོན་མེ་ཁྲི་གདུགས་ཉི་མ་དང་འདྲ་བ་ཡིན་པས་"
803601,810247,6646,"ཡིད་ལ་ཅི་འཆར་བར་གྱིས། གཏི་མུག་མ་རིག་པ་མུན་པ་སྨག་རུམ་འདི་སངས་ཅི་ཐུབ་གྱིས།"
810247,816276,6029,"ཉམས་དང་རྟོགས་པ་ཐམས་ཅད་གློ་བུར་གྱི་འཁྲུལ་སྣང་མ་གཏོགས་རྟག་པ་དང་བདེན་པ་མེད་དེ།"
816276,820311,4035,"ཉམས་རྟོགས་མང་པོ་རྒྱུད་ལ་སྐྱེ་འོང་ན་ཉམས་སུ་ལེན་པའི་རྟགས་རེད་དུས་"
820311,825662,5351,"དེ་ཕྱིར་ན་མྱུ་གུ་ཅི་སྐྱེས་གྱིས། གཟུང་འཛིན་འཁྲུལ་པའི་སྣང་བ་འདི་རྨི་ལམ་དང་འདྲ་འདྲ་རེད་དུས་"
825662,828043,2381,"ཕར་ག་ཚོད་མེད་པ་སངས་ཐུབ་ཐུབ་གྱིས།"
828043,832141,4098,"འབྲས་བུ་སྐུ་གསུམ་གྱི་ཡོན་ཏན་འདི་རང་གི་རྒྱུད་ལ་ཇི་ལྟར་ལོན་པར་གྱིས།"
832141,834805,2664,"དེ་ལྟ་བུ་དགོས་པའི་བསྒྲུབ་བྱ་དྲུག་པོ་འདི་"
834805,836984,2179,"དམ་པའི་གདམས་ངག་ཡིན་ནོ་སེམས་ལ་ཞོག །"
836984,840817,3833,"(288) རང་བཞིན་མཆོག་ལ་བསླབ་པའི་ཆོས་དྲུག་ནི། །འཁྲུལ་བའི་ལུས་ཀྱི་བྱ་བྱེད་སྤངས་པ་དང༌། །"
840817,844290,3473,"དོན་མེད་ངག་གི་སྨྲ་བརྗོད་སྤངས་པ་དང༌། །རྣམ་རྟོག་ཡིད་ཀྱི་འཕྲོ་འདུ་སྤངས་པ་དང༌། །"
844290,848075,3785,"འདོད་ཡོན་རང་གའི་ཞེན་འཛིན་སྤངས་པ་དང༌། །རྣམ་གཡེང་འདུ་འཛིའི་འབྲེལ་འདྲིས་སྤངས་པ་དང༌། །"
848075,852428,4353,"གཞན་སེམས་འཛིན་པའི་ངོ་སྲུང་སྤངས་པ་སྟེ། །འདི་དང་སུ་ལྡན་དམ་ཆོས་ཚུལ་བཞིན་འོང༌། །"
852428,856048,3620,"ཞེས་ལམ་བསླབ་པར་བྱ་བའི་ཆོས་དྲུག་ཡོད། གང་རེད་ཟེར་ན།"
856048,862866,6818,"འཇིག་རྟེན་འཁྲུལ་པའི་ལུས་ཀྱི་བྱ་བྱེད་ཐམས་ཅད་སྤངས་ཅི་ཐུབ་བྱེད་པ་དང༌།"
862866,867462,4596,"དོན་མེད་པའི་ངག་འཁྱལ་གྱི་སྨྲ་བརྗོད་མང་པོ་སྤངས་ཅི་ཐུབ་བྱེད་དེ་ཁ་བཙུམ་རྒྱུ་དང༌།"
867462,871950,4488,"རྣམ་རྟོག་ཡིད་ཀྱིས་འཕྲོ་འདུ་མང་པོ་བྱས་ན་ཡིད་ཀྱིས་རྒྱལ་སྲིད་སྐྱོང་ནས་འཁྲུལ་འགྲོ་ཡི་རེད།"
871950,876040,4090,"དེ་སྤངས་ཅི་ཐུབ་དང༌། འདོད་ཡོན་གྱི་སྲེད་པ་ལ་ཞེན་འཛིན་སྤངས་ཅི་ཐུབ།"
876040,880832,4792,"རྣམ་གཡེང་འདུ་འཛིའི་ནང་དུ་ངོ་ཤེས་པ་མང་པོ་འབྲེལ་འདྲིས་སྤངས་པ་དང༌།"
880832,885826,4994,"གཞན་གྱི་སེམས་ངོ་བཟུང་སྲུང་བྱེད་རྒྱུ་སྤངས་ཅི་ཐུབ་སྟེ།"
885826,888970,3144,"འདི་དང་སུ་ལྡན་ན་དམ་པའི་ཆོས་ཚུལ་བཞིན་དུ་འོང་བ་ཡིན།"
888970,893913,4943,"(299) འདོད་པའི་གཟེབ་ཏུ་བཅིང་བའི་ཆོས་དྲུག་ནི། །སྤྲོས་པའི་བློ་དང་བྲལ་བར་འདོད་པ་དང༌། །"
893913,897472,3559,"བདེ་སྟོང་དབྱེར་མེད་ཟུང་འཇུག་འདོད་པ་དང༌། །དམིགས་མེད་མཁའ་ལྟར་རྣམ་དག་འདོད་པ་དང༌། །"
897472,901813,4341,"སྟོང་པ་ཡེ་ཤེས་སྙིང་པོ་ཅན་འདོད་དང༌། །རིག་པ་འོད་ཀྱི་ཁང་བུ་ཅན་འདོད་དང༌། །"
901813,910517,8704,"གདོད་ནས་ཡེ་གྲོལ་རང་བྱུང་ཡེ་ཤེས་འདོད། །ཕྱོགས་རེའི་དོན་མཐོང་གླང་ཆེན་སྨྲས་པ་བཞིན། །"
910517,916877,6360,"བདག་ལྟའི་དངོས་པོ་མཚན་མ་ཞེན་པ་ཡིན། །དེ་བས་ཕྱོགས་འཛིན་བདག་ལྟའི་གཟེབ་བོར་ལ། །"
916877,921961,5084,"ཡིན་མིན་མེད་པའི་རང་རིག་ཕྱོགས་བྲལ་ནི། །མཐའ་གྲོལ་ཡངས་པ་ཆེན་པོར་ཐག་ཆོད་ཅིག །"
921961,928490,6529,"ཅེས་བྱ་བ་སྟེ། རང་གི་རེ་བ་ཡོད་པའི་གཟེབ་ཏུ་བཅིང་བའི་ཆོས་ཡིན་ཏེ།"
928490,933518,5028,"སྤྲོས་པའི་བློ་དང་བྲལ་བར་འདོད་པར་བྱས་ན་འབྲལ་མི་ཐུབ་པ་དང༌།"
933518,936292,2774,"བདེ་སྟོང་དབྱེར་མེད་ཟུང་འཇུག་གི་ལྟ་བ་འདོད་པ་དང༌།"
936292,939669,3377,"དེ་ནས་དམིགས་གཏད་ཀྱི་མཚན་མ་མེད་པའི་ལྟ་བ་མཁའ་ལྟར་དག་པ་དང༌།"
939669,942451,2782,"སྟོང་པ་ཡེ་ཤེས་ཀྱི་སྙིང་པོ་ཅན་རྟོགས་པར་འདོད་པ་དང༌།"
942451,945871,3420,"རིག་པ་འོད་ཀྱི་ཁང་བུ་ཅན་དུ་འདོད་པ་དང༌།"
945871,948978,3107,"གདོད་ནས་ཡེ་གྲོལ་རང་བྱུང་གི་ཡེ་ཤེས་འཐོབ་པར་འདོད་པ་དང༌།"
948978,952410,3432,"ལྟ་བ་དང་སྟོང་པ་ལ་སོགས་པའི་ཕྱོགས་རེའི་དོན་མཐོང་བར་འདོད་པ་"
952410,957208,4798,"གླང་པོ་ཆེ་སྨྲས་པ་བཞིན་དེ་ཐམས་ཅད་བདག་ཏུ་ལྟ་བའི་དངོས་པོ་མཚན་མ་ཞེན་པ་ཡིན་པས།"
957208,960450,3242,"དེ་ལྟ་བ་ཕྱོགས་རེ་ཙམ་མ་གཏོགས་ཆ་ཚང་མི་རྟོགས་པས།"
960450,964553,4103,"དེ་བས་ཕྱོགས་འཛིན་བདག་ལྟའི་གཟེབ་བོར་ལ་ཡིན་མིན་མེད་པའི་རིག་པ་ཕྱོགས་བྲལ་ནི།"
964553,967219,2666,"མཐའ་གྲོལ་ཀློང་ཡངས་ཆེན་པོར་ཐག་ཆོད་ཅིག །"
967219,970994,3775,"(300) ཉམས་སུ་ལེན་པའི་རང་འགགས་རྣམ་དྲུག་ནི། །ཕྱི་རོལ་གཟུང་བའི་ཤེས་པ་རང་འགགས་དང༌། །"
970994,974786,3792,"ནང་གི་འཛིན་རྟོག་ཤེས་པ་རང་སར་འགགས། །གསང་བ་སྣང་ངོ་དམིགས་པ་རང་འགགས་དང༌།"
974786,983871,9085,"ཁོ་ན་ཉིད་དྲན་ཆད་ཆོད་རང་འགགས་དང༌། །མཐར་ཐུག་ཉམས་སྣང་རང་ངོ་རང་འགགས་དང༌། །"
983871,987938,4067,"མཉམ་རྗེས་རེས་འཇོག་རིག་པ་རང་འགགས་ཏེ། །འདི་དྲུག་མཐར་ཕྱིན་དགོངས་པ་ཟད་སར་སྐྱོལ། །"
987938,992132,4194,"ད་འདི་རྫོགས་པ་ཆེན་པོའི་ལྟ་བ་སྐད་ཆ་ཡིན་ས་རེད་ཅི་གོ་ཡི་མིན་འདུག །"
992132,995202,3070,"ཉམས་སུ་ལེན་པའི་འགག་དྲུག་ཡོད། གང་རེད་ཟེར་ན།"
995202,998378,3176,"ཕྱི་རོལ་གྱི་བཟུང་བའི་ཡུལ་ལ་སེམས་ཆགས་པ་འདི་"
998378,1001897,3519,"རང་ཤུགས་འགག་འགྲོ་རྒྱུ་ཞིག་གཉེན་པོ་བསྟེན་མི་དགོས་པ་དང༌།"
1001897,1008210,6313,"ནང་གིའང་ཡུལ་འདི་ལ་ཆགས་སྡང་གི་འཛིན་པ་རྟོག་པ་ནང་གི་ལྟ་བ་རྟོགས་འོང་དུས་"
1008210,1012484,4274,"རང་སར་འགགས་པ་དང༌། གསང་བའི་བཟང་ངན་གྱི་མཐོང་བ་གང་ཡིན་པ་དེ་ལ༌།"
1012484,1016994,4510,"བཟང་པོ་ལ་ཞེན་པ། ངན་པ་ལ་ཆགས་པ་རེ་དོགས་ཐམས་ཅད་རང་འགགས།"
1016994,1020535,3541,"ཆོས་ཐམས་ཅད་ཀྱི་གནས་ལུགས་དེ་ཁོ་ན་ཉིད་ཀྱི་ངོ་བོ་འདི་"
1020535,1023727,3192,"དམིགས་མེད་ཀྱི་དྲན་པའི་སྒོ་ནས་ཇི་ལྟར་ཤེས་པ་དང༌།"
1023727,1028134,4407,"མཐར་ཐུག་ཉམས་ཀྱི་སྣང་བ་ཐམས་ཅད་ཕར་ཟད་སར་བསྐྱལ་ཏེ་རང་ངོ་རང་འགགས་དང༌།"
1028134,1031194,3060,"མཉམ་གཞག་དང་རྗེས་ཤེས་ཀྱི་ཤེས་པ་གཉིས་པོ་འདི་"
1031194,1033763,2569,"ཁྱད་པར་མེད་པར་རང་འགགས་ཏེ་འདི་དྲུག་མཐར་ཕྱིན་ན་"
1033763,1035945,2182,"དགོངས་པ་ཟད་ས་ལ་འཁྱོལ་བ་ཡིན།"
1035945,1039810,3865,"(301) མ་འདས་དྲུག་གིས་ཉམས་སུ་བླང་བ་ནི། །རང་ལུས་རྒྱལ་བའི་དཀྱིལ་འཁོར་མ་འདས་དང༌། །"
1039810,1043392,3582,"ངག་བརྗོད་གསུང་གི་འགྲོ་དོན་མ་འདས་དང༌། །ཡིད་ནི་ཆོས་སྐུའི་དགོངས་པ་མ་འདས་དང༌། །"
1043392,1047212,3820,"བཟའ་བཏུང་བདུད་རྩིའི་མཆོད་ལས་མ་འདས་དང༌། །འགྲོ་འདུག་སྒྱུ་མའི་འཕྲིན་ལས་མ་འདས་དང༌། །"
1047212,1050961,3749,"ཉམས་ལེན་ཆོས་ཉིད་དོན་ལས་མ་འདས་དང༌། །རྣམ་པ་དྲུག་ལ་གང་གིས་བསླབས་གྱུར་པ། །"
1050961,1053018,2057,"གསང་མཆོག་རྒྱལ་པོའི་མཛོད་ལ་སྤྱོད་པ་ཡིན། །"
1053018,1055240,2222,"ཞེས་པ་སྟེ། ཆོས་ཉིད་ཀྱི་གནད་རྟོགས་སོང་ན།"
1055240,1059875,4635,"དཔེར་ན་མེ་མེའི་ཚ་བ་ལས་འདས་ཀྱི་མ་རེད། དེ་ལྟ་བུ་ཉམས་ལེན་དྲུག་ཡོད།"
1059875,1064154,4279,"རང་གི་ལུས་འདི་གདན་གསུམ་ཚང་བའི་དཀྱིལ་འཁོར་ལས་གཏན་ནས་འདས་མེད་པས།"
1064154,1066276,2122,"དེ་ལུས་ཐ་མལ་གྱི་འདུ་ཤེས་བཞག་མི་དགོས།"
1066276,1071220,4944,"ངག་གི་སྨྲ་བརྗོད་ཐམས་ཅད་སྐྱེ་མེད་སྤྲོས་པ་དང་བྲལ་བ་སངས་རྒྱས་གསུང་གི་ཐོས་ཚད་"
1071220,1073818,2598,"རང་གྲོལ་དུ་གྲུབ་པ་ཡིན་ཏེ་དེ་ལས་མ་འདས་པ་ཡིན།"
1073818,1078302,4484,"ཡིད་རང་གྲོལ་གྱི་དགོངས་པ་རྟོགས་ཟིན་ནས་ཆོས་སྐུའི་དགོངས་པ་ཟེར་"
1078302,1082584,4282,"རང་རིག་ཡིད་ཉམས་མྱོང་དེ་ལས་ཐ་དད་པ་ཞིག་མེད་དུས་དེ་མ་འདས།"
1082584,1086209,3625,"བཟའ་བཏུང་ཐམས་ཅད་གདན་གསུམ་ཚང་བའི་དཀྱིལ་འཁོར་ལ་མཆོད་པ་བྱས་བཞག་ན་"
1086209,1088748,2539,"བདུད་རྩིའི་མཆོད་པ་ལས་མ་འདས་པ་དང༌།"
1088748,1092248,3500,"འགྲོ་བ་དང་འདུག་པ་ཐམས་ཅད་ཆོས་ཉིད་ཀྱི་ལྟ་བ་དང་མ་བྲལ་ན་"
1092248,1095359,3111,"རྐང་གཉིས་རྡུལ་ཚོན་གྱི་ཐིག་ལེ། བསྙེན་སྒྲུབ་དཀྱིལ་འཁོར་གྱི་སྒྲུབ་པ།"
1095359,1098923,3564,"སྒུལ་བསྐྱོད་ཕྱག་རྒྱའི་རང་བཞིན་ཡིན་པས་དེ་ལས་མ་འདས་པ་དང༌།"
1098923,1101609,2686,"མཉམ་བཞག་དང་རྗེས་ཐོབ་གང་ཡིན་ན་ཉམས་ལེན་ཐམས་ཅད་"
1101609,1105345,3736,"ཆོས་ཉིད་ཀྱི་དོན་ལས་མ་འདས་པ། དེ་མ་འདས་པ་རྣམ་པ་དྲུག་ལ་"
1105345,1106968,1623,"གང་གིས་བསླབས་པར་གྱུར་པ་འདི་ནི།"
1106968,1109800,2832,"གསང་མཆོག་རྒྱལ་པོ་རྫོགས་པ་ཆེན་པོའི་མཛོད་ལ་སྤྱོད་དུས་"
1109800,1112331,2531,"རྫོགས་པ་ཆེན་པོའི་མཛོད་བདག་ཡིན་འགྲོ་ལེ་ཡིན་ས་རེད།"
1112331,1116301,3970,"(302) འཁོར་བའི་རང་བཞིན་དཔེ་དྲུག་བསྟན་པ་ནི། །གང་ཡང་བདེན་མེད་སྒྱུ་མའི་སྐྱེས་བུ་འདྲ། །"
1116301,1120174,3873,"དེ་བཞིན་འཁྲུལ་སྣང་སྣ་ཚོགས་རྨི་ལམ་འདྲ། །སྣང་དུས་རང་བཞིན་མེད་པ་ཆུ་ཟླ་འདྲ། །"
1120174,1123955,3781,"བཟང་ངན་བདེ་སྡུག་འགྱུར་བས་སྤྲིན་དང་འདྲ། །ཚོར་དང་མ་ཚོར་མི་རྟག་ཟིལ་པ་འདྲ། །"
1123955,1127996,4041,"རང་བྱུང་རང་ཞིག་ཆུ་ཡི་ཆུ་བུར་འདྲ། །དེ་ལྟར་རྒྱུད་ལ་སྦྱར་ཏེ་བསྒོམ་པ་གཅེས། །"
1127996,1133061,5065,"གསུངས་ནས་བཟུང་སྟེ། ད་ཡང་འཁོར་བའི་རང་བཞིན་ལ་མི་རྟག་པའི་དཔེ་དྲུག་ཡོད།"
1133061,1137807,4746,"གང་རེད་ཟེར་ན། ཚེ་འདིའི་སྣང་བ་བཟང་ངན་གང་ཡིན་ན་བདེན་པར་གྲུབ་པ་ཅུང་ཟད་ཡོད་མ་རེད།"
1137807,1140438,2631,"སྒྱུ་མ་མཁན་གྱི་རིག་སྔགས་ཀྱིས་རྟ་དང་གླང་པོ།"
1140438,1142893,2455,"སྐྱེས་པ་བུད་མེད་དུ་སྤྲུལ་སྤྲོས་སྣང་འདྲ་འདྲ་ཡིན།"
1142893,1147971,5078,"དེ་བཞིན་དུ་བཟང་ངན་གྱི་འཁྲུལ་སྣང་འདི་ཐམས་ཅད་དོ་དགོང་གི་རྨི་ལམ་དང་འདྲ་འདྲ་ཡིན།"
1147971,1151959,3988,"གང་ཡང་འདི་ལ་རྗེས་གཅོད་བྱེད་རྒྱུ་མེད།"
1151959,1155831,3872,"ཚོགས་དྲུག་གི་སྣང་བ་གང་འབྱུང་ནའང་འདི་ལ་རིགས་པས་ངོ་མ་བརྟགས་བཞག་ན་"
1155831,1159081,3250,"རང་བཞིན་མེད་པ་ཆུ་ནང་གི་ཟླ་གཟུགས་དང་འདྲ་བ་ཡིན།"
1159081,1163302,4221,"རང་ལ་བཟང་པོའི་ཡོན་ཏན་འབྱུང་ན་འདྲ། ངན་པའི་སྡུག་བསྔལ་འབྱུང་ན་འདྲ་"
1163302,1167774,4472,"བདེ་སྡུག་ཐམས་ཅད་ནམ་མཁའི་སྤྲིན་དང་འདྲ་བ། ད་ལྟ་ཡོད་ན་ད་ལྟ་མེད།"
1167774,1170240,2466,"རེས་འགའ་དཀར་པོ། རེས་འགའ་ནག་པོ་མཐོང་རེད།"
1170240,1174087,3847,"བདེ་སྡུག་གི་ཚོར་བ་འདི་ཚོར་བས་ཉམས་སུ་མྱོང་བ་དང༌།"
1174087,1178155,4068,"མ་ཚོར་བ་ཐམས་ཅད་མི་རྟག་པ་རྩྭ་ཁའི་ཟིལ་པ་དང་འདྲ་བ་ཡིན།"
1178155,1181139,2984,"རང་བཞིན་དེའི་མཚན་ཉིད་འདི་རྟོགས་སོང་ན།"
1181139,1185012,3873,"དཔེར་ན་ཆུའི་ནང་གི་ལྦུ་བ་ཐམས་ཅད་གཉེན་པོ་གཞན་དུ་བསྟེན་མི་དགོས་པ་"
1185012,1186979,1967,"རང་ཤུགས་ཀྱིས་རང་གིས་རང་མེད་འགྲོ་རེད་དུས།"
1186979,1193737,6758,"ཆུའི་ཆུ་བུར་དང་འདྲ་བ་སྟེ་དེ་ལྟར་རྒྱུད་ལ་སྦྱར་ཏེ་བསྒོམ་པ་གཅེས་སོ།"
1193737,1199374,5637,"(303) །མྱང་འདས་རང་བཞིན་དཔེ་དྲུག་བསྟན་པ་ནི། །སྣ་ཚོགས་སེམས་ཉིད་འདུས་པ་ཉི་ཟེར་སྙིང་པོ་འདྲ། །"
1199374,1203695,4321,"སེམས་ཉིད་སྐྱོན་གྱིས་མ་གོས་འདམ་གྱི་པདྨ་འདྲ། །ཡོན་ཏན་ལྷུན་གྱིས་གྲུབ་པ་ཡིད་བཞིན་ནོར་བུ་འདྲ། །"
1203695,1209635,5940,"རང་གསལ་རྟོག་པས་མ་བསྒྲིབས་ཉི་ཟླ་སྤྲིན་བྲལ་འདྲ། །ཀུན་ཁྱབ་ཕྱོགས་ལྷུང་མེད་པ་སྟོང་གསལ་ནམ་མཁའ་འདྲ། །"
1209635,1216079,6444,"ཀུན་རྫོབ་འཕེལ་འགྲིབ་མེད་པས་རྒྱ་མཚོ་ཆེན་པོ་འདྲ། །དེ་ལྟར་སུས་ཤེས་འཁོར་འདས་གཉིས་མེད་གྲོལ། །"
1252899,1255802,2903,"མྱ་ངན་ལས་འདས་པའི་རང་བཞིན་དཔེ་དྲུག་བསྟན་པ་ནི།"
1255802,1260965,5163,"སྣ་ཚོགས་སྣང་བའི་སེམས་འདི་འཁོར་འདས་སྣ་ཚོགས་པ་དག་མ་དག་སྣ་ཚོགས་མཐོང་བ་འདི།"
1260965,1265154,4189,"དཔེར་ན་ཉི་མ་འདི་འོད་ཟེར་ཤར་འོང་དུས་འོད་ཟེར་འདི་ཉི་མ་ཡོད་ན་ཡོད་རྒྱུ་རེད།"
1265154,1269574,4420,"ཉི་མ་མེད་ན་མེད་རྒྱུ་རེད་དུས། དེ་ཕྱིར་ན་སྣ་ཚོགས་པའི་སྣང་བ་འདི་ཐམས་ཅད་"
1269574,1273776,4202,"སེམས་ཀྱི་རང་རྩལ་འདི་ཡིན། སེམས་ཀྱི་ངོ་བོ་གནས་ལུགས་འདི་གོ་སོང་ན་"
1273776,1277540,3764,"སེམས་སྟོང་པ་ཉིད་རེད་དུས། སེམས་ཉིད་སྟོང་པ་ཉིད་ལ་ལས་དང་ཉོན་མོངས་པའི་སྐྱོན་གྱིས་"
1277540,1280187,2647,"མ་གོས་པ་འདམ་གྱི་པདྨ་དང་འདྲ་བ་ཡིན།"
1280187,1284492,4305,"སེམས་ཀྱི་ངོ་བོ་ལ་སྐུ་དང་ཡེ་ཤེས་ཐམས་ཅད་ཡེ་ནས་ཏིལ་ལ་མར་བཞིན་དུ་"
1284492,1287801,3309,"ཡོན་ཏན་ལྷུན་གྱིས་གྲུབ་པས་ན་ཡིད་བཞིན་གྱི་ནོར་བུ་དང་འདྲ་བ་ཡིན།"
1287801,1291459,3658,"སེམས་འདི་གཏིང་གསལ་ཆེན་པོ་ཡིན་པས་ན་"
1291459,1296892,5433,"རང་གསལ་རྟོག་པའི་ལས་ཉོན་གྱིས་མ་བསྒྲིབས་པ་ཉི་མ་སྤྲིན་དང་བྲལ་བ་ལྟ་བུ་ཡིན།"
1296892,1299599,2707,"སེམས་འདི་འཁོར་འདས་ཀུན་ལ་ཁྱབ་ཅིང་སེམས་ཁོ་རང་"
1299599,1302822,3223,"སྟོང་ཉིད་ཕྱོགས་ལྷུང་མེད་པའི་སྟོང་གསལ་ནམ་མཁའ་དང་འདྲ་བ་ཡིན།"
1302822,1308539,5717,"སེམས་ཀྱི་ངོ་བོ་དེ་ལ་ཡོན་ཏན་ཡོད་པས་ཡར་འཕེལ་ཡག་བཞག་རྒྱུ་དང༌།"
1308539,1312969,4430,"སྐྱོན་ཡོད་པས་མ་སྡུག་བཞག་རྒྱུ་འགྲིབ་པ་མེད་པ་རྒྱ་མཚོ་ཆེན་པོ་དང་འདྲ་བ་ཡིན།"
1312969,1315093,2124,"དེ་ལྟར་སུས་ཤེས་ན་འཁོར་བ་སྤང་བྱ་མེད།"
1315093,1317960,2867,"མྱང་འདས་བླང་རྒྱུ་མེད་གཉིས་མེད་ཆེན་པོ་གྲོལ་བ་ཡིན།"
1317960,1323973,6013,"(304) གཅེས་པ་དྲུག་གིས་རང་ལ་བསྐུལ་བ་ནི། །རང་འདུན་རང་གིས་བཅད་དེ་ཆོས་ལ་འཇུག་པ་གཅེས། ། རང་བསྐུལ་རང་ལ་བཏབ་སྟེ་དགེ་སྦྱོར་བསྐུལ་བ་གཅེས། །རང་གྲོས་རང་ལ་བཏབ་སྟེ་གཉེན་པོ་བསྟེན་པ་གཅེས། ། རང་ལས་རང་གིས་བྱས་ཏེ་དཀའ་བ་སྤྱད་པ་གཅེས། །རང་མགོ་རང་གིས་བཏོན་ཏེ་སྒྲུབ་པ་མཐར་ཕྱིན་གཅེས། ། རང་གཉེན་རང་གིས་བསྐྱངས་ཏེ་འགྲོ་དྲུག་བསྒྲལ་བ་གཅེས། ། སྤྱི་ཡི་གདམས་ངག་ཡིན་པས་སེམས་ལ་ཞོག ། དེ་ནས་གཅེས་པ་དྲུག་གིས་རང་ལ་རང་བསྐུལ་བ་གདབ་པ་འདི་ནི། རང་འདུན་རང་གིས་བཅད་དེ་ཆོས་ལ་འཇུག་པ་གཅེས། །ཟེར།"
1323973,1326405,2432,"རང་ཐག་རང་གིས་བཅད་དམ་པའི་ཆོས་ལ་འཇུག །"
1326405,1330208,3803,"ཕ་མ་གཉེན་བཤེས་ལ་སོགས་པས་འཇིག་རྟེན་གྱི་བྱ་བ་བྱེད་ཟེར་ན་"
1330208,1334397,4189,"ཁ་མི་ཉན་དེ་འདྲ་བྱེད་དགོས་གསུངས། དེ་ནས་རང་གི་བསྐུལ་མ་རང་གིས་བཏབ་སྟེ།"
1334397,1338865,4468,"རང་གི་དགེ་རྒན་རང་གིས་བྱེད་ནས་དགེ་སྦྱོར་ལ་རྩེ་གཅིག་ཏུ་བསྐུལ་བ་གཅེས།"
1338865,1344106,5241,"དུས་དང་རྣམ་པ་ཀུན་ཏུ་རང་གི་གྲོས་རང་ལ་བཏབ་སྟེ།"
1344106,1347697,3591,"རང་གིས་ད་ལྟ་སྡིག་པ་བྱེད་ཀྱི་འདུག་དང༌། དགེ་བ་བྱེད་ཀྱི་འདུག་ལྟ།"
1347697,1351194,3497,"སྡིག་པ་བྱེད་ཀྱི་འདུག་ན་གཉེན་པོ་བསྟེན་ཏེ་བཤགས།"
1351194,1354853,3659,"དགེ་བ་བྱེད་ཀྱི་འདུག་ན་གོང་འཕེལ་དུ་བྱེད་དེ་རང་གིས་"
1354853,1362468,7615,"རང་ལ་བཟང་བསླབ་དགོས་རེད་གསུངས་རེད། རང་ལས་རང་གིས་འདེད་དེ་ཟེར།"
1362468,1366630,4162,"རང་གི་དོན་དག་གི་ལས་ཀ་ཞིག་ཡོད་ན། རང་གིས་རང་ལ་བསྐུལ་བ་གདབ་དགོས་རེད་མ་གཏོགས།"
1366630,1369936,3306,"གཞན་གྱི་ངོ་སྲུང་ལ་སོགས་དམིགས་ནས་བྱེད་ཉན་རྒྱུ་མ་རེད།"
1369936,1374779,4843,"དཔེར་ན་དཔོན་པོའི་ཁྲིམས་དང༌། དགེ་འདུན་སྤྱི་ཁྲིམས་ཀྱི་ཁྲིམས་ལྟ་བུ་མ་ཡིན་པ།"
1374779,1377269,2490,"རང་ལས་རང་གིས་བྱས་ཏེ། ལྟོགས་ན། འཁྱག་ན་"
1377269,1380037,2768,"དམ་པའི་ཆོས་བློས་མི་གཏོང་བ་དཀའ་བ་སྤྱད་པ་གཅེས།"
1380037,1382868,2831,"དེ་ལྟར་བྱས་ན་དེ་ནས་རང་མགོ་རང་གིས་འཐོན་འོང་དུས།"
1382868,1386128,3260,"ཚེ་དང་སྒྲུབ་པ་མཉམ་པ་མཐར་ཕྱིན་པ་གཅེས་པ་ཡིན།"
1386128,1390436,4308,"དེ་ནས་ཚེ་དང་སྒྲུབ་པ་མཉམ་ཚར་ནས་བཟུང་རང་གི་གཉེན་འཁོར་རང་གིས་བསྐྱངས་བཞག་ཡོད།"
1390436,1393489,3053,"དེ་ནས་རང་གི་གཉེན་རེད་ཟེར་དུས་ཕ་མ་སྤུན་མཆེད་མ་རེད།"
1393489,1395071,1582,"འགྲོ་བ་རིགས་དྲུག་གི་སེམས་ཅན་རེད།"
1395071,1398687,3616,"དེ་ཐམས་ཅད་ལ་རང་གིས་ཕན་གང་ཐུབ་བྱས་པ་ཡིན།"
1398687,1402160,3473,"སྤྱི་ཡི་གདམས་ངག་ཡིན་པས་རང་གི་སེམས་ལ་ཞོག །གསུངས།"
1402160,1405194,3034,"དེ་སྤྱི་ཡི་གདམས་ངག་ཡིན་རང་གི་སེམས་ལ་ཞོག །"
1410324,1413766,3442,"(305) རྒྱུད་དང་དགེ་སྦྱོར་བསྲེ་བའི་ཆོས་དྲུག་ནི། །དགེ་སྡིག་ཅི་བྱས་ཡང་ཡང་བརྟག་པར་བྱ། །"
1413766,1420238,6472,"ཐ་མལ་རང་གའི་རྣམ་རྟོག་གདུལ་བར་བྱ། །རྟག་ཏུ་གུས་པས་གསོལ་བ་ཡེང་མེད་གདབ། ། བཀའ་དང་བསྟན་བཅོས་གསུང་བཞིན་ནན་ཏན་བྱ། །རྟོགས་པའི་གདེང་གིས་རང་སྣང་བསླང་བར་བྱ། ། ཅི་བྱེད་ཕྱོགས་བྲལ་དགོངས་པས་ཟིན་པར་བྱ། །དེ་ལྟར་བྱས་ན་ཐར་ལམ་བྱང་ཆུབ་འགྲུབ། །"
1420238,1427677,7439,"གསུངས་དུས། རང་གི་སེམས་རྒྱུད་དེ་དང་དགེ་སྦྱོར་གཉིས་རོ་གཅིག་ཏུ་འདྲེས་ན།"
1427677,1432894,5217,"ཆོས་དང་སེམས་རྒྱུད་འདྲེས་དུས་ཆོས་ཉམས་ལེན་བྱས་པའི་གོ་ཆོད་གསུངས་དུས་དེ་འདྲེས་དགོས།"
1432894,1436006,3112,"དེ་འདྲེས་འབྱེད་འདི་ལ་ད་ལྟ་དགེ་སྦྱོར་དང་སེམས་གཉིས་བསྲེ་དགོས།"
1436006,1441173,5167,"བསྲེ་བའི་ཆོས་ཅི་རེད་ཟེར་ན། རང་གི་ལུས་ངག་ཡིད་གསུམ་གྱིས་དགེ་བ་སྡིག་པ་ཅི་བྱེད་འདི་"
1441173,1445663,4490,"ཡང་ཡང་དྲན་པས་བཟུང་ནས། དགེ་བ་བྱས་འདུག་ན་དེ་དགེ་བ་ལ་སྤྲོ་བ་བྱེད་དེ་"
1445663,1448769,3106,"ཡང་ནས་ཡང་དུ་རྒྱ་ཆེ་རུ་གཏོང༌། སྡིག་པ་བྱེད་ཀྱི་ཡོད་ན་"
1448769,1451595,2826,"སྡིག་པ་བྱས་པ་ལ་འགྱོད་པ་བསྐྱེད་དེ་བཤགས་པ་བྱ་དགོས།"
1451595,1455779,4184,"ཐ་མལ་རང་གའི་རྣམ་རྟོག་གདུལ་བར་བྱ། །ཟེར་དེ་ནས་ཡང་ནས་ཡང་དུ་ལྟ་དུས་"
1455779,1459363,3584,"དེ་ནས་རྣམ་རྟོག་འདི་སྐྱག་ལང་དུ་ཤོར་བཞག་ན་འཁྲུལ་བྱེད་འདི་རེད་དུས།"
1459363,1463185,3822,"རྣམ་རྟོག་སྐྱག་ལང་དུ་མི་བཏང་བ་མགོ་མནན་ཏེ་འདུལ་དགོས།"
1463185,1468791,5606,"མགོ་མནན་ཏེ་འདུལ་བར་འགྱུར་པའི་ཚེ་ན་དུས་རྟག་ཏུ་རྣམ་རྟོག་སྐྱག་ལང་མི་ཤོར་བ་དང༌།"
1468791,1472871,4080,"འཁྲུལ་པའི་ལས་མི་བསགས་པ་དང༌། སེམས་དང་ཆོས་རྒྱུད་འདྲེས་པའི་རྟག་ཏུ་གུས་པས་"
1472871,1475254,2383,"བླ་མ་ལ་གསོལ་བ་ཡང་ནས་ཡང་དུ་བཏབ་སྟེ།"
1475254,1478560,3306,"སྐྱིད་སྡུག་ལེགས་ཉེས་ཅི་འབྱུང་ནའང་ཡེང་བ་མེད་པའི་སྒོ་ནས་གདབ།"
1478560,1483884,5324,"དེ་ལྟར་གསོལ་བ་འདེབས་ཚར་དུས་སངས་རྒྱས་ཀྱི་བཀའ་དང་བསྟན་བཅོས་"
1483884,1487306,3422,"ཉམས་ལེན་གཞུང་ནས་ཅི་འདྲ་གསུངས་པ་བཞིན་དུ།"
1487306,1490571,3265,"རང་གི་ལུས་ངག་ཡིད་གསུམ་གྱི་སྤྱོད་པ་འདི་སངས་རྒྱས་ཀྱི་བཀའ་དང་"
1490571,1495205,4634,"རྗེས་འཇུག་གི་བསྟན་བཅོས་དང་མཐུན་པ་ཅན་ཞིག་ཨེ་ཐོན་མི་ཐོན་ལྟ་ཡང་ནས་ཡང་དུ་བྱས་ན།"
1495205,1499400,4195,"དམ་པའི་ཆོས་ལ་རིམ་གྱིས་རྒྱུད་གོམས་ཡོང་རྒྱུ་རེད་དུས་ནན་ཏན་བྱ།"
1499400,1505007,5607,"དེ་ལྟར་ནན་ཏན་བྱེད་དུས་ཆོས་ཉིད་ཀྱི་ལྟ་བ་རྟོགས་པ་འདི་གདེང་ཞིག་ཐོབ་སོང་ན།"
1505007,1509646,4639,"རང་གི་སྣང་བ་ཐམས་ཅད་ཆོས་ཀྱི་གྲོགས་སུ་འགྱུར་བས་བསླང་བར་བྱ།"
1509646,1513433,3787,"ལུས་ངག་ཡིད་གསུམ་གྱིས་ཅི་བྱེད་ཐམས་ཅད་ངས་འདི་འདྲ་བ་"
1513433,1517747,4314,"དགེ་བ་རྒྱ་ཆེན་པོ་ཞིག་བྱས་བཞག་ཡོད་བསམ་ནས་མཆོག་འཛིན་མེད་པ་དང༌།"
1517747,1523233,5486,"ང་ལ་ཡོན་ཏན་འདི་ཡོད་བསམ་རྒྱུའི་ང་རྒྱལ་ལ་སོགས་པ་མེད་པས།"
1523233,1529082,5849,"དགེ་བ་བྱས་ནི་བྱས་པ་ལ་སྒྱུ་མ་དང་རྨི་ལམ་ལྟ་བུའི་ངང་ནས་བྱེད།"
1529082,1532988,3906,"བྱེད་པ་དེ་ལའང་འཛིན་པ་མེད་པ་ཞིག་དགེ་བ་རྒྱ་ཆེན་པོ་བྱེད།"
1532988,1536618,3630,"ད་རུང་འདི་བས་ཆེ་ཙམ་ཞིག་བྱེད། སངས་རྒྱས་དང་བྱང་ཆུབ་སེམས་དཔའ་"
1536618,1540283,3665,"འདི་ལྟ་བུ་མང་པོ་ཡོད་རེད་བསམ་ཡང་ནས་ཡང་དུ་ཟིན་པར་བྱ།"
1540283,1544880,4597,"དེ་ལྟར་བྱས་ན་ཐར་པ་བྱང་ཆུབ་ཀྱི་ལམ་འདི་མྱུར་དུ་འགྲུབ་པར་འགྱུར་བ་ཡིན།"
1567458,1571215,3757,"མི་ཆོས་རང་ཉིད་ཀྱི་འདུན་མ་འདི་དམ་པའི་ཆོས་ལ་ཡིན་པ་ལྟ་སྟེ།"
1571215,1575306,4091,"ཐག་རང་གིས་བཅད་དེ་ཕ་རྒན་དང་ཞང་རྒན་ཕ་ཡུལ་གཅིག་ལ་མི་བལྟ།"
1575306,1578247,2941,"དམ་པའི་ཆོས་ལ་འཇུག་པ་གཅེས་པ་ཡིན།"
1578247,1580512,2265,"དེ་ནས་ཆོས་ལ་འཇུག་པ་དེའི་སྐབས་སུ་"
1580512,1583703,3191,"རང་གི་དགེ་རྒན་རང་གིས་བྱེད་དེ་འཆི་བ་མི་རྟག་པ་དང༌།"
1583703,1585983,2280,"འཁོར་བའི་ཉེས་དམིགས་དྲན་པས་རང་ལ་བསྐུལ་བ་བཏབ།"
1585983,1589204,3221,"དུས་རྟག་ཏུ་གཉིད་ཁུག་ཁུག་དགེ་སྦྱོར་བསྐུལ་བ་གཅེས།"
1589204,1592429,3225,"རང་གི་བསམ་བློའི་གྲོས་ཐམས་ཅད་རང་ལ་བཏབ།"
1592429,1596628,4199,"ཐོག་མེད་ནས་ད་ལྟ་ཡན་ཆོད་དུ་འཁོར་བའི་ཆགས་སྡང་ལ་རྩ་བ་མིན་འདུག །"
1596628,1601265,4637,"ད་དམ་པའི་ཆོས་བསྒྲུབ་དགོས་འདུག་བསམ་ཐོས་བསམ་སྒོམ་གསུམ་གྱི་གཉེན་པོ་བསྟེན་པ་གཅེས།"
1601265,1605089,3824,"དེ་ནས་ཆོས་སྒྲུབ་པའི་སྐབས་དེ་ན་ལ་རང་གི་དོན་དག་"
1605089,1609661,4572,"ད་ལྟ་རང་དོན་རང་གཅེས་ཀྱི་སྒོ་ནས་རང་གི་ལས་བྱས།"
1609661,1614004,4343,"དེ་ཚེ་ལྟོགས་ན། འཁྱག་ན། སྟོད་འབོག་ཀྱང་མི་གྱོན།"
1614004,1618156,4152,"ཤའང་མི་ཟ་དཀའ་བ་སྤྱད་པ་གཅེས། རང་མགོ་རང་གིས་བཏོན་ཏེ་"
1618156,1621478,3322,"དམ་པའི་ཆོས་ལ་ཐོག་མར་ཐོས་པ་བྱེད། བར་དུ་བསམ་པ་བྱེད།"
1621478,1624929,3451,"ཐ་ཀ་སྒྲུབ་པ་བྱས་ནས་རྟོགས་པའི་བཙན་ས་ཟིན་པ་གཅེས།"
1624929,1628177,3248,"རང་གི་གཉེན་ཕ་མ་བུ་བརྒྱུད་ལ་སོགས་པ་མི་བསྐྱངས་ཏེ།"
1628177,1631197,3020,"རང་གི་གཉེན་འཁོར་སུ་ཡིན་ཟེར་ན་སེམས་ཅན་འདི་རྣམས་ལ་"
1631197,1635145,3948,"གཞན་ཕན་གྱི་བསམ་པ་བྱས་ན་འདི་སེམས་སངས་རྒྱས་ཐུབ་བསམ་སྟེ་"
1635145,1638554,3409,"སེམས་ཅན་ཐམས་ཅད་ལ་སྙིང་རྗེ་ཆེན་པོའི་སྒོ་ནས་"
1638554,1640284,1730,"འགྲོ་དྲུག་འཁོར་བའི་རྒྱ་མཚོ་ལས་བསྒྲལ་བ་གཅེས།"
1640284,1643039,2755,"དེ་ཆོས་པ་སྤྱི་ཡི་གདམས་ངག་ཡིན་པས་སེམས་ལ་ཞོག ། "