0,5904,5904,"༼རྒྱུད་དང་དགེ༴ བྱང་ཆུབ་འགྲུབ། །འདི་ཡང་བསྐྱར་ནས་གསུངས།༽ རང་གི་སེམས་རྒྱུད་འདི་དང་དགེ་སྦྱོར་གཉིས་བསྲེས་ཏེ་"
5904,9682,3778,"ཆོས་དང་མཐུན་པའི་སེམས་ག་ཚོད་རེད་ཐུབ་བསྲེ་དགོས་རྒྱུ་རེད་དུས།"
9682,14233,4551,"དེ་ཕྱིར་ན་ཞོགས་པ་ཡར་ལང་དུས་ཡིན་ན་འདྲ། མར་ཉལ་དུས་ཡིན་ན་འདྲ་"
14233,18831,4598,"རང་གིས་དགེ་སྡིག་ཅི་བྱས་བརྟག །སྡིག་པ་བྱས་ཡོད་ན་བཤགས་པ་བྱེད།"
18831,21374,2543,"དགེ་བ་བྱས་ཡོད་ན་གོང་འཕེལ་དུ་གཏོང་སྟེ་"
21374,24008,2634,"སེམས་བསྐྱེད་དང་བསྔོ་བས་སྨོན་ལམ་བྱེད་དགོས་པ་ཡིན།"
24008,28846,4838,"ཐ་མལ་རང་ག་བའི་ཆགས་སྡང་གི་རྣམ་རྟོག་འདི་ཐམས་ཅད་སྐྱག་ལང་དུ་མི་གཏོང་བ།"
28846,34951,6105,"ཕག་སྣ་གཏུན་གྱིས་བརྡུང་ན། ཕག་པ་ཕ་ནས་ཚུར་རླུང་ལང་རྒྱུག་འོང་ན་"
34951,38784,3833,"སྣའི་མགོ་དེ་ལ་རྒྱུག་པ་གཞུས་བཞག་ན་ལམ་སེང་ཁ་ཕར་བསྐོར་འགྲོ་རྒྱུ་མ་གཏོགས་"
38784,41297,2513,"ཚུར་རྒྱུག་ཐུབ་མ་རེད་གསུངས་དུས། དཔེ་དེ་བཞིན་དུ་"
41297,46360,5063,"རང་ཐ་མལ་གྱི་རྣམ་རྟོག་ཐམས་ཅད་དྲན་པ་དང་ཤེས་བཞིན་གྱིས་འདུལ་བ་གཅེས།"
46360,50466,4106,"དེ་ནས་དུས་རྟག་ཏུ་དམ་པའི་ཆོས་འདི་ལ་གུས་པའི་སྒོ་ནས་"
50466,55138,4672,"བླ་མ་དང་དམ་པའི་ཆོས་ལ་གསོལ་བ་ཡང་ནས་ཡང་དུ་ཡེངས་པ་མེད་པ་གདབ་དགོས།"
55138,58813,3675,"དེ་ནས་སངས་རྒྱས་ཀྱི་བཀའ་དང་རྗེས་འཇུག་གི་བསྟན་བཅོས་ཀྱི་ནང་ནས་"
58813,62195,3382,"ག་ཚོད་གསུངས་འདུག་ན་དེ་བཞིན་དུ་རང་གིས་ཨེ་ཐོན་མི་ཐོན་བལྟ་སྟེ་"
62195,67193,4998,"ནན་ཏན་དུ་བྱེད་དགོས། དེ་ནས་ནན་ཏན་བྱས་ན་རང་ལ་རྟོགས་པའི་གདེང་འཐོབ་འོང་རྒྱུ་རེད་དུས།"
67193,70473,3280,"རྟོགས་པའི་གདེང་འཐོབ་འོང་ན་བཟང་རྐྱེན་དང་ངན་རྐྱེན་ཐམས་ཅད་"
70473,72684,2211,"རང་གི་སྣང་བའི་ཆོ་འཕྲུལ་མ་གཏོགས་མེད།"
72684,75456,2772,"བཟང་རྐྱེན་ངན་རྐྱེན་ཐམས་ཅད་ལམ་གསལ་འདེབས།"
75456,77130,1674,"ཉམས་ལེན་གྱི་གསལ་འདེབས་འགྲོ་རྒྱུ་མ་གཏོགས་"
77130,80457,3327,"ཉམས་ལེན་གྱི་དགྲ་རུ་མི་འགྲོ་བས་རང་སྣང་བསླང་བར་བྱ།"
80457,84800,4343,"ཅི་བྱེད་ནའང་ཕྱོགས་རིས་ཀྱི་འཛིན་པ་མེད་པ་དང༌།"
84800,88181,3381,"དེ་ལ་ང་རྒྱལ་དང་རློམ་སེམས་མེད་པ་དགོངས་པས་ཟིན་པར་བྱ།"
88181,90438,2257,"དེ་ལྟར་བྱས་ན་ཐར་ལམ་བྱང་ཆུབ་འགྲུབ།"
90439,95913,5474,"(306) ཆོས་བྱེད་རྣམས་ཀྱི་མ་སོང་རྣམ་དྲུག་ནི། །དད་པའི་ཞིང་ས་མེད་ན་བདེ་བའི་འབྲས་མི་འབྱུང༌། །"
107032,111539,4507,"དགེ་བཅུས་ལམ་སྣ་མ་དྲངས་ཆོས་ཀྱི་རྩ་བ་ཤོར། །ད་ལྟའི་ཡུལ་ནས་མ་ཕྱིན་སྙོམས་ལས་སྒྲོག་གིས་བཅིངས། །"
111539,116086,4547,"ཤེས་རབ་མིག་དང་མ་ལྡན་འཁོར་བའི་གཡང་སར་ལྷུང༌། །དེ་ལྟར་མ་སོང་འབད་པས་བསྒྲུབ་པ་གཅེས། །"
116086,123838,7752,"གསུངས། དེ་ནས་རང་ཆོས་བྱེད་པ་རྣམས་ལ་ཆོས་དང་འགལ་བའི་"
123838,126985,3147,"སྤྱོད་པའི་ཕྱོགས་སུ་མ་སོང་བ་རྣམ་པ་དྲུག་དགོས། གང་རེད་ཟེར་ན།"
126985,131386,4401,"དད་པའི་ཞིང་ས་འདི་མེད་ནས་བཟུང་སྟེ་དེ་ནས་ནས་དང་འབྲས་ལ་སོགས་པ་ཡོད་ན་"
131386,134623,3237,"ཞིང་ས་མེད་ན་མང་པོ་འཕེལ་རྒྱུ་དང་འབྲས་བུ་འབྱུང་རྒྱུ་མ་རེད་དུས།"
134623,138378,3755,"དཔེ་དེ་བཞིན་དད་པ་མེད་ན་དགེ་བའི་འབྲས་བུ་འདི་མི་འབྱུང༌།"
138378,140961,2583,"མཁས་བཙུན་བཟང་པོའི་བླ་མ་བསྟེན་རྒྱུ་མེད་ན་"
140961,146052,5091,"རང་གི་རྒྱུད་ལ་ཡོད་པའི་རིག་པ་འདི་ལ་སྒྲིབ་བྱེད་ཀྱི་མ་རིག་པའི་མུན་པ་འདི་མི་སེལ།"
146052,151699,5647,"སྐྱིད་པ་དང་བདེ་བའི་ངང་ནས་དམ་པའི་ཆོས་ཇི་ལྟར་སྤྱོད་པ་མ་སྤྱད་ནས་བཟུང་སྟེ།"
151699,154338,2639,"དེ་ནས་རང་ལ་རང་དབང་ཡོད་པའི་དམ་པའི་ཆོས་མ་བྱས་ན།"
154338,156984,2646,"སྐྱེ་རྒ་ན་འཆི་སྡུག་བསྔལ་གྱི་མཚོ་རྡོལ་འོང་དུས་"
156984,161990,5006,"ཆོས་དྲན་ཡང་འཕྱིས་སོང་བ་ཡིན། དགེ་བ་བཅུས་ལམ་སྣ་མ་དྲངས་ནས་བཟུང་སྟེ་"
161990,167167,5177,"དམ་པའི་ཆོས་ཀྱི་རྩ་བ་ལྟ་བུ་ཤོར་ཏེ་ཉམས་འགྲོ་བ་ཡིན།"
167167,172194,5027,"ད་ལྟའི་ཡུལ་ནས་མ་ཕྱིན་ཆོས་ད་ལྟ་དྲན་ན་ད་ལྟ་ཐོས་པ་བྱེད།"
172194,174391,2197,"བསམ་པ་བྱེད། སྒོམ་པ་ལག་ཏུ་ལེན་མི་བཞག །"
174391,177901,3510,"ག་ལེ་ག་ལེ་ཡིན་བསམ་ན་སྙོམ་ལས་ཀྱི་སྒྲོག་གིས་བཅིངས་ཏེ་"
177901,180291,2390,"ཡུན་རིང་པོ་ཆོས་སྒྲུབ་ནུས་པ་མ་ཡིན།"
180291,182996,2705,"ཐོས་བསམ་སྒོམ་གསུམ་གྱི་ཤེས་རབ་ཀྱི་མིག་དང་མ་ལྡན་ན་"
182996,186257,3261,"ཁམས་གསུམ་འཁོར་བའི་གཡང་ས་ལ་ལྷུང་འགྲོ་བ་ཡིན་པས།"
186257,188568,2311,"དེ་ལྟར་མ་སོང་བ་འབད་པས་བསྒྲུབ་པ་གཅེས།"
188568,193006,4438,"(307) མ་བྱས་རེ་བ་དྲུག་གི་རང་བཞིན་ནི། །སྡིག་སྤྱད་ངན་སོང་སྡུག་བསྔལ་མི་མྱོང་རེ། །"
193006,197182,4176,"དགེ་བ་མ་བྱས་བདེ་འགྲོ་ཐོབ་ཏུ་རེ། །ཉོན་མོངས་མ་སྤངས་འཁྲུལ་བ་འདག་ཏུ་རེ། །"
197182,201478,4296,"ཚོགས་གཉིས་མ་འབད་སངས་རྒྱས་ཐོབ་ཏུ་རེ། །ཅི་བྱེད་ཚེ་འདི་བྱས་པས་ཕྱི་མ་བདེ་རུ་རེ། །"
201478,210154,8676,"ཐར་ལམ་ཆོས་ལ་མ་སྤྱད་འཁོར་བ་མི་འཁྱམ་རེ། །རེ་བ་འདོད་ཀྱང་ཐོག་ཏུ་མི་འབབ་མཆི། །"
210154,215900,5746,"གསུངས་ནས་བཟུང། དེ་ནས་ཡང༌། རྒྱུ་འདི་མ་བྱས་འབྲས་བུ་རེ་བ་བྱེད་བསྡད་ན་"
215900,220634,4734,"རེ་བས་འཐོབ་རྒྱུ་ཡོད་མ་རེད། འདི་རང་བཞིན་འདི་སྡིག་པ་མི་དགེ་བ་སྤྱོད་ན་ནི་"
220634,223776,3142,"ངན་སོང་གི་སྡུག་བསྔལ་མི་མྱོང་བའི་ཐབས་ཡོད་རྒྱུ་མ་རེད་དུས།"
223776,227820,4044,"དེ་ཕྱིར་ན་ངན་སོང་གི་སྡུག་བསྔལ་མྱོང་མི་ཉན་བསམ་ན་ཡང་མྱོང་དགོས་རྒྱུ་རེད།"
227820,231823,4003,"དགེ་བ་རང་གིས་མ་བྱས་པས་བདེ་འགྲོ་ལྷ་དང་མིའི་གོ་འཕང་འཐོབ་དགོས་ན།"
231823,236761,4938,"རྒྱུ་མེད་ན་དཔེར་ན་རང་ཚོང་ཆེན་པོ་རྒྱག་ཤེས་ཀྱི་མ་རེད་དུས་དཔེ་དེ་ལྟ་བུ་ཡིན།"
236761,240244,3483,"རང་གི་རྒྱུད་ལ་ཉོན་མོངས་པ་ཐམས་ཅད་ཆེད་དུ་མ་སྤངས་ན་"
240244,243158,2914,"འཁྲུལ་པའི་སྣང་བ་འདི་ཕར་གཏན་ནས་འདག་ཏུ་མེད་པ་ཡིན།"
243158,246135,2977,"བསོད་ནམས་དང་ཡེ་ཤེས་ཀྱི་ཚོགས་གཉིས་མ་རྫོགས་ནས་བཟུང་སྟེ་"
246135,248255,2120,"རྐང་པ་གཉིས་མེད་ན་འགྲོ་ཤེས་ཀྱི་མ་རེད་དུས་"
248255,251689,3434,"སངས་རྒྱས་ཀྱི་གོ་འཕང་ཐོབ་ཏུ་རེ་བ་འདི་འགྲུབ་རྒྱུ་མེད།"
251689,255690,4001,"སྒོ་ལུས་ངག་ཡིད་གསུམ་གྱིས་བྱ་བ་ཅི་བྱས་ན་"
255690,259207,3517,"འཇིག་རྟེན་ཆོས་བརྒྱད་ཀྱི་བསྟོད་པ། སྙན་པ། རྙེད་པ། བཀུར་སྟི་བྱེད་བསྡད་ན་"
259207,263655,4448,"ཕྱི་མ་བདེ་འགྲོ་འཐོབ་རྒྱུ་མ་རེད། དེ་རྙེད་བཀུར་གྲུབ་ཚར་ན་སྡིག་པ་མ་གཏོགས་མེད།"
263655,266525,2870,"ཐར་ལམ་དམ་པའི་ཆོས་ལ་མ་སྤྱད་ན་ནི་"
266525,268640,2115,"ཁམས་གསུམ་འཁོར་བ་འཁྱམ་མི་ཉན་བསམ་ནའང་"
268640,270500,1860,"མི་འཁྱམ་པའི་ཐབས་ཡོད་རྒྱུ་མ་རེད།"
270500,276890,6390,"འབྲས་བུ་འདི་ལ་རེ་བ་འདི་བྱས། དེ་ནས་རང་རྒྱུ་འདི་མ་སྤྱད་ན་"
276890,279032,2142,"རེ་བ་འདི་ཐོག་ཏུ་མ་འབབ་པ་མཆི།"
279032,282890,3858,"(308) བདེ་འགྲོ་མཐོ་རིས་ཐོབ་པའི་ཆོས་དྲུག་ནི། །སྔོན་བསགས་ལེགས་པར་སྤྱད་པའི་ལས་འཕྲོ་ཡོད། །"
282890,287094,4204,"ད་ལྟ་སྒོ་གསུམ་གཡོ་མེད་དྲང་པོར་གནས། །སེམས་ཅན་རིགས་ལ་རྣམ་པར་འཚེ་བ་མེད། །"
287094,291836,4742,"ལས་འབྲས་དད་པས་དགེ་སྡིག་ཤན་ཐང་ཕྱེད། །ཡང་དག་ངེས་དོན་ལྟ་བ་བཟང་ལ་མོས། །"
291836,295548,3712,"དད་གུས་ལྡན་པས་ཆོས་ལ་བརྩོན་པ་སྟེ། །མཐོ་རིས་དགའ་བདེ་ལག་པའི་མཐིལ་ན་ཡོད། །"
295548,299317,3769,"གསུངས། བདེ་འགྲོ་མཐོ་རིས་འཐོབ་བྱེད་ཀྱི་རྒྱུའི་ཆོས་དྲུག་ཡོད།"
299317,304159,4842,"གང་རེད་ཟེར་ན། སྐྱེ་བ་སྔ་མའང་དགེ་བ་ལེགས་པར་སྤྱད་དེ་"
304159,307116,2957,"ད་ལྟ་སངས་རྒྱས་ཀྱི་བསྟན་པ་དར་བའི་ཡུལ་དུ་སྐྱེས།"
307116,309808,2692,"དལ་འབྱོར་གྱི་མི་ལུས་ཐོབ། བླ་མས་རྗེས་སུ་བཟུང༌།"
309808,312665,2857,"གདམས་ངག་སྒོམ་དུས་ཡོད་པའི་ལས་འཕྲོ་བཟང་པོ་འགྱུར་པ་ཡིན།"
312665,316622,3957,"ད་ལྟ་སྒོ་ལུས་ངག་ཡིད་གསུམ་འདིའང་གཞན་མགོ་སྐོར་རྒྱུ་ལྟ་བུ་"
316622,320137,3515,"སྐྱོན་ཡོད་ནའང་མེད་མདོག་བྱས། ཡོན་ཏན་མེད་ནའང་"
320137,325112,4975,"ཡོད་མདོག་བྱས་པ་མི་གཡོ་སྒྱུ་མེད་པའི་དྲང་པོར་གནས་ན་"
325112,328832,3720,"ཐར་པའི་ལམ་འཐོབ་རྒྱུ་རེད། སེམས་ཅན་གྱི་རིགས་ཐམས་ཅད་ལ་"
328832,332027,3195,"གནོད་པ་གཏན་ནས་མ་བྱས་ན་གཞན་གནོད་གཞི་དང་བཅས་པ་སྤངས་པ་"
332027,335174,3147,"བྱང་ཆུབ་སེམས་དཔའི་ལམ་རེད་དུས་རྣམ་པར་འཚེ་བ་མེད་པ་བྱེད།"
335174,340393,5219,"ལས་རྒྱུ་འབྲས་ལ་ཡིད་ཆེས་ཀྱི་དད་པའི་སྒོ་ནས་དགེ་བ་སྒྲུབ་ག་ཚོད་ཐུབ་ཐུབ།"
340393,343913,3520,"སྡིག་པ་སྤོང་ཐུབ་ཐུབ་བྱེད་ནས་དགེ་སྡིག་གཉིས་མ་འདྲེས་པ་"
343913,347426,3513,"ཤན་ཐང་ཕྱེད་དེ་དགེ་བ་དང་དུ་བླང༌། སྡིག་པ་སྤང་དགོས་རྒྱུ་ཡིན།"
347426,352947,5521,"དེ་ནང་ནས་ཀྱང་ཡང་དག་པ་ངེས་དོན་གྱི་ལྟ་སྒོམ་སྤྱོད་པ་ལ་མོས་ནས་"
352947,356283,3336,"དབུ་མ་ཆེན་པོའི་ལྟ་བ་ཟེར་མཁན་དང༌།"
356283,359759,3476,"གསང་སྔགས་རྡོ་རྗེ་ཐེག་པའི་དག་མཉམ་བདེན་པ་དབྱེར་མེད་ཀྱི་ལྟ་བ།"
359759,363259,3500,"རྫོགས་པ་ཆེན་པོ་གདིང་གི་ལྟ་བ་རི་བོ་ཅོག་བཞག་དེ་ལ་"
363259,367617,4358,"མོས་པ་ཡག་པོ་བྱེད་བསྡདན། དམ་པའི་ཆོས་འདི་ལ་དད་གུས་ལྡན་པས་"
367617,370648,3031,"ཆོས་ལ་བརྩོན་པར་འགྱུར་པ་སྟེ། དེ་ལྟར་བྱེད་བསྡད་ན་"
370648,372668,2020,"མཐོ་རིས་ལྷ་དང་མིའི་དགའ་བདེ་འདི་"
372668,376417,3749,"རང་གི་ལག་པའི་ནང་དུ་ཡོད་པའི་ཕྱིར་ན་ལག་པའི་མཐིལ་ན་ཡོད།"
394676,400221,5545,"དགེ་ལ་སྨོད་ཅིང་སྡིག་པའི་ལས་ལ་བསྟོད། །ཐབས་ཀྱིས་གཞན་བསླུ་གཡོ་དང་སྒྱུར་ལྡན་ཞིང༌། །"
400221,405543,5322,"གཞན་དག་ཕུན་ཚོགས་མཐོང་ལ་ཕྲག་དོག་བྱེད། །ནོར་རྫས་ཞེན་ཆགས་སེར་སྣ་གཏོང་སེམས་མེད། །"
405543,410823,5280,"གཞན་ལ་ཁྱད་གསོད་ང་རྒྱལ་རློམ་སེམས་ཆེ། །འདི་དག་སུ་ལྡན་ངན་སོང་མདུན་ནས་བསུ། །"
410823,413257,2434,"སྡུག་བསྔལ་ཚད་མེད་ཐར་བའི་དུས་མེད་མྱོང༌། །"
413257,418766,5509,"གསུངས་ནས་བཟུང་སྟེ། དུས་རྒྱུན་དུ་སེམས་རྒྱུད་འདི་འདྲའི་གཤིས་ཀ་ཞིག་ཡོད་ན་"
418766,421936,3170,"ངན་སོང་དུ་འགྲོ་བ་ལ་ཐེ་ཚོམ་མེད། དེ་ལ་ཆོས་དྲུག་ཡོད།"
421936,427591,5655,"གང་རེད་ཟེར་ན། རྐྱེན་བཟང་ངན་ཅུང་ཟད་ཙམ་ལའང་རླུང་མང་པོ་ལང་ཞིང་"
427591,435579,7988,"རང་གི་རྒྱུད་འདི་ཚེར་མ་ལྟ་བུ་སུ་དང་གཤིབ་དཀའ་བ་རང་རྒྱུད་རྩུབ་པ་ཡིན་པ་དང༌།"
435579,438527,2948,"དེ་ནས་དགེ་བ་བྱེད་པའི་གང་ཟག་ལ་སྨོད་པ་བྱས།"
438527,441989,3462,"སྡིག་པ་མི་དགེ་བ་མི་དཔའ་བོས་སྲོག་མང་པོ་བཅད་པ་ལྟ་བུ་དང༌།"
441989,445543,3554,"རྐུ་བྱས་པ་ལ་སོགས་པ་སྡིག་པའི་ལས་ལ་བསྟོད་ར་གཏོང་མཁན།"
445543,449494,3951,"རང་ཡང་དེ་ལ་དགའ་བ་དང༌། ཐབས་ཀྱིས་གཞན་ཕ་རོལ་པོ་ལ་"
449494,451679,2185,"གཡོ་སྒྱུས་མགོ་སྐོར་གཏོང་བ་དང་ལྡན།"
451679,454830,3151,"གཞན་ལ་སྟོབས་དང་འབྱོར་བ་མངའ་ཐང༌། སྙན་གྲགས།"
454830,457971,3141,"མཁས་པ་རྩོམ་པའི་ཡོན་ཏན་ཡོད་ན་གང་ཡང་མ་རེད་ཟེར་ནས།"
457971,461003,3032,"རང་གི་ཀླད་ལ་ཤོར་བཞག་རྒྱུའི་ཕྲག་དོག་བྱེད་པ་དང༌།"
461003,464308,3305,"ནོར་རྫས་ལ་ཞེན་ཆགས་ཀྱིས་ཕུགས་སེར་སྣ་བཞག་སྟེ།"
464308,466775,2467,"མཆོད་སྦྱིན་དང་གཏོང་བའི་སེམས་མེད་པ་དང༌།"
466775,469359,2584,"གཞན་གྱི་གང་ཟག་མཁས་པ་ཞིག་ཡོད་ན་དེ་"
469359,472470,3111,"ཡོན་ཏན་ལ་ཡོན་ཏན་དུ་མི་མཐོང་བའི་ཁྱད་དུ་གསོད་པ་དང༌།"
472470,476606,4136,"རང་གི་རྒྱུད་ལ་ཡོན་ཏན་མེད་ནའང་ཡོད་སྙམ་པའི་ང་རྒྱལ་གྱི་"
476606,478665,2059,"རློམ་སེམས་ཆེ་བ་འདི་དག་སུ་དང་ལྡན་ན་"
478665,481981,3316,"ངན་སོང་མདུན་ནས་བསུ་སྟེ་འགྲོ་བ་ཐེ་ཚོམ་མེད་པས།"
481981,484003,2022,"དེ་ངན་སོང་གསུམ་ན་སྡུག་བསྔལ་ཚད་མེད་པའི་"
484003,487101,3098,"ཐར་པའི་དུས་མེད་བག་ཡོད་པ་བྱེད་དགོས།"
487101,490942,3841,"(310) ཐར་ལམ་བསྒྲུབ་པའི་དམ་ཆོས་རྣམ་དྲུག་ནི། །མོས་གུས་དྲག་པོས་བླ་མ་མཁས་བསྟེན་ལ། །"
490942,496602,5660,"ཐོས་བསམ་རྒྱ་སྐྱེད་རྩ་བ་ཆོད་པ་ཡིན། །བྱིན་རླབས་མགོན་སྐྱབས་མེད་ན་བར་མ་དོར། །"
496602,501562,4960,"བར་ཆོད་བདུད་ཀྱིས་བསླུ་བས་དཀོན་མཆོག་ཁུར༌། །དགྲ་གཉེན་ཡིད་འབྱུང་མ་སྐྱེ་ཉོན་མོངས་ཀྱི། །"
501562,506773,5211,"འདམ་ལས་མི་ཐོན་ཆགས་སྡང་བདུད་ལས་ཁྲོལ། །ཤེས་བཞིན་བྱ་རས་མ་ཟིན་ངན་སོང་གི །"
506773,511018,4245,"གཡང་སར་སྐྱུར་པས་བག་ཡོད་རྒྱུན་དུ་བསྟེན། །ཆོས་སྤྱོད་དཔུང་དང་མི་ལྡན་འཁོར་བ་ཡི། །"
511018,518083,7065,"གཡུལ་ངོ་མི་བཟློག་གསོ་སྦྱོང་ལས་ལ་འབད། །དམིགས་མེད་རྩིས་མ་ཟིན་ན་འདུས་བྱས་ཀྱི། །"
518083,522785,4702,"དགེ་བས་བྱང་ཆུབ་མི་འགྲུབ་ཤེས་རབ་སྦྲེལ། །དེ་ལྟར་བརྩོན་ན་བྱང་ཆུབ་མྱུར་དུ་འགྲུབ། །"
522785,527205,4420,"གསུངས་དུས་ཐར་ལམ་སྒྲུབ་པར་བྱེད་པའི་དམ་པའི་ཆོས་ཀྱི་གནད་དྲུག་ཡོད།"
527205,531041,3836,"གང་རེད་ཟེར་ན། སངས་རྒྱས་དངོས་མཐོང་གི་བླ་མ་ལ་མོས་གུས་དྲག་པོས་"
531041,534675,3634,"བླ་མ་བསྟེན་ན་ཐར་ལམ་མ་ནོར་བ་ཡིན་རྒྱུ་རེད།"
534675,537549,2874,"དེ་ནས་བླ་མའི་སྐུ་མདུན་ནས་ཐོས་པ་བསམ་པ་གཏན་ནས་"
537549,542156,4607,"ཆོག་ཤེས་མི་བྱེད་པ་གཡག་ལྟོགས་ཀྱིས་རྩྭ་ཟོས་པ་ལྟ་བུའི་རྒྱ་སྐྱེད་དེ་"
542156,544795,2639,"ལྟ་སྒོམ་སྤྱོད་གསུམ་གྱི་རྩ་བ་ཆོད་དགོས་པ་ཡིན།"
544795,547298,2503,"བྱིན་རླབས་ཀྱི་མགོན་སྐྱབས་མེད་ནས་བཟུང་སྟེ་"
547298,551536,4238,"བར་མ་དོར་བར་དོ་བར་ཆོད་བདུད་ཀྱིས་བསླུ་འོང་བ་ཡིན་པས།"
551536,554961,3425,"དུས་རྟག་ཏུ་དཀོན་མཆོག་གསུམ་པོ་གཙུག་ཏུ་ཁུར་ཏེ་དེ་ལ་གསོལ་བ་འདེབས།"
554961,560637,5676,"དགྲ་ཡིན་ན་སྡང་སེམས་དེ་སྙིང་པོ་མིན་འདུག་བསམ་རྒྱུ་ཕར་གཡུག །"
560637,562494,1857,"གཉེན་ཡིན་ན་ཆགས་སེམས་མི་བཟོ་བསམ་"
562494,565862,3368,"སྙིང་པོ་མིན་འདུག་དེ་ཕར་གཡུག་བཞག་གི་ཡིད་འབྱུང་བ་འདི།"
565862,571113,5251,"ཡིད་སྐྱོ་ཤས་མི་སྐྱེ་ན་ཉོན་མོངས་པ་ཆགས་སྡང་གི་འདམ་ལས་མི་ཐོན་པས་ན་"
571113,576091,4978,"ཆགས་སྡང་གི་བདུད་ལས་ཁྲོལ། དགེ་སྡིག་བླང་དོར་ཇི་ལྟ་བ་བཞིན་དུ་"
576091,580160,4069,"ཤེས་བཞིན་དུ་རང་གི་དྲན་པའི་བྱ་རས་ཀྱིས་དགེ་བ་སྒྲུབ།"
580160,583511,3351,"སྡིག་པ་སྤོང་བའི་བླང་དོར་མ་བྱས་ན་ངན་སོང་གི་གཡང་ས་ལྷུང་བས་"
583511,586786,3275,"བག་ཡོད་དེ་རང་གི་ལུས་ངག་ཡིད་གསུམ་ཅི་བྱེད་ཀྱི་འདུག་བལྟ་སྟེ་"
586786,591405,4619,"བག་ཡོད་འདི་རྒྱུན་དུ་བསྟེན། དམ་པའི་ཆོས་སྤྱོད་པ་ཕྱག་འཚལ་བ།"
591405,594798,3393,"སྐོར་བ་བྱེད་པ། དམ་པའི་ཆོས་ཉན་པ། ཡི་གེའི་བྲི་བ་ལ་སོགས་པའི་"
594798,597644,2846,"ཆོས་སྤྱོད་ཀྱི་དཔུང་དང་མི་ལྡན་ན་ཁམས་གསུམ་འཁོར་བའི་"
597644,603044,5400,"གཡུལ་ངོ་འདི་མི་བཟློག་པས་ན་དུས་རྟག་ཏུ་དགེ་བའི་ཆོས་ཐམས་ཅད་ཁ་གསོ་སྟེ།"
603044,605435,2391,"དགེ་བ་ཆུང་ངུ་ཞིག་ཡོད་ན་ཆེ་རུ་གཏང༌།"
605435,608660,3225,"སྡིག་པ་ཆུང་ངུ་ཞིག་ཡོད་ན་ཕར་སྦྱང་བ་ལ་འབད་པར་འགྱུར་བ་ཡིན།"
608660,612252,3592,"དེ་ཐམས་ཅད་ལའང་སྒྱུ་མ་དང་རྨི་ལམ་ལྟ་བུ་"
612252,615727,3475,"དམིགས་མེད་སྟོང་པ་ཉིད་ཀྱི་རྩིས་མ་ཟིན་ན་འདུས་བྱས་ཀྱི་དགེ་བ་འདི་"
615727,617920,2193,"ཁོང་ཁྲོ་གཅིག་གིས་ཟད་འགྲོ་བ་དང༌།"
617920,620421,2501,"འབྲས་བུ་ལན་གཅིག་སྨིན་ཚར་ནས་བསྐྱར་རྒྱུ་མེད་པས་ན་"
620421,623770,3349,"བྱང་ཆུབ་མི་འགྲུབ་པས་འཁོར་གསུམ་རྣམ་པར་མི་རྟོག་པའི་སྒོ་ནས་"
623770,627123,3353,"ཤེས་རབ་ཀྱིས་སྤེལ་ཏེ། དེ་ལ་སྒྱུ་མ་དང་རྨི་ལམ་ལྟ་བུ་དང་"
627123,629998,2875,"རྒྱལ་བ་སྲས་བཅས་ཀྱི་བསྔོ་བས་རྩིས་ཟིན་པའི་"
629998,632058,2060,"དེ་ལྟར་བརྩོན་ན་བྱང་ཆུབ་མྱུར་དུ་འགྲུབ།"
632058,635848,3790,"(311) ཚོགས་བསགས་དགེ་ལ་འབད་པའི་ཆོས་དྲུག་ནི། །ཡར་ལ་གོང་མའི་བཀུར་སྟི་ཚོགས་ཆེ་བས། །"
635848,641016,5168,"བླ་མ་ཡི་དམ་མཁའ་འགྲོ་མཆོད་པ་གཅེས། །མར་ལ་འོག་མའི་ཕན་འདོགས་ཚོགས་ཆེ་བས། །"
641016,645537,4521,"ཚད་མེད་སྙིང་རྗེས་སྡུག་ཕོངས་བསྐྱང་བ་གཅེས། །ནང་དུ་ཕྱོགས་མེད་དམ་ཆོས་ཚོགས་ཆེ་བས། །"
645537,650191,4654,"ཐོས་པ་བསམ་པ་སྒོམ་པ་བརྩོན་པར་གྱིས། །ཕར་ལ་གཞན་ལ་ཕན་འདོགས་ཚོགས་ཆེ་བས། །"
650191,654545,4354,"སེམས་བསྐྱེད་ཆོས་བཤད་མགོན་སྐྱབས་དཔུང་གཉེན་མཛོད། །ཚུར་ལ་མཚན་མའི་དམིགས་མེད་ཚོགས་ཆེ་བས། །"
654545,660080,5535,"ངར་འཛིན་རློམ་སེམས་མཚན་མར་འཛིན་པ་སྤང༌། །བར་དུ་གནས་ལུགས་བསྒྲུབ་པ་ཚོགས་ཆེ་བས། །"
660080,664800,4720,"མཐར་ཐུག་དོན་གྱི་དཀོན་མཆོག་གསུམ་པོ་བསྒྲུབ། །དེ་ལྟར་སྤྱད་ན་མྱུར་དུ་སངས་རྒྱས་འགྲུབ། །"
664800,673850,9050,"གསུངས་ནས་བཟུང་སྟེ། ལས་ཀ་ཆུང་ཆུང་བྱས་ན་"
673850,677809,3959,"ཚོགས་རྒྱ་ཆེན་པོ་བསགས་པའི་ཆོས་དྲུག་ཡོད། གང་རེད་ཟེར་ན།"
677809,682359,4550,"ཡར་ལ་དཀོན་མཆོག་གསུམ་པོ་དང་བླ་མ་ལ་བཀུར་སྟི་བསྙེན་བཀུར་བྱས་ན་"
682359,686278,3919,"ཚོགས་ཆེ་བསོད་ནམས་ཀྱི་ཚོགས་དཔག་ཏུ་མེད་པ་ཞིག་རྫོགས་འགྲོ་བ་ཡིན་པས་ན་"
686278,688390,2112,"བླ་མ་ཡི་དམ་མཁའ་འགྲོ་ལ་མཆོད་དགོས་པ་ཡིན།"
688390,691665,3275,"མར་ལ་སེམས་ཅན་ཐམས་ཅད་ལ་ཕན་འདོགས་ཀྱི་བསམ་པ་བཟང་པོ་བྱས་ན།"
691665,694644,2979,"དེ་སངས་རྒྱས་གོ་འཕང་སྒྲུབ་པའི་རྒྱུ་མ་ནོར་བ་ཡིན་པས་"
694644,697309,2665,"ཚོགས་ཆེ་བས་ཚད་མེད་པའི་སྙིང་རྗེ་དགྲ་གཉེན་"
697309,699637,2328,"རིས་སུ་མ་ཆད་པ་སྡུག་བསྔལ་ཅན་དང༌།"
699637,702265,2628,"ཕོངས་པའི་སེམས་ཅན་ཐམས་ཅད་བྱམས་པ་དང་སྙིང་རྗེས་བསྐྱང༌།"
702265,707025,4760,"ནང་དུ་ཕྱོགས་རིས་མེད་པའི་དམ་པའི་ཆོས་ཅི་དང་ཅི་ལྟ་བུ་ཡིན་ན་"
707025,709871,2846,"གྲུབ་མཐའ་ཕྱོགས་མེད་ཀྱི་དམ་པའི་ཆོས་ཚུལ་བཞིན་དུ་"
709871,711538,1667,"ཐོས་བསམ་སྒོམ་གསུམ་ཡག་པོ་བྱས་ན།"
711538,714912,3374,"ཐོས་པ་རྒྱ་ཆེན་པོའི་ཡོན་ཏན་རང་ཤུགས་ཀྱིས་རྒྱུད་ལ་འགྲོ་བ་ཡིན་པས་ན་"
714912,719169,4257,"སྒོམ་སྒྲུབ་ལ་བརྩོན་པར་གྱིས། ཕར་གཞན་ལ་ཕན་པ་གང་ཆེ་"
719169,720871,1702,"ལུས་ངག་ཡིད་གསུམ་པོས་ཕན་པ་དང།"
720871,723286,2415,"ཕན་འདོགས་ཀྱི་བསམ་པ་བཟང་པོ་བྱས་ན་ཚོགས་ཆེ་བས།"
723286,727602,4316,"བྱང་ཆུབ་ཏུ་སེམས་བསྐྱེད་གཞན་དགེ་ལ་བསྐུལ་བར་བྱ་བའི་ཕྱིར་དུ་ཆོས་བཤད།"
727602,731308,3706,"དེ་ཐམས་ཅད་ཀྱི་མགོན་སྐྱབས་དཔུང་གཉེན་མཛད་དགོས་པ་ཡིན།"
731308,733496,2188,"ཚུར་ལ་མཚན་མའི་དམིགས་མེད་གསུངས་དུས།"
733496,736393,2897,"དགེ་བ་དང་ཇི་ལྟ་བུ་རང་གི་ཡོན་ཏན་ཞིག་གྲུབ་ཡོད་ན་"
736393,739214,2821,"སྒྱུ་མ་དང་རྨི་ལམ་ལྟ་བུ་དམིགས་མེད་བྱས་ན་ཚོགས་ཆེ་བས།"
739214,742847,3633,"ངས་དགེ་བ་འདི་བྱས་བཞག་ཡོད། ང་ལྟ་བུ་སུ་མེད་བསམ་རྒྱུ་"
742847,745914,3067,"ངར་འཛིན་གྱི་རློམ་སེམས་མཚན་མར་འཛིན་པ་སྤང༌།"
745914,749263,3349,"བར་དུ་ཉམས་ལེན་བྱེད་པ་ཐམས་ཅད་ཀྱི་ནང་ནས་"
749263,752207,2944,"གནས་ལུགས་མ་བཅོས་པ་སྐྱོང་བ་འདི་ཚོགས་ཆེ་བ་ཡིན་པས་ན།"
752207,753911,1704,"མཐར་ཐུག་དོན་གྱི་དཀོན་མཆོག་གསུམ་པོ་"
753911,757560,3649,"ངོ་བོ་རང་བཞིན་ཐུགས་རྗེ་གསུམ་ལ་ཚང་བསྡད་ཡོད་པས་དེ་ལྟར་སྤྱད་ན་"
757560,759235,1675,"མྱུར་དུ་སངས་རྒྱས་འགྲུབ་པ་ཡིན།"
759235,767384,8149,"(312) རང་ཕུང་རང་གིས་བསྒྲུབ་པའི་ཆོས་དྲུག་ནི། །བྱམས་པས་སྨྲ་བའི་གདམས་ངག་མི་ཉན་ཏེ། །"
767384,771751,4367,"རུས་སྦལ་ཁ་ནས་ཤིང་ཤོར་འདྲ་བས་ཕུང༌། །ལས་ངན་བྱས་ནས་སྐྱིད་པར་འདོད་པ་དེ།"
771751,775626,3875,"ཁོང་དུ་དུག་ཟོས་བདེ་བར་འདོད་འདྲས་ཕུང༌། །བླ་མ་བོར་ནས་སྡིག་གྲོགས་བསྟེན་པ་དེ། །"
775626,780394,4768,"སྐྱེལ་མ་བཞག་ནས་དགྲ་གསེབ་ཕྱིན་འདྲས་ཕུང༌། །ལྷ་ཆོས་བབས་ནས་མི་ཆོས་སྤྱོད་པ་དེ། །"
780394,784877,4483,"རྒྱལ་སྲིད་བབས་ནས་ཕྱུགས་རྟ་འཚོ་འདྲས་ཕུང༌། །དེ་ལྟར་མ་སོང་ཤིན་ཏུ་གཅེས་པ་ཡིན། །"
784877,788030,3153,"གསུངས་དུས། རང་གི་ལས་ཀས་རང་ཕུང་བཞག་རྒྱུ་ཆོས་དྲུག་ཡོད།"
788030,792831,4801,"གང་རེད་ཟེར་ན། ཕར་ལ་བྱམས་པའི་སྒོ་ནས་འཁོར་སློབ་མ་ཐམས་ཅད་ལ་"
792831,796151,3320,"གདམས་ངག་ཡག་པོ་ཞིག་བསྟན་ན་དེ་རྣམས་ཀྱིས་མི་ཉན་འོང་ན།"
796151,799624,3473,"དཔེར་ན་སྔ་མོ་སངས་རྒྱས་དང་ཀུན་དགའ་བོ་གཉིས་"
799624,802604,2980,"བྱ་ངང་པ་ཆུང་ཆུང་ཞིག་གི་སྐྱེ་བ་བཞེས་འོང་དུས།"
802604,806166,3562,"དེ་ནས་ལྷས་སྦྱིན་རུས་སྦལ་གྱི་སྐྱེ་བ་བླངས་ཡོད་དུས་"
806166,808145,1979,"རུས་སྦལ་དེའི་ཆུ་འདི་སྐམ་ཤི་གྲབས་བྱས་དུས།"
808145,811657,3512,"བྱ་ངང་པ་གཉིས་ཀྱིས་ཤིང་དབྱུག་པ་ཞིག་བཟུང་ནས་"
811657,813924,2267,"རུས་སྦལ་གྱི་ལག་པ་གཉིས་དང་ཁ་ཡིས་འདི་ལ་བཟུང་"
813924,817960,4036,"ནམ་མཁའ་ནས་ཁུར་འོང་ནས་གྲོང་པ་ཞིག་གི་ཀླད་ལ་ལྡིང་འོང་དུས།"
817960,821659,3699,"ངང་པ་གཉིས་ཀྱིས་རུས་སྦལ་ཁུར་འགྲོ་ཟེར་ཐབས་མཁས་པ་ཨེ་འདྲ་བྱེད་ཀྱི་ཟེར།"
821659,823802,2143,"ཐམས་ཅད་ཀྱིས་སྐད་གྲགས་རྒྱག་འོང་བ་དང༌།"
823802,827317,3515,"རུས་སྦལ་ཁོ་རང་གིས་ངས་ཐབས་མཁས་པ་བྱས་ཟེར་ཁ་ཡིས་གཅིག་ཟེར་དུས།"
827317,830311,2994,"ཁའི་ཤིང་འདི་ཤོར། ས་ལ་ཁོ་རང་བརྒྱབ་ཤི་སོང་རེད།"
830311,835574,5263,"དཔེ་དེ་ལྟ་བུ་ཡིན་གསུངས། ལས་ངན་གྱི་སྡིག་པའམ་མི་དགེ་བ་མང་པོ་བྱས་ནས་"
835574,838910,3336,"ང་སྐྱིད་པོ་འོང་བསམ་ན་ཁོག་པའི་ནང་དུ་དུག་ཟོས་ཏེ།"
838910,840819,1909,"ད་ང་ཚེ་རིང་པོ་བསྡད་རྒྱུ་རེད་བསམ་ནས་"
840819,844442,3623,"དེ་ནས་ཆུ་ཚོད་གཅིག་མི་གནས་པ་ཤི་འགྲོ་རྒྱུ་རེད་དུས་འདི་ཕུང་བ་ཡིན།"
844442,848931,4489,"བླ་མ་དགེ་བའི་བཤེས་གཉེན་ཚུལ་བཞིན་དུ་མི་བསྟེན།"
848931,851835,2904,"དེའི་བཀའ་མི་སྒྲུབ། སྡིག་པའི་གྲོགས་པོ་སྲོག་གཅོད་པ་དང་"
851835,854742,2907,"སྨད་ཚོང་མ་ལ་སོགས་བསྟེན་པར་བྱེད་པ་འདི་ནི།"
854742,860433,5691,"དཔེར་ན་ས་ལུང་པ་སྟོང་པ་དགྲ་མང་པོ་ཡོད་ས་ཞིག་ལ་འགྲོ་དགོས་ན་"
860433,863495,3062,"སྐྱེལ་མ་གཅིག་ཀྱང་མི་དགོས་པ་རང་གཅིག་པུ་ཕྱིན་སོང་ན།"
863495,867491,3996,"ནོར་ལོངས་སྤྱོད་ཐམས་ཅད་བརླག སྲོག་ལ་རྒོལ་འོང་རྒྱུ་རེད་དེ་འདྲ་ཡིན།"
867491,870282,2791,"དེ་ནས་ལྷ་ཆོས་ལས་བབས་ནས་མི་ཆོས་ཀྱི་སྒོ་ནས་"
870282,873037,2755,"དགྲ་འདུལ་གཉེན་སྐྱོང་ཚོང་ཁེ་གྲགས་སྒྲུབ་པ་འདི།"
873037,874618,1581,"རྒྱལ་པོས་རྒྱལ་སྲིད་ལས་བབས་ནས་"
874618,878939,4321,"མིའི་ཕྱུགས་དང་རྟ་འཚོ་བ་བྱེད་པའི་རྫི་བོ་བྱས་ན་རྒྱལ་པོ་འདི་"
878939,882494,3555,"གོ་ས་ཐམས་ཅད་ཕབ་ཐམས་ཅད་ཀྱིས་མི་སྙན་པ་བརྗོད་རྒྱུ་རེད།"
882494,884599,2105,"དེ་ལྟར་མ་སོང་ཤིན་ཏུ་གཅེས་པ་ཡིན།"
884599,888709,4110,"(313) མ་སོང་དྲུག་གིས་རང་གྲོས་བཏབ་པ་ནི། །གྲོང་པར་མ་སོང་རི་ཁྲོད་དབེན་པ་བསྟེན། །"
888709,893961,5252,"གདོས་ཆོས་མ་སོང་སྒོ་གསུམ་ཞི་དུལ་ལྡན། །བློ་རྒོད་མ་སོང་བློ་སྣ་ཆོས་ལ་ཁུག །"
893961,898668,4707,"ཁྲེལ་མེད་མ་སོང་ཁས་བླངས་དམ་བཅའ་བསྒྲུབ། །དམ་མེད་མ་སོང་བླ་མ་མཆེད་གྲོགས་བཀུར། །"
898668,903283,4615,"སྡུག་འཁུམས་མ་སོང་ཡངས་པ་ཁྲོལ་ལེ་བ། །བློ་བདེའི་མལ་དུ་ཉལ་བ་ཤིན་ཏུ་གཅེས། །"
903283,909172,5889,"གསུངས་ནས་བཟུང་སྟེ། ད་འདི་ཡང་གང་རེད་ཟེར་ན།"
909172,912776,3604,"མ་སོང་བ་དྲུག་གིས་གྲོས་གདབ་དགོས་པ་ཡིན། གང་རེད་ཟེར་ན།"
912776,915239,2463,"གྲོང་པ་ལ་མ་འགྲོ་རི་ཁྲོད་དབེན་པ་བསྟེན་ན་"
915239,918050,2811,"ཡོན་ཏན་ཐམས་ཅད་འཕེལ་འོང་རྒྱུ་རེད་གསུངས་རེད།"
918050,921845,3795,"དེ་ནས་རང་གིས་གདོས་ཆོས་དང་ཟོག་པོས་ཆོས་ཀྱི་གྲུབ་འཐོབ་ཡིན་མདོག །"
921845,924747,2902,"གཞན་ངོ་སྲུང་མདོག །སྐྱེ་རྟགས། ཚེ་ཚད་མང་པོ་མ་བྱེད་པ་"
924747,926850,2103,"སྒོ་གསུམ་ཞི་དུལ་དང་ལྡན་པ་བྱེད་དགོས་རྒྱུ་རེད།"
926850,930761,3911,"བློ་རྒོད་པོ་བྱེད་དེ་རྣམ་གཡེང་དང་འདུ་འཛི་མ་བྱེད་པ་བློ་སྣ་"
930761,935081,4320,"དམ་པའི་ཆོས་ལ་གཅིག་ཏུ་བྱེད་དགོས། རང་གིས་སྡིག་པ་ཕྲ་མོ་ཞིག་བྱས་ན་"
935081,937517,2436,"རྒྱལ་བ་སྲས་དང་བཅས་པས་ཐུགས་ཁྲེལ་འགྲོ་བསམ་སྟེ་"
937517,939625,2108,"དད་པ་བྱེད་དགོས་མ་གཏོགས། ཁྲེལ་མེད་བྱས་ན་"
939625,944212,4587,"སྔར་ཁས་བླང་གི་དམ་བཅའ་ཐམས་ཅད་ཀྱང་རང་ཤུགས་ཀྱིས་འགལ་འགྲོ་རེད།"
944212,948412,4200,"དམ་ཚིག་ཚུལ་བཞིན་དུ་ངོ་ལྐོག་མེད་པ་མ་བསྲུངས་ནས་བཟུང་སྟེ་"
948412,952291,3879,"རང་དངོས་གྲུབ་འཐོབ་རྒྱུ་མ་རེད་དུས། བླ་མ་དང་མཆེད་གྲོགས་ཚོ་"
952291,956623,4332,"མིག་གི་འབྲས་བུ་བཞིན་དུ་གཙུག་ཏུ་ཁུར་ཏེ་དམ་ཚིག་ངོ་ལྐོག་མ་བྱེད་པ་ཡིན།"
956623,961393,4770,"སྡུག་འཁུམས་མ་སོང་བ་གསུངས་དུས། ད་ཡུན་རིང་པོ་ལོ་ཟླ་བ་ལ་"
961393,963792,2399,"ངས་འདི་ཞིག་བསྒྲུབས་ཡིན། ཅི་ཞིག་བྱས་བཞག་རྒྱུ་ཟེར་"
963792,966095,2303,"སྡུག་ཡུས་འདྲ་བཤད་མི་བསྡད་པ་ཡངས་པ་ཁྲོལ་ལེ།"
966095,969433,3338,"ཆོས་ཉིད་ཀྱི་བློ་བདེའི་མལ་གུ་ཡངས་པ་ཞིག་གི་རྟོགས་པ་"
969433,971529,2096,"རྒྱུད་ལ་སྐྱེ་བ་ཞག་སྐྱེད་ཐོན་པ་གཅེས།"
971529,975324,3795,"(314) ཕོངས་པ་དྲུག་གིས་ལེགས་པར་བསམ་པ་ནི། །ཕ་རྒན་དྲིན་ཅན་བླ་མ་བཀའ་དྲིན་ཅན། །"
975324,979162,3838,"བརྗེད་དུ་ཕོངས་པས་བསྙེན་བཀུར་གསོལ་བ་ཐོབ། །མ་རྒན་དྲིན་ཅན་འགྲོ་དྲུག་སེམས་ཅན་རྣམས། །"
979162,982808,3646,"སྡུག་ཏུ་ཕོངས་པས་བདེ་ཆེན་ལམ་སྣ་དྲོངས། །རང་ཉིད་དལ་འབྱོར་རྙེད་དཀའི་སྒོ་གསུམ་འདི། །"
982808,987059,4251,"དལ་དུ་ཕོངས་པས་གཞན་དོན་དགེ་ལ་བཀོལ། །གྲོགས་མཆོག་རྣམས་དང་དངོས་གྲུབ་ཡི་དམ་ལྷ། །"
987059,990738,3679,"འབྲལ་དུ་ཕོངས་པས་རྟག་ཏུ་གུས་པས་འགྲོགས། །བུ་མཆོག་རང་བྱུང་ཁྱེའུ་ཆུང་མཛེས་པ་འདི། །"
990738,994736,3998,"འཁྲུལ་དུ་ཕོངས་པས་ཆོས་ཉིད་བཙན་ས་ཟུང༌། །ཕ་ནོར་སེམས་ཉིད་ནོར་བུ་རིན་ཆེན་འདི། །"
994736,998777,4041,"ཤོར་དུ་ཕོངས་པས་མ་ཡེངས་གཅེས་སྤྲས་ཀྱིས། །གཏན་སྲིད་འཛིན་ན་གདམས་པ་དེ་དྲུག་གཅེས། །"
998777,1002087,3310,"གསུངས་ནས་བཟུང་སྟེ། རང་ལ་སྤངས་རྟོགས་ཀྱི་ཡོན་ཏན།"
1002087,1005637,3550,"དཔེར་ན་འཇིག་རྟེན་ན་ཕས་བུ་སྐྱོང་དུས་དཔེ་མེད་བརྩེ་བ་ཆེན་པོ་རེད་དུས།"
1005637,1008704,3067,"དེ་ལས་ཀྱང་དྲིན་ཅན་བླ་མའི་གདམས་ངག་འདི་ཚུལ་བཞིན་དུ་ཉན་ན་"
1008704,1013708,5004,"འཁོར་བ་ངན་སོང་ལས་ཐར་འགྲོ་ཡི་རེད་དུས། དེ་དུས་སྐད་ཅིག་མ་གཅིག་ལའང་"
1013708,1016465,2757,"བརྗེད་དུ་ཕོངས་པའི་སྒོ་ནས་བླ་མ་ལ་བསྙེན་བཀུར་དང༌།"
1016465,1018088,1623,"དུས་རྒྱུན་དུ་གསོལ་བ་ཐོབ་གསུངས།"
1018088,1021755,3667,"རང་གི་ཕ་མ་གྱུར་པའི་འགྲོ་བ་དྲུག་གི་སེམས་ཅན་ཡིན་ན།"
1021755,1024153,2398,"འདི་སེམས་ཅན་ཐམས་ཅད་སྡུག་བསྔལ་སྐད་ཅིག་མ་ཙམ་གྱི་"
1024153,1027061,2908,"ཁབ་ཕྲ་མོ་ཞིག་ཟུག་གཟེར་གྱི་སྡུག་བསྔལ་མི་འོང་བ་"
1027061,1029215,2154,"བདེ་བའི་ལམ་ལ་བཀོད་དགོས་བསམ་སྟེ།"
1029215,1032159,2944,"རང་གི་ལུས་ངག་ཡིད་གསུམ་འདི་གཞན་དོན་ཁོ་ན་ལ་བསམ་གསུངས།"
1032159,1034579,2420,"རང་གི་དལ་འབྱོར་རྙེད་པར་དཀའ་བའི་སྒོ་གསུམ་པོ་འདི་"
1034579,1038608,4029,"ཆུ་ཚོད་གཅིག་ལའང་འཕྲོ་བརླག་ཏུ་མ་སོང་བ་དུས་རྒྱུན་དུ་"
1038608,1040529,1921,"གཞན་སེམས་ཅན་གྱི་དོན་བྱེད་པ་དང༌།"
1040529,1042180,1651,"ལུས་ངག་ཡིད་གསུམ་དགེ་བ་ལ་བཀོལ།"
1042180,1045646,3466,"གྲོགས་ཀྱི་མཆོག་ཏུ་གྱུར་པ་རྡོ་རྗེ་སྤུན་གྲོགས་རྣམས་དང༌།"
1045646,1048152,2506,"དངོས་གྲུབ་ཡི་དམ་གྱི་ལྷ་འདི་འབྲལ་དུ་ཕོངས་པས་"
1048152,1051180,3028,"དུས་རྟག་ཏུ་མིག་བཞིན་དུ་གཅེས་པར་བསྲུང་སྟེ།"
1051180,1053130,1950,"ཆགས་སྡང་འགྲན་སེམས་མེད་པ་ཐུགས་ཡིད་"
1053130,1054910,1780,"གཅིག་ཏུ་བསྲེས་པའི་སྒོ་ནས་འགྲོགས་དགོས།"
1054910,1059299,4389,"བུ་མཆོག་རང་བྱུང་ཁྱེའུ་མཛེས་པ་རང་བྱུང་གི་ཤེས་པ་"
1059299,1062452,3153,"རང་གི་རིག་པའི་ངོ་བོ་འདི་ཉིད་འཁྲུལ་དུ་ཕོངས་པས་"
1062452,1064992,2540,"ཆོས་ཉིད་ཀྱི་བཙན་ས་ལ་བཟུང་སྟེ་མ་འཁྲུལ་བ་གྱིས།"
1064992,1068950,3958,"ཕའི་ནོར་འདི་བུ་ལ་བཅོལ་ན་བུ་ཕྱུག་པོ་ཆགས་རྒྱུ་རེད་དུས།"
1068950,1071349,2399,"དེ་ལྟ་བུ་ཕ་ནོར་འདི་གང་རེད་ཟེར་ན། སེམས་ཉིད་"
1071349,1073862,2513,"ཡིད་བཞིན་གྱི་ནོར་བུ་རིན་པོ་ཆེ་ངོ་ཤེས་པ་འདི་ཡིན།"
1073862,1077172,3310,"འདི་གཞན་ལ་ཤོར་དུ་ཕོངས་པས་དྲན་པ་དང་ཤེས་བཞིན་གྱིས་"
1077172,1081734,4562,"མ་ཡེང་པ་གཅེས་སྤྲས་བྱེད། དེ་ནས་ཐར་པ་ཐམས་ཅད་མཁྱེན་པའི་གཏན་སྲིད་ཟིན་ནས་"
1081734,1084771,3037,"བདེ་བ་ཞིག་འཐོབ་དགོས་བསམ་ན་གདམས་པ་འདི་དྲུག་གཅེས་པ་ཡིན།"
1084771,1089008,4237,"(315) ཆོས་མཐར་མ་ཕྱིན་ཉེས་པ་རྣམ་དྲུག་ནི། །སྲིད་པར་སྐྱེ་བའི་སྡུག་བསྔལ་མི་འདོད་ཀྱང༌། །"
1089008,1093055,4047,"ཆུ་འབུར་སས་མི་ནོན་པ་ལྟ་བུ་འབྱུང༌། །རྒས་ཤིང་འཁོགས་པའི་སྡུག་བསྔལ་མི་འདོད་ཀྱང༌། །"
1093055,1096640,3585,"མེ་ཏོག་སད་ཀྱིས་རྙིང་བ་བཞིན་དུ་འོང༌། །ན་བའི་སྡུག་བསྔལ་དྲག་པོ་མི་འདོད་ཀྱང༌། །"
1096640,1101218,4578,"གསེར་མིག་ཉ་མོ་བྱེ་ཚན་བསྒྲེས་བཞིན་འོང༌། །རང་གཞན་འབྲལ་བའི་སྡུག་བསྔལ་མི་འདོད་ཀྱང༌། །"
1101218,1104736,3518,"རྔ་མོ་རང་གི་བུ་སྟོར་བཞིན་དུ་འོང༌། །དགྲ་འདྲེས་གནོད་པའི་སྡུག་བསྔལ་མི་འདོད་ཀྱང༌། །"
1104736,1109105,4369,"བྱེའུ་ཆུང་ཁྲ་ཡིས་འདེད་པ་ལྟ་བུ་འོང༌། །འཆི་བའི་སྡུག་བསྔལ་དྲག་པོ་མི་འདོད་ཀྱང༌། །"
1109105,1112806,3701,"མར་མེ་རླུང་གིས་བཏབ་བཞིན་འོང་བ་སྟེ། །འདི་དག་བསམས་ནས་ཆོས་ལ་བརྩོན་པར་མཛོད། །"
1112806,1117494,4688,"ཆོས་མཐར་མ་ཕྱིན་པའི་ཉེས་པ་དྲུག་ཡོད། གང་རེད་ཟེར་ན།"
1117494,1119245,1751,"སྲིད་པ་ཁམས་གསུམ་འཁོར་བའི་སྡུག་བསྔལ་འདི་"
1119245,1122107,2862,"འདོད་མཁན་གཅིག་ཀྱང་ཡོད་རྒྱུ་མ་རེད་དེ།"
1122107,1125292,3185,"ལས་དང་ཉོན་མོངས་པའི་སྒྲིབ་པ་འདི་སྤངས་མི་ཐུབ་ནས་བཟུང་སྟེ།"
1125292,1128152,2860,"ས་འོག་ནས་ཆུ་ཞིག་རྡོལ་འོང་ན་དེ་ལ་ས་བླུགས་ཏེ་"
1128152,1130098,1946,"མ་མནན་དགོས་བསམ་ན་མནན་ཐུབ་ཀྱི་མ་རེད།"
1130098,1134586,4488,"དཔེ་དེ་བཞིན་དུ་རེད། རྒས་པ་ཆགས་ཏེ་མིག་མི་གསལ།"
1134586,1137732,3146,"དབང་པོ་འགགས་དེ་ལྟ་བུའི་སྡུག་བསྔལ་སུ་གཅིག་གིས་དང་དུ་མི་ལེན།"
1137732,1143250,5518,"དང་དུ་ལེན་པར་མི་འདོད་པ་རྒས་པའི་སྡུག་བསྔལ་འདོད་པ་གཅིག་ཀྱང་ཡོད་མ་རེད་དེ།"
1143250,1147668,4418,"རྒས་པའི་སྡུག་བསྔལ་འདི་ཁམས་གསུམ་འཁོར་བའི་མཚན་ཉིད་རེད་སོང་རེད།"
1147668,1151733,4065,"དཔེར་ན་དགུན་ཁ་ལ་མེ་ཏོག་སད་ཀྱིས་ཁྱེར་བ་བཞིན་དུ་འོང་བ་ཡིན།"
1151733,1155088,3355,"དེ་ནས་ལུས་ལ་ན་ཚ་ཡོད་པའི་སྡུག་བསྔལ་དྲག་པོ་འདི་མི་འདོད་ཀྱང་"
1155088,1159205,4117,"ཉ་ལྕགས་ཀྱུས་བཟུང་སྟེ་བྱེ་ཚན་ནང་དུ་འཕང་བཞག་པ་ལྟ་བུ་"
1159205,1161141,1936,"ན་བའི་སྡུག་བསྔལ་དེའང་འོང་གི་རེད།"
1161141,1165040,3899,"རང་དང་གཞན་ཐམས་ཅད་ལ་འབྲེལ་འདྲིས་མང་པོ་བྱས་ཏེ།"
1165040,1168179,3139,"འགའ་རེ་ལ་ཕན་བཏགས། འགའ་རེ་ལ་གནོད་སྐྱེལ་ཏེ་"
1168179,1169114,935,"མཐར་འབྲལ་བའི་སྡུག་བསྔལ་མི་འདོད་ཀྱང༌།"
1169114,1172881,3767,"དཔེར་ན་རྔ་མོ་རང་གི་བུ་སྟོར་བརླག་ཤོར་ན་"
1172881,1175148,2267,"དཔེ་མི་སྲིད་པའི་ཚོར་སྣང་ཆེན་པོ་ཞིག་འོང་གི་རེད།"
1175148,1180702,5554,"དེ་བཞིན་དུ་རང་ཕྱོགས་གཉེན་དང་ཉེ་འབྲེལ་ལ་སོགས་པ་ཆགས་པ་འོང་ན་དེ་ཡོད་རེད་ཟེར།"
1180706,1184146,3440,"དགྲ་འདྲེ་ཡིས་རང་ལ་གནོད་པ་བྱེད་པའི་སྡུག་བསྔལ་འདི་མི་འདོད་པ་ཡིན་ནའང༌།"
1184146,1186484,2338,"སྐྱེ་བ་སྔ་མའི་ལས་ངན་གྱི་འབྲས་བུ་འཁོར་འོང་དུས་"
1186484,1188583,2099,"བྱེའུ་ཁྲ་ཡིས་འདེད་པ་ལྟ་བུ་ཞིག་འོང༌།"
1188583,1190393,1810,"འཆི་བའི་སྡུག་བསྔལ་འདི་དྲག་པོ།"
1190393,1193094,2701,"དམྱལ་བ་ན་སྐྱེས་པའི་སེམས་ཅན་རྣམས་སྡུག་བསྔལ་ཆེ་འོང་དུས་"
1193094,1195922,2828,"ང་ཤི་ན་བསམ་ལེ་མ་གཏོགས། འཇིག་རྟེན་སྲིད་པ་ན་"
1195922,1198536,2614,"ཤི་བའི་སྡུག་བསྔལ་དང་དུ་ལེན་མཁན་གཅིག་ཀྱང་ཡོད་མ་རེད་དེ།"
1198536,1200668,2132,"མར་མེ་རླུང་གིས་བཏབ་པ་བཞིན་དུ་འོང་བ་ཡིན།"
1200668,1202837,2169,"དེ་ནས་འདི་འདྲ་བའི་སྡུག་བསྔལ་འདི་ངའི་ཐོག་ལ་"
1202837,1205709,2872,"ནམ་སླེབ་འོང་བསམ་ནས་དམ་པའི་ཆོས་ལ་བརྩོན་པར་མཛོད།"
1205709,1210186,4477,"(316) འདོད་ཀྱང་མི་འོང་གདམས་པ་རྣམ་དྲུག་ནི། །བཟའ་ཚང་ཉེ་འབྲེལ་འདི་དང་དུས་རྟག་ཏུ། །"
1210186,1214220,4034,"མི་འབྲལ་འགྲོགས་པར་འདོད་ཀྱང་འབྲལ་བར་ངེས། །བཟང་པོའི་གནས་མལ་འདི་རུ་དུས་རྟག་ཏུ། །"
1214220,1217658,3438,"མི་འབྲལ་འདུག་པར་འདོད་ཀྱང་འགྲོ་བར་ངེས། །བདེ་སྐྱིད་ལོངས་སྤྱོད་འདི་དང་དུས་རྟག་ཏུ། །"
1217658,1221515,3857,"མི་འབྲལ་སྤྱོད་པར་འདོད་ཀྱང་འབོར་བར་ངེས། །དལ་འབྱོར་མི་ལུས་མཆོག་འདི་དུས་རྟག་ཏུ། །"
1221515,1225022,3507,"མི་འབྲལ་རྟག་པར་འདོད་ཀྱང་འཆི་བར་ངེས། །བཟང་པོའི་བླ་མ་འདི་དང་དུས་རྟག་ཏུ། །"
1225022,1228775,3753,"མི་འབྲལ་ཆོས་ཉན་འདོད་ཀྱང་འབྲལ་བར་ངེས། །དམ་པའི་གྲོགས་བཟང་རྣམས་དང་དུས་རྟག་ཏུ། །"
1228775,1232421,3646,"མི་འབྲལ་འགྲོགས་པར་འདོད་ཀྱང་འབྲལ་ངེས་པས། །དེ་རིང་ཉིད་ནས་བརྩོན་པའི་གོ་བགོས་ཏེ། །"
1232421,1236503,4082,"འབྲལ་མེད་བདེ་ཆེན་གླིང་དུ་བགྲོད་རེ་རན། །སྐྱོ་ཤས་གཏིང་ནས་སྐྱེ་བའི་གྲོགས་རྣམས་ལ། །"
1236503,1238494,1991,"ཆོས་མེད་སྤྲང་པོ་བདག་གིས་དེ་སྐད་བསྐུལ། །"
1238494,1241920,3426,"གསུངས་ནས་བཟུང་སྟེ། དེ་ནས་བཟའ་ཚང་ཕ་མ་ཉེ་འབྲེལ་འདི་ཐམས་ཅད་"
1241920,1244954,3034,"ཚེ་གཅིག་ལ་དེ་འདྲ་བྱས་བསྡད་ན་བསམ་སྡོད་རྒྱུ་རེད་དེ།"
1244954,1246581,1627,"འདུས་པའི་མཐའ་མ་འབྲལ་ཟེར།"
1246581,1250926,4345,"འཆི་བདག་གཤིན་རྗེས་ཉིན་གཅིག་ལ་སྟོར་འགྲོ་ཡི་རེད་ཟེར།"
1250926,1254518,3592,"སྡོད་ས་བཟང་པོའི་གནས་དང་མལ་སྟན་འདི་འདྲ་ཞིག་ལ་"
1254518,1256598,2080,"དུས་རྟག་ཏུ་བསྡད་ན་བསམ་བསྡད་རྒྱུ་རེད་དེ།"
1256598,1260566,3968,"ཐམས་ཅད་གཞན་གྱི་དགྲས་བརླག་པ་ལྟ་བུ་དང༌།"
1260566,1263686,3120,"ཡང་ན་འགྲོ་དགོས་པ་ལྟ་བུ་མི་འགྲོ་བའི་ཐབས་ཡོད་རྒྱུ་མ་རེད།"
1263686,1267754,4068,"དེ་ནས་ཟས་གོས་ལོངས་སྤྱོད་ཀྱི་བདེ་སྐྱིད་ཕུན་སུམ་ཚོགས་པ་འདི་འདྲ་ཞིག་"
1267754,1271418,3664,"དུས་རྟག་ཏུ་ཡོད་ན་བསམ་ནའང་རང་རྒུད་པའི་དུས་ལ་བབ་ན་"
1271418,1275987,4569,"དེ་ལྟ་བུའི་སྡུག་བསྔལ་ཐོག་ཏུ་འབབ་འོང་བའི་ངེས་པ་ཡིན།"
1275999,1279919,3920,"དལ་འབྱོར་གྱི་མི་ལུས་འདི་དུས་རྟག་ཏུ་རྟག་པ་བརྟན་པ་ཡོད་ན་"
1279919,1282133,2214,"འདི་ལྟ་བུ་རེད་འདུག་བསམ་ནའང་འདུས་བྱས་"
1282133,1284542,2409,"མི་རྟག་པའི་རང་བཞིན་གྱིས་ནམ་ཞིག་འཆི་འོང་བ་ཡིན།"
1284542,1287882,3340,"བཟང་པོའི་བླ་མ་འདི་འདྲ་དུས་རྟག་ཏུ་མི་འབྲལ་བ་"
1287882,1290400,2518,"དེའི་སྐུ་མདུན་ལ་ཆོས་ཉན་པར་འདོད་ཀྱང༌།"
1290400,1294187,3787,"བླ་མ་ཡིན་ནའང་སྐུ་མྱ་ངན་ལས་འདས་པ་དང༌།"
1294187,1296484,2297,"གཞན་ལ་ཕེབས་པ་ལྟ་བུ་ཡིན་པས་འབྲལ་བར་ངེས།"
1296484,1299378,2894,"ཆོས་དང་མཐུན་པ་དམ་པའི་གྲོགས་བཟང་རྣམས་དང་དུས་རྟག་ཏུ་"
1299378,1302612,3234,"མི་འབྲལ་འགྲོགས་པར་འདོད་ཀྱང་སོ་སོར་འབྲལ་ངེས་པས།"
1302612,1306110,3498,"འདི་རིང་ཉིད་ནས་འཆི་བ་མི་རྟག་པ་རྗེས་སུ་དྲན་པའི་བརྩོན་འགྲུས་གོ་བགོས།"
1306110,1309913,3803,"འབྲལ་བ་མེད་པ་བདེ་ཆེན་གླིང་དུ་ཟེར་ཐར་པའི་གླིང་ལ་ཕྱིན་སོང་ན་"
1309913,1312254,2341,"དེ་ནས་དེ་རྣམས་འོང་རྒྱུ་མ་རེད་དུས་དེ་ལྟར་བྱེད།"
1312254,1315522,3268,"ཁམས་གསུམ་འཁོར་བ་ལ་སྐྱོ་ཤས་གཏིང་ནས་སྐྱེ་བའི་གྲོགས་པོ་རྣམས་ལ་"
1315522,1321562,6040,"ཆོས་མེད་སྤྲང་པོ་ཀུན་མཁྱེན་བདག་གིས་དེ་ལྟར་བསྐུལ་བར་འགྱུར་པ་ཡིན་ནོ།"
1323372,1327516,4144,"(317) །མི་འདོད་ངང་གིས་འོང་བའི་ཆོས་དྲུག་ནི། །འཁོར་བའི་ཆོས་ལ་དགོས་མེད་རྒྱབ་ཏུ་བོར། །"
1327516,1331703,4187,"མྱང་འདས་བདེ་བ་མི་འདོད་ངང་གིས་འོང༌། །དཀར་པོའི་ཆོས་ལ་དད་བརྩོན་ཕྱོགས་མེད་ཀྱིས། །"
1331703,1335634,3931,"བདེ་སྐྱིད་དམ་ཆོས་མི་འདོད་ངང་གིས་འོང༌། །ཅི་སྤྱོད་བླ་མ་དམ་པའི་གསུང་བཞིན་སྒྲུབས། །"
1335634,1339461,3827,"ཟབ་མོའི་གདམས་པ་མི་འདོད་ངང་གིས་འོང༌། །ཚད་མེད་བཞི་ལ་རང་གི་སེམས་སྦྱོངས་དང༌། །"
1339461,1343942,4481,"གཞན་དོན་འགྲོ་དོན་མི་འདོད་ངང་གིས་འོང༌། །འདོད་བློ་བོར་ལ་ཅི་ཡོད་ཚོགས་སུ་ཐོང༌། །"
1343942,1347577,3635,"ལོངས་སྤྱོད་འབྱོར་པ་མི་འདོད་ངང་གིས་འོང༌། །སངས་རྒྱས་དགོངས་པ་འདུ་འབྲལ་མེད་པ་སྒོམས། །"
1347577,1351333,3756,"འཁྲུལ་སྣང་བདག་འཛིན་ངང་གིས་སྟོངས་པར་འོང༌། །གཞུང་བཞིན་བསྒྲུབས་ན་དེ་ལྟར་འོང་བར་ངེས། །"
1351333,1355888,4555,"གསུངས་པ་འདི། འབྲས་བུ་འདི་ཟེར་མཁན་ཆེད་དུ་རེ་དོགས་མང་པོས་"
1355888,1360252,4364,"རྩོལ་མ་བསྡད་པ་དེའི་རྒྱུ་འདི་ལ་བརྩོན་པར་བྱས་ན་རང་ཤུགས་ཀྱིས་འོང་བ་ཡིན།"
1360252,1362806,2554,"ཁམས་གསུམ་འཁོར་བའི་འཁྲུལ་པའི་ཆོས་ཐམས་ཅད་ལ་"
1362806,1365799,2993,"དགོས་པ་མི་འདུག་བསམ་སྟེ་རྒྱབ་ཏུ་བོར་ནས་བློས་བཏང་བཞག་ན།"
1365799,1368426,2627,"མྱང་འདས་སངས་རྒྱས་ཀྱི་གོ་འཕང་གི་བདེ་བ་འདི་"
1368426,1370564,2138,"མ་འདོད་ནའང་རང་ཤུགས་ཀྱིས་འོང་བ་ཡིན།"
1370564,1373418,2854,"དཀར་པོ་དགེ་བའི་ཆོས་ལ་དད་པ་དང་བརྩོན་འགྲུས་"
1373418,1376414,2996,"ཕྱོགས་རིས་མེད་པ་ཉིན་མཚན་དལ་ཁོམ་མེད་པ་ཞིག་བྱེད་བསྡད་ན་"
1376414,1380568,4154,"བདེ་སྐྱིད་དང་དམ་པའི་ཆོས་མི་འདོད་བཞིན་དུ་ངང་གིས་འོང་བ་ཡིན།"
1380568,1384819,4251,"ལུས་ངག་ཡིད་གསུམ་གྱིས་སྤྱོད་པ་ཅི་བྱས་ན་བླ་མ་དམ་པའི་གསུང་བཞིན་དུ་"
1384819,1386557,1738,"ངོ་ལྐོག་མེད་པ་ཞིག་སྒྲུབ་བསྡད་ན།"
1386557,1388974,2417,"ཟབ་མོའི་གདམས་ངག་ཆེད་དུ་འཚོལ་མ་བསྡད་ནའང་"
1388974,1391397,2423,"རང་ཤུགས་ཀྱིས་ངང་གིས་འོང་བ་ཡིན།"
1391397,1396371,4974,"བྱམས་པ་སྙིང་རྗེ་བཏང་སྙོམས་དགའ་བ་ཚད་མེད་པ་བཞིས་"
1396371,1400366,3995,"རང་གི་སེམས་སྦྱོང་སྟེ་བྱང་ཆུབ་ཀྱི་སེམས་འདི་ཡང་ནས་ཡང་དུ་བསྒོམ་ཤེས་ན་"
1400366,1403719,3353,"གཞན་དོན་གྱི་འགྲོ་དོན་མི་འདོད་ནའང་ངང་གིས་འོང་བ་ཡིན།"
1403719,1408084,4365,"བྱ་བྱེད་མང་པོས་རྙེད་པ་འཚོ་བ་བསྒྲུབ་དགོས་འདུག །"
1408084,1410592,2508,"ཐོབ་གོ་ས་མཐོ་དགོས་འདུག །འཁོར་མང་པོ་འདུ་དགོས་འདུག་"
1410592,1412569,1977,"བསམ་རྒྱུའི་འདོད་བློ་ཐམས་ཅད་བོར་ལ།"
1412569,1417689,5120,"རང་ལ་ལོངས་སྤྱོད་ལ་སོགས་པ་ཅི་ཡོད་ན་མཆོད་སྦྱིན་དུ་ཚོགས་སུ་ཐོང༌།"
1417689,1421709,4020,"ལོངས་སྤྱོད་འབྱོར་པ་མི་འདོད་བཞིན་དུ་ངང་གིས་འོང་བ་ཡིན།"
1421709,1425819,4110,"སངས་རྒྱས་ཀྱི་དགོངས་པ་འདུ་འབྲལ་མེད་པ་རང་གི་སེམས་ལ་རྫོགས་པ་འདི་ཤེས་ན།"
1425819,1427686,1867,"འཁྲུལ་སྣང་གི་བདག་འཛིན་ཐམས་ཅད་"
1427686,1430477,2791,"ངང་གིས་སྟོངས་པ་གཉེན་པོ་འོང་བ་ཡིན་པས་ན།"
1430477,1432974,2497,"གཞུང་བཞིན་དུ་བསྒྲུབས་ན་དེ་དག་འོང་བར་ངེས་ཏེ།"
1432974,1438335,5361,"དཔེར་ན་ཆུ་ཆེན་པོ་ཞིག་གིས་མི་ཞིག་ཁུར་སོང་ན་མི་དེས་མ་ཁུར་ན་བསམ་བསྡད་ན།"
1438348,1439962,1614,"ཆུས་རང་ཤུགས་ཁུར་འགྲོ་ཡི་རེད་དུས།"
1439962,1443058,3096,"དཔེ་དེ་ལྟ་བུ་ཆོས་རྣམ་དག་བྱས་ན་ཡོན་ཏན་དེ་དག་"
1443058,1444868,1810,"མ་འདོད་བཞིན་དུ་ངང་གིས་མྱོང་བ་ཡིན།"
1444868,1448772,3904,"(318) དགོས་པའི་ཆོས་དྲུག་ལེགས་པར་བསམ་པ་ནི། །འཁོར་བའི་འཁྲུལ་སྣང་འདི་ལ་སྐྱུག་ལོག་པ། །"
1448772,1452991,4219,"རོ་མྱགས་འདམ་མཐོང་ལྟ་བུའི་ཞེན་ལོག་དགོས། །མི་དགེ་ལས་ངན་རྣམས་ལ་འཛེམ་པ་ནི། །"
1452991,1457229,4238,"བག་མ་ཡོང་མ་ཐག་འདྲ་བག་ཡོད་དགོས། །ཆོས་མིན་ལས་ལ་འགྱོད་པའི་བློ་སྐྱེས་པས། །"
1457229,1461113,3884,"སྐྱེས་བུས་དུག་འཐུང་སྡུག་བསྔལ་དྲན་འདྲ་དགོས། །ཉོན་མོངས་སྤང་བྱ་ཟིལ་གྱིས་གནོན་ནུས་པ། །"
1461113,1464658,3545,"རི་དྭགས་རྒྱལ་པོ་འདྲ་བའི་གཉེན་པོ་དགོས། །རྣམ་རྟོག་ཅི་སྐྱེས་རང་སར་གྲོལ་ནུས་པ། །"
1464658,1468200,3542,"ལན་ཚྭ་ཆུ་ཐིགས་འདྲ་བའི་ཐུག་ཕྲད་དགོས། །ཆོས་དང་ཆོས་མིན་ལེགས་པར་འབྱེད་ཤེས་པ། །"
1468200,1472288,4088,"ངང་པའི་མཆུ་དང་འདྲ་བའི་ཤེས་རབ་དགོས། །དེ་དྲུག་ལྡན་ན་དམ་ཆོས་ཀུན་དང་མཐུན། །"
1472288,1476081,3793,"གསུངས་དུས། ཆོས་རྣམ་དག་བྱེད་པ་ལ་དགོས་པའི་ཆོས་དྲུག་ཡོད།"
1476081,1478714,2633,"གང་རེད་ཟེར་ན། ཁམས་གསུམ་འཁོར་བའི་འཁྲུལ་སྣང་འདི་ཐམས་ཅད་"
1478714,1484409,5695,"ཞེན་པ་ལོག་སྟེ་འདོད་བློ་མེད་པའི་སྐྱུག་ལོག །རོ་མྱགས་ཀྱི་འདམ་རྫབ་ལྟ་བུ་ལ་"
1484409,1486415,2006,"མཐོང་བའི་ཞེན་པ་ལོག་པ་འདི་དགོས་ཏེ།"
1486415,1489082,2667,"ནང་པ་སངས་རྒྱས་པའི་ཆོས་ཀྱི་རྩ་བ་ངེས་འབྱུང་ཡིན།"
1489082,1492624,3542,"མི་དགེ་སྡིག་པའི་ལས་ཐམས་ཅད་ལ་གཅིག་ཏུ་འཛེམ་པ་དཔེར་ན།"
1492624,1497966,5342,"བག་མ་གསར་པ་ཞིག་ཁྱིམ་གསར་པ་ནང་དུ་འོང་ན་ཚུགས་འདྲ་བཟུང་བསྡད་རྒྱུ་རེད།"
1497966,1504702,6736,"དེ་ལྟ་བུའི་སྒོ་ནས་དྲན་ཤེས་བག་ཡོད་ཀྱི་སྒོ་ནས་བྱས་ན་སེམས་བརྟན་པོ་འོང་བ་ཡིན།"
1504702,1508662,3960,"ཆོས་མིན་སྡིག་པའི་ལས་ཐམས་ཅད་ལ་ཕྲ་མོ་ཞིག་བྱས་བཞག་ཡོད་ནའང་"
1508662,1510856,2194,"བརྙས་བཅོས་མི་བྱེད་འགྱོད་པའི་བློ་སྐྱེ་སྟེ།"
1510856,1514202,3346,"སྐྱེས་བུ་ཞིག་གིས་དུག་འཐུང་ན་ང་མྱུར་དུ་འཆི་འགྲོ་བསམ་"
1514202,1517147,2945,"འཇིགས་སྐྲག་ཡོད་པ་ལྟ་བུའི་སྡུག་བསྔལ་དྲན་པ་འདྲ་ཞིག་དགོས།"
1517147,1521057,3910,"ཉོན་མོངས་ཀྱི་སྤང་བྱ་མ་ལུས་པ་ཐམས་ཅད་རྒྱུད་ལ་སྐྱེ་འོང་ན་"
1521057,1522934,1877,"དེ་མ་ཐག་ཏུ་ཟིལ་གྱིས་གནོན་པ།"
1522934,1526660,3726,"རི་དྭགས་རྒྱལ་པོ་སེང་གེའི་སྐད་གོ་དུས་རི་དྭགས་གཞན་སྐྲག་འགྲོ་རེད།"
1526660,1528125,1465,"དེ་ལྟ་བུ་ཞིག་དགོས་པ་ཡིན།"
1528125,1531143,3018,"རྣམ་རྟོག་ཅི་སྐྱེས་ན་རང་སར་དུ་གྲོལ་ནུས་དགོས་རེད་མ་གཏོགས་"
1531143,1535144,4001,"མ་གྲོལ་ན་ཕན་རྒྱུ་མ་རེད། ལན་ཚྭ་ཆུའི་ནང་དུ་བླུགས་བཞག་ན་"
1535144,1537778,2634,"ལན་ཚྭ་ཞུ་མི་འགྲོ་བའི་ཐབས་ཡོད་རྒྱུ་མ་རེད།"
1537778,1541539,3761,"དེ་ལྟར་རྣམ་རྟོག་ཤར་བ་དང་གྲོལ་བ་ཐུག་ཕྲད་དུ་དགོས།"
1541539,1545291,3752,"ཆོས་དཀར་པོ་དགེ་བའི་ལས་དང༌། ཆོས་མིན་སྡིག་པའི་ལས་ལེགས་པར་འབྱེད་ཤེས་ཏེ།"
1545291,1548530,3239,"དཔེར་ན་ངང་པའི་མཆུས་ཆུ་དང་འོ་མ་གཉིས་བསྲེ་བཞག་ན་"
1548530,1550716,2186,"ངང་པའི་མཆུ་ཁོ་རང་ལ་ནུས་པ་ཞིག་ཡོད་དུས་"
1550716,1553104,2388,"འོ་མ་འདི་འཐུང་ཆུ་འདི་ལྷག་འོང་རེད་དུས།"
1553104,1556167,3063,"དཔེ་དེ་ལྟ་བུ་ཆོས་མིན་འདི་བཞག་ཆོས་འདི་སྤྱོད་པ་ཤེས།"
1556167,1558835,2668,"དེ་དྲུག་ལྡན་ན་དམ་ཆོས་ཀུན་དང་མཐུན།"
1558835,1563119,4284,"(319) རྣལ་འབྱོར་རབ་ལ་དགོས་པའི་ཆོས་དྲུག་ནི། །ལྟ་བ་རྒྱལ་པོ་འདྲ་བས་ས་ཟིན་དགོས། །"
1563119,1568037,4918,"སྤྱོད་པ་བློན་པོ་འདྲ་བས་དུས་ཤེས་དགོས། །སྲུང་སྡོམ་སྒོ་སྲུང་འདྲ་བས་རྐྱེན་ཐུབ་དགོས། །"
1568037,1571716,3679,"ཤེས་རབ་བྲན་དང་འདྲ་བས་ཀུན་ཁྱབ་དགོས། །རྣམ་རྟོག་སྤྲིན་དང་འདྲ་བས་རང་ཡལ་དགོས། །"
1571716,1575573,3857,"ཡོན་ཏན་མཛོད་ཁང་འདྲ་བས་གང་ཡང་དགོས། །དེ་དང་ལྡན་ན་དོན་གཉིས་ལྷུན་གྱིས་གྲུབ། །"
1575573,1580218,4645,"གསུངས་དུས། དེ་ནས་རྣལ་འབྱོར་ནུས་པ་རབ་ལ་དགོས་པའི་ཆོས་དྲུག་ཡོད།"
1580218,1583101,2883,"གང་རེད་ཟེར་ན། ལྟ་བ་ཡང་དག་པ་འདི་དཔེར་ན།"
1583101,1587495,4394,"འཇིག་རྟེན་སྲིད་སྐྱོང་བའི་རྒྱལ་པོ་ནུས་པ་ཞིག་ཡོད་ན་ཡུལ་ཁམས་ཐམས་ཅད་བདེ་རྒྱུ་རེད་དུས།"
1587495,1590771,3276,"དཔེ་དེ་བཞིན་ལྟ་བ་རང་གིས་ངེས་ཤེས་སྐྱེས་པའི་ལྟ་བ་"
1590771,1592760,1989,"ནོར་འཁྲུལ་མེད་པ་ཞིག་ས་ཟིན་དགོས།"
1592760,1596739,3979,"ཆོས་དང་མཐུན་པའི་སྤྱོད་པ་རྒྱལ་པོ་འདི་ལ་བློན་པོ་ཡག་པོ་ཞིག་ཡོད་ན།"
1596739,1599614,2875,"རྒྱལ་པོ་ལ་རྒྱལ་སྲིད་སྐྱོང་བ་ལ་སྟབས་བདེ་བ་དང༌།"
1599614,1605786,6172,"འཁོར་འབངས་ཐམས་ཅད་ཀྱང་དེ་དང་མཐུན་པ་འོང་དུས་"
1605786,1608485,2699,"དེ་འདྲ་བའི་སྤྱོད་པ་དུས་ཚོད་དང་འབྲེལ་བ་ཤེས་དགོས།"
1608485,1611680,3195,"དཔེར་ན་བློན་པོ་བཟང་པོ་ཞིག་ཡོད་ན་ཉེས་པ་ལ་ཆད་པ།"
1611680,1614478,2798,"བཟང་པོ་ལ་དཔའ་དར། དྲང་པོ་ཞིག་བྱེད་འོང་དུས་ཐམས་ཅད་"
1614478,1616495,2017,"དེ་བཞིན་དུ་དང་ལེན་བྱེད་འགྲོ་རྒྱུ་རེད།"
1616495,1619768,3273,"སྤྱོད་པ་འདི་ཉིད་ལའང་ཉན་ཐོས་ཀྱི་སྤྱོད་པ།"
1619768,1622153,2385,"བྱང་ཆུབ་སེམས་དཔའི་སྤྱོད་པ། གསང་སྔགས་ཀྱི་སྤྱོད་པ་འདི་"
1622153,1624703,2550,"རང་གི་ལྟ་དགོངས་ཀྱི་དུས་ཚོད་དང་མཐུན་པ་ཤེས་དགོས།"
1624703,1628215,3512,"དེ་ནས་སོ་བྱང་སྔགས་གསུམ་གྱི་སྲུང་སྡོམ་བྱེད་པ་འདི་ཐམས་ཅད་"
1628215,1630765,2550,"རྒྱལ་པོ་ཆེན་པོའི་སྒོ་སྲུང་གི་དམག་མི་དང་འདྲ་བས་ན།"
1630765,1639297,8532,"ཉོན་མོངས་ཀྱི་དབང་དུ་མི་ཤོར་བ་རྐྱེན་ངན་ཐམས་ཅད་ལམ་དུ་ཁྱེར་ཐུབ་པ་ཤེས་དགོས།"
1639297,1641831,2534,"ཤེས་རབ་འདི་རྒྱལ་པོའི་གཡོག་པོ་ཞིག་ཡོད་ན་དེ་"
1641831,1645310,3479,"སྤྱང་བ་གྲུང་པ་ཡར་རྒྱལ་པོའི་བཀའ་བཞིན་དུ་སྒྲུབ་ནུས་པ།"
1645310,1648535,3225,"མར་དམངས་ཐམས་ཅད་དང་འཕྲོད་པ་ཞིག་འོང་རྒྱུ་རེད་དུས།"
1648535,1651791,3256,"དཔེ་དེ་བཞིན་དུ་ཤེས་རབ་ཀྱིས་ཐེག་པ་རིམ་པ་དགུའི་ཆོས་ཐམས་ཅད་"
1651791,1653771,1980,"ཉམས་སུ་ལེན་ནུས་པ་ཞིག་དགོས།"
1653788,1660566,6778,"རྣམ་རྟོག་འདི་སྤྲིན་དང་འདྲ་བ་ཡིན་པས་ན་རང་ཞི་རང་ཡལ་དུ་མ་སོང་ནས་"
1660566,1663451,2885,"རྣམ་རྟོག་བདག་འཛིན་བྱས་ན་འཁོར་བའི་ས་བོན་མང་པོ་བསག་འོང༌།"
1663451,1666395,2944,"ཐོས་བསམ་སྒོམ་གསུམ་གྱི་དམ་པའི་ཡོན་ཏན་ཐམས་ཅད་ནི་"
1666395,1670431,4036,"རྒྱལ་པོའི་མཛོད་ཁང་དང་འདྲ་བས། མཛོད་ཁང་ནང་དུ་མི་བསགས་རྒྱུ་དང༌།"
1670431,1672355,1924,"མི་མཁོ་རྒྱུ་ཅ་ལག་གཅིག་ཀྱང་ཡོད་རྒྱུ་མ་རེད།"
1672355,1675985,3630,"དཔེ་དེ་ལྟ་བུ་ཡོན་ཏན་ཞིག་ཡོད་ན་རང་གི་རྒྱུད་ལ་མི་མཁོ་བསམ་"
1675985,1677523,1538,"གཡུག་བཞག་རྒྱུ་མེད་པ་ཞིག་དགོས།"
1677523,1680004,2481,"དེ་དང་ལྡན་ན་རང་གཞན་གྱི་དོན་གཉིས་ལྷུན་གྱིས་གྲུབ།"
1680004,1684385,4381,"(320) བཟང་པོར་བསྒྲུབ་པའི་དམ་ཆོས་རྣམ་དྲུག་ནི། །རྗེ་དཔོན་རྒྱལ་པོར་འདོད་ན་རང་ཉིད་ཆོས་ལ་བསྐུལ། །"
1684385,1688753,4368,"དཔའ་བོའི་རྒྱལ་པོར་འདོད་ན་ཉོན་མོངས་དགྲ་དཔུང་ཆོམས། །གཙོ་བོའི་རྒྱལ་པོར་འདོད་ན་བཀའ་ལུང་འདུན་གྲོས་ཆོས། །"
1688753,1693135,4382,"མཐུ་སྟོབས་རྒྱལ་པོར་འདོད་ན་བདག་ལྟའི་འགོང་པོ་ཐུལ། །ཕྱུག་པོའི་རྒྱལ་པོར་འདོད་ན་ཚོགས་གཉིས་ལོངས་སྤྱོད་སྒྲུབས། །"
1693135,1697598,4463,"སྨན་པའི་རྒྱལ་པོར་འདོད་ན་རང་སྐྱོན་གཅོང་ནད་ཐོན། །དེ་ལྟར་ཤེས་ན་ལྷ་མིའི་གཙོ་བོར་འགྱུར། །"
1697598,1704124,6526,"གསུངས་དུས། འཇིག་རྟེན་གྱི་ཕྱོགས་ནས་བཟང་པོའི་ཡོན་ཏན་དང་ལྡན་པ་"
1704124,1705762,1638,"མཁས་བཙུན་བཟང་གསུམ་ཟེར་རྒྱུ་འདི།"
1705762,1709453,3691,"བཟང་པོའི་ཆོས་ཡོན་ཏན་འདི་བསྒྲུབ་པའི་ཆོས་རྣམ་པ་དྲུག་ཡོད་དགོས།"
1709453,1714289,4836,"གང་རེད་ཟེར་ན། རྗེ་དཔོན་གྱི་རྒྱལ་པོ་འདོད་ན་རང་ཉིད་དམ་པའི་ཆོས་བཞིན་དུ་སྤྱོད་དང༌།"
1714289,1718083,3794,"དེས་འཇིག་རྟེན་གསུམ་གྱི་ཐམས་ཅད་ཀྱིས་མཆོད་ཡུལ་རེད་འགྲོ་རྒྱུ་རེད་དུས་"
1718083,1721037,2954,"དེ་ཕྱིར་ན་ཆོས་ལ་བསྐུལ། དཔའ་བོའི་རྒྱལ་པོ་འདོད་ན་"
1721037,1724628,3591,"ཉོན་མོངས་པའི་དགྲ་དཔུང་འདི་བཅོམ་ན་འཁོར་བའི་གཡུལ་ངོ་འདི་"
1724628,1727626,2998,"གཏན་དུ་བཟློག་འགྲོ་དུས་དཔའ་བོའི་མཆོག་ཏུ་གྱུར་པ་དེ་རེད།"
1727626,1729853,2227,"འཇིག་རྟེན་མི་དཔོན་གྱི་གཙོ་བོ་རྒྱལ་པོ་འདོད་ན་"
1729853,1732472,2619,"སངས་རྒྱས་ཀྱི་བཀའ་ལུང་དང་འདུན་གྲོས་ཀྱི་སྒོ་ནས་"
1732472,1735424,2952,"ཆོས་དང་མཐུན་པ་འབའ་ཞིག་བྱེད་དང༌། དེ་ཐམས་ཅད་ཀྱི་གཙོ་བོ་རེད།"
1735424,1738981,3557,"མཐུ་སྟོབས་ཀྱི་རྒྱལ་པོར་འདོད་ན་བདག་ལྟའི་འགོང་པོ་འདི་ཐུལ་ཏེ་"
1738981,1741773,2792,"བདག་མེད་ཀྱི་གནས་ལུགས་འཐོབ་འོང་ན་དེ་ནས་ཐམས་ཅད་ཐུལ་འགྲོ།"
1741773,1744852,3079,"ཕྱུག་པོའི་རྒྱལ་པོ་འདོད་ན་ཚོགས་གཉིས་ཀྱི་ལོངས་སྤྱོད་བསག་ན་"
1744852,1748482,3630,"ཚེ་འདི་ཙམ་མ་ཟད་སྐྱེ་བ་ཚེ་རབས་ཐམས་ཅད་དུ་བསོད་ནམས་ལྡན་པ་རེད།"
1748482,1753085,4603,"སྨན་པའི་རྒྱལ་པོ་འདོད་ན་རང་སྐྱོན་གྱི་ནད་འདི་ལ་གཉེན་པོ་དུས་རྒྱུན་དུ་བསྟེན།"
1753085,1756352,3267,"དེས་ཉོན་མོངས་ཀྱི་ཉེས་སྐྱོན་མེད་པ་ཞིག་འོང་རྒྱུ་རེད།"
1756352,1758703,2351,"དེ་ལྟར་བྱས་ན་ལྷ་དང་མིའི་གཙོ་བོར་འགྱུར།"
1758703,1762657,3954,"(321) དགྲ་ལ་བག་ཟོན་བྱ་བའི་ཆོས་དྲུག་ནི། །ཆོས་ལ་ངེས་འབྱུང་དད་པ་སྐྱེས་པའི་ཚེ། །"
1762657,1766408,3751,"གཉེན་འདུན་གྲོས་འདེབས་བརྩེ་གདུང་དགྲ་རུ་ལྡང༌། །འཁོར་བའི་བྱ་བ་ཐམས་ཅད་སྤང་བའི་ཚེ། །"
1766408,1769990,3582,"ཆགས་ཞེན་འཁྲི་བ་རང་གི་དགྲ་རུ་ལྡང༌། །ཆོས་སྤྱོད་ཟས་ནོར་སྦྱིན་གཏོང་བྱས་པའི་ཚེ། །"
1769990,1774270,4280,"གཞན་གྱི་ཁར་འདྲེན་རློམ་སེམས་དགྲ་རུ་ལྡང༌། །ཟབ་མོའི་གདམས་ངག་ཉམས་སུ་ལེན་པའི་ཚེ། །"
1774270,1778101,3831,"ཡིད་གཉིས་སོམ་ཉི་ཐེ་ཚོམ་དགྲ་རུ་ལྡང༌། །གོང་འཕེལ་ཉམས་ཀྱི་དྲོད་རྟགས་ཤར་བའི་ཚེ། །"
1778101,1781829,3728,"དགའ་བྲོད་ཞེན་འཛིན་དམིགས་བཅས་དགྲ་རུ་ལྡང༌། །སྣ་ཚོགས་ཡོན་ཏན་འཆར་སྒོ་ཕྱེད་པའི་ཚེ། །"
1781829,1785748,3919,"ང་རྒྱལ་རློམ་སེམས་རང་མཐོང་དགྲ་རུ་ལྡང༌། །ལྡང་བའི་དགྲ་ལ་བག་ཟོན་བྱ་བ་གཅེས། །"
1785748,1792066,6318,"བྱམས་སེམས་བཟོད་པ་བསྒོམ་པའི་གོ་ཆ་མཆོག །"
1803354,1805985,2631,"ཅི་རེད་ཟེར་ན། རང་ཉིད་དམ་པའི་ཆོས་ལ་འཇུག་སྟེ་"
1805985,1808901,2916,"ཕ་མ་སྤུན་མཆེད་ཞིང་འཁོར་བ་ཐམས་ཅད་སྤངས་ནས་"
1808901,1812093,3192,"ཆོས་བསྒྲུབ་དགོས་བསམ་རྒྱུའི་ངེས་འབྱུང་གི་དད་པ་སྐྱེ་འོང་བའི་ཚེ་ན།"
1812093,1815089,2996,"ཕ་མ་ཉེ་འབྲེལ་ཐམས་ཅད་ཀྱིས་ཁྱེད་ཁྱིམ་འདི་རུ་སྡོད།"
1815089,1818582,3493,"ཕ་ཡིས་བསགས་པ་ལ་ལོངས་སུ་སྤྱོད། ཆོས་བསྒྲུབ་རྒྱུ་ཡོད་མ་རེད་ཟེར་"
1818582,1823465,4883,"གྲོས་འདེབས་རེད་དུས་དེ་དགྲ་ལྟར་དུ་ཡིན་བསྡད་ན་དེ་ཕ་སྤང་དགོས་པ་ཡིན།"
1823465,1826259,2794,"འཁོར་བའི་བྱ་བ་ཐམས་ཅད་ཅམ་གྱིས་སྐྱུང་བའི་ཚེ་ན།"
1826259,1830738,4479,"ཟས་གོས་ཐོབ་གོ་ས་འཇིག་རྟེན་ཆོས་བརྒྱད་ལ་ཞེན་པ་ཡོད་པ་འདི་"
1830738,1833454,2716,"དགྲ་རུ་ལྡང་འོང་དུས་དེ་དགྲ་བོ་འདི་ཆམ་ལ་ཕབ་དགོས།"
1833454,1835678,2224,"ཆོས་བཞིན་དུ་སྤྱོད་དེ་ཟས་ནོར་ཐམས་ཅད་"
1835678,1838179,2501,"གསོག་འཇོག་མེད་པ་སྦྱིན་པ་གཏོང་བའི་ཚེ་ན།"
1838179,1842866,4687,"གཞན་གྱིས་ཚེ་ཡུན་རིང་པོ་བསྡད་དུས་མཁོ་ཡི་རེད། གཅིག་རེད།"
1842866,1844682,1816,"གཉིས་རེད་ཟེར་སློབ་སྟོན་མང་པོ་བྱེད་དུས་"
1844682,1847109,2427,"དེ་དགྲ་རུ་ལྡང་བ་ཡིན་པས་དེའི་ཁ་ལ་མི་ཉན།"
1847109,1849931,2822,"བླ་མའི་ཟབ་མོའི་གདམས་ངག་འདི་ཉམས་སུ་ལེན་པའི་ཚེ་ན།"
1849931,1852764,2833,"དེ་བླ་མ་མཚན་ལྡན་མ་རེད། གདམས་ངག་མཚན་ལྡན་མ་རེད།"
1852764,1855711,2947,"ཁྱེད་རང་གིས་དེ་ལྟ་བུ་ཉམས་སུ་ལེན་ནུས་ཀྱི་མ་རེད་ཟེར་"
1855711,1857418,1707,"གཞན་གྱིས་ཐེ་ཚོམ་མང་པོ་བསྐྱེད་འོང་ན།"
1857418,1860192,2774,"རང་གིས་ཀྱང་ཐེ་ཚོམ་བྱས་ན་དགྲ་བོ་ལ་ལྡང་འོང་བ་ཡིན།"
1860192,1864027,3835,"ཉམས་རྟོགས་གོང་དུ་འཕེལ་བའི་ཉམས་དང་རྟོགས་པ་རྒྱུད་ལ་ཤར་འོང་ན།"
1864027,1867085,3058,"ད་ང་རྟོགས་པ་མཐོན་པོ་ལ་བརྟེན་ཏེ་མངོན་ཤེས་ཐོབ་འདུག །"
1867085,1870117,3032,"གྲུབ་རྟགས་ཐོབ་འདུག་བསམ་སྟེ་དགའ་བྲོད་དང་རློམ་སེམས་མང་པོ་སྐྱེ་འོང་ན་"
1870117,1872847,2730,"བར་ཆད་དགྲ་རུ་ལྡང་འོང་རྒྱུ་རེད་དུས་དེ་རེད།"
1872847,1876663,3816,"སྣ་ཚོགས་པའི་ཡོན་ཏན་ཐོས་བསམ་སྒོམ་གསུམ་རྒྱུད་ལ་འཆར་འོང་བའི་ཚེ་ན།"
1876663,1879382,2719,"རང་ལ་ཡོན་ཏན་ཡོད་པ་འདི་ངའི་ཡོན་ཏན་དེ་འདྲ་སུ་ལ་མེད་"
1879382,1883301,3919,"བསམ་པའི་ང་རྒྱལ་དང་རློམ་སེམས་སྐྱེས་རང་མཐོང་ཆེན་པོ་རེད་ན་འདི་ཡང༌།"
1883301,1887452,4151,"ང་རྒྱལ་གྱི་གོང་བུ་ལ། ཡོན་ཏན་གྱི་ཆུ་མི་ཆགས་ཟེར་ཡོན་ཏན་སྔར་ཡོད་པ་ཉམས།"
1887452,1891667,4215,"གསར་དུ་འཐོབ་རྒྱུ་མེད། དེས་ན་ལྡང་བའི་དགྲ་ལ་བག་ཟོན་བྱ་བ་གཅེས་སོ། །"
1891667,1894066,2399,"བྱང་སེམས་བཟོད་པ་བསྒོམ་པའི་གོ་ཆ་མཆོག །"
1894066,1897689,3623,"གསུངས་དུས་ཐམས་ཅད་ལ་ཕན་སེམས་ཀྱི་བྱང་ཆུབ་སེམས་བསྒོམ།"
1897689,1902690,5001,"དེ་ཆོས་ལ་བཟོད་པ་བསྒོམ་པ་ནི། དཔེར་ན་དགྲ་འབྱུང་བའི་ཚེ་ན་"
1902690,1906243,3553,"ཁྲབ་དང་རྨོག་ལ་སོགས་པའི་གོ་ཆ་ཡོད་ན་མཚོན་གྱིས་ཕིགས་ནུས་རྒྱུ་མ་རེད་དུས།"
1906243,1910901,4658,"དེ་ལྟ་བུས་དགྲ་བོ་ཐམས་ཅད་ལ་བཟོད་པ་བསྒོམ་དགོས་པ་ཡིན།"
1910901,1915289,4388,"(322) ཆོས་བྱེད་མི་ལ་མིང་དྲུག་གདགས་པ་ནི། །རང་མགོ་ཆོས་སུ་ཐོན་ན་དྲག་པོ་ཡིན། །"
1915289,1919281,3992,"སྒོ་གསུམ་དགེ་ལ་འཛུད་ན་དད་ལྡན་ཡིན། །གཡོ་སྒྱུ་ཟོལ་ཁྲམ་མེད་ན་བཟང་པོ་ཡིན། །"
1919281,1922889,3608,"ལོག་པའི་ལམ་ལོག་ཤེས་ན་བློ་ལྡན་ཡིན། །མི་ཚེ་ཆོས་ཀྱིས་སྐྱེལ་ན་མདོ་ཅན་ཡིན། །"
1922889,1927165,4276,"གཞན་ཕན་སྙིང་རྗེ་ཆེ་ན་ཐེག་ཆེན་ཡིན། །དམ་པ་རྣམས་ཀྱི་སྤྱོད་ལམ་བསླབ་པར་བྱ། །"
1927165,1931520,4355,"གསུངས་དུས། ཆོས་བྱེད་པའི་མི་ལ་མིང་དྲུག་གི་སྒོ་ནས་གདགས་པ་ཡིན།"
1931520,1935126,3606,"གང་རེད་ཟེར་ན། རང་མགོ་ཆོས་ཀྱིས་ཐོན་ནས་སུ་དང་མ་མཐུན་ན་"
1935126,1939541,4415,"འདི་ཞི་རྒྱས་དབང་དྲག་ལས་ཀྱི་ནང་ནས་དྲག་པོའི་མཆོག་ཏུ་གྱུར་པ་འདི་དེ་ཡིན།"
1939541,1942581,3040,"སྒོ་ལུས་ངག་ཡིད་གསུམ་དཀར་པོ་དགེ་བའི་ལས་ལ་བརྩོན་སོང་ན་"
1942581,1945208,2627,"དད་པ་དང་ལྡན་པའི་གང་ཟག་ངོ་མ་དེ་ཡིན།"
1945208,1949320,4112,"གཞན་མགོ་སྐོར་བའི་གཡོ་སྒྱུ་དང་ཁྲམ་ཟོལ་མེད་ན་མི་བཟང་པོ་ཞེས་བྱ་བ་འདི་ཡིན།"
1949320,1953091,3771,"ལོག་པའི་ལམ་ལ་གཏན་ནས་མི་འཇུག་པ་དང༌།"
1953091,1956410,3319,"སྡིག་པའི་བཤེས་གཉེན་གྱིས་སྡིག་པ་བསྟན་འོང་ན་"
1956410,1959852,3442,"དེའི་ཁ་ལ་མི་ཉན་པ་འདི་བློ་གྲོས་དང་ལྡན་པ་ཡིན།"
1959852,1963799,3947,"མི་ཚེ་ཆོས་ཀྱིས་སྐྱེལ་ཐུབ་ན་མི་ལ་མདོ་ཡོད་པ། རང་དོན་ཡོད་པ་ཡིན།"
1963799,1966519,2720,"གཞན་ཕན་སྙིང་རྗེ་ཆེན་པོ་རྒྱུད་ལ་ཡག་པོ་སྐྱེས་ཡོད་ན་"
1966519,1969664,3145,"ཐེག་པ་ཆེན་པོའི་གདམས་ངག་ངོ་མ་དེ་ཡིན།"
1969664,1973471,3807,"དམ་པ་རྣམས་ཀྱི་སྤྱོད་ལམ་རྣམ་པ་དྲུག་ཡིན་དེ་ལ་བསླབ་པར་བྱ།"
1973471,1977276,3805,"(323) སྡུག་བསྔལ་རྒྱ་ལས་ཐར་བའི་ཆོས་དྲུག་ནི། །རྙེད་དཀའི་མི་ལུས་ཐོབ་ནས་ཆོས་དང་འཕྲད། །"
1977276,1981160,3884,"མཚན་ལྡན་བླ་མ་མཇལ་ནས་མོས་གུས་ཐོབ། །འཁོར་བའི་བྱ་བ་སྤངས་པས་འདུ་འཛི་མེད། །"
1981160,1985236,4076,"ཟབ་མོའི་གདམས་པ་འཆང་བས་གོལ་སྒྲིབ་མེད། །སྤྱོད་ལམ་དགེ་བས་འདའ་བས་སྙོམ་ལས་མེད། །"
1985236,1989641,4405,"བདེ་ཆེན་ལྷུན་གྱིས་གྲུབ་པས་དམིགས་འཛིན་བྲལ། །དེ་དྲུག་ལྡན་ན་ཟུག་རྔུ་ལྡང་མི་ནུས། །"
1989641,1995787,6146,"གསུངས་ནས་བཟུང༌། ད་ཡང་དཔེར་ན་རི་དྭགས་རྒྱ་རུ་ཚུད་སོང་ན་བྲོས་ནུས་ཀྱི་མ་རེད།"
1995787,1999487,3700,"ནམ་ཞིག་གསད་འོང་རྒྱུ་རེད། དཔེ་དེ་ལྟ་བུ་སྡུག་བསྔལ་རྒྱ་ལ་ཚུད་དུས།"
1999487,2002431,2944,"གང་རེད་ཟེར་ན། རྙེད་དཀའ་བ་མིའི་ལུས་ཐོབ་ནས་"
2002431,2006424,3993,"དམ་པའི་ཆོས་དང་འཕྲད་པ་འདི་ཡིན་པས་ན་དེ་སྡུག་བསྔལ་ལས་གྲོལ་དགོས།"
2006424,2010906,4482,"མཚན་ལྡན་གྱི་བླ་མ་དང་མཇལ་ནས་དེ་ལ་སངས་རྒྱས་དངོས་མཐོང་གི་མོས་གུས་ཐོབ།"
2010906,2014349,3443,"ཁམས་གསུམ་འཁོར་བའི་བྱ་བ་སྤངས་ནས་འདུ་འཛི་དང་རྣམ་གཡེང་མེད།"
2014349,2017462,3113,"བླ་མའི་ཟབ་མོའི་གདམས་པ་འདི་རང་རྒྱུད་ལ་འཆང་ན་"
2017462,2023038,5576,"ལྟ་སྒོམ་ལོག་པའི་གེགས་དང་གོལ་སྒྲིབ་མེད།"
2023038,2027326,4288,"སྤྱོད་ལམ་ཐམས་ཅད་དགེ་བས་དུས་འདའ་བ་བྱས་ན་ལེ་ལོ་དང་སྙོམ་ལས་མེད།"
2027326,2030272,2946,"བདེ་ཆེན་ལྷུན་གྱིས་གྲུབ་པས་ན་དམིགས་འཛིན་དང་བྲལ་བས།"
2030272,2032048,1776,"དེ་དྲུག་དང་ལྡན་ནས་བཟུང་སྟེ་"
2032048,2035167,3119,"ཁམས་གསུམ་འཁོར་བའི་སྡུག་བསྔལ་གྱི་ཟུག་རྔུ་རང་གི་རྒྱུད་ལ་ལྡང་མི་ནུས།"
2035167,2042979,7812,"(324) ཤེས་པ་དྲུག་གི་གདམས་པ་བསྟན་པ་ནི། །དབེན་པར་སྐྱོ་བས་གཅིག་པུར་མི་ཚུགས་ན། །"
2042979,2047009,4030,"སེམས་འཛིན་ལ་སོགས་ཉམས་ལེན་མེད་པར་ཤེས། །མང་པོའི་མི་དང་འགྲོགས་པར་མི་ཤེས་ན། །"
2047009,2052393,5384,"ཐབས་ལ་མི་མཁས་རང་རྒྱུད་ངན་པར་ཤེས། །བླ་མ་བསྟེན་ཡང་ཆོས་མིན་མི་སྤོང་ན། །"
2052393,2056275,3882,"དེ་ཡི་བྱིན་རླབས་ཡོན་ཏན་མ་འགོས་ཤེས། ཁེངས་ཤིང་མ་དུལ་ང་རྒྱལ་ཆེ་བ་ན། །"
2056275,2060998,4723,"ཉམས་མྱོང་རྩི་མེད་གནས་ལུགས་མ་རྟོགས་ཤེས། །གདམས་ངག་ཆུང་ལ་ལེ་ལོ་ཆེ་བ་ན། །"
2060998,2064725,3727,"ཐར་ལམ་མི་སྙོགས་འཁོར་བར་འཁྱམས་པར་ཤེས། །རང་དོན་གཙོར་འཛིན་སྙིང་རྗེ་མེད་པ་ན། །"
2064725,2068639,3914,"ཐེག་ཆེན་ལམ་དང་སེམས་བསྐྱེད་མེད་པར་ཤེས། །རྟགས་ལ་བརྟེན་ནས་ནང་གི་ཚུལ་རིག་པས། །"
2068639,2070636,1997,"ཆོས་མིན་ལོག་པར་ཞུགས་པ་སྤང་འཚལ་ལོ། །"
2070636,2077632,6996,"ད་རང་གི་སྐྱོན་འདི་ངོས་བཟུང་བའི་ཤེས་པ་དྲུག་ཡོད། གང་རེད་ཟེར་ན།"
2077632,2083061,5429,"དབེན་པར་བསྡད་དུས་སྡོད་མི་ནུས་པ་སྐད་ཆ་བཤད་ས་དང་"
2083061,2085085,2024,"རྣམ་གཡེང་མེད་པས་སེམས་སྐྱོ་འོང་བ་ཡིན་ན།"
2085085,2090590,5505,"རང་ལ་ཞི་གནས་ལྷག་མཐོང་གི་སེམས་འཛིན་མེད་པ་ཐག་ཆོད་པ་རེད།"
2090590,2094697,4107,"མང་པོའི་མི་དང་ལྷན་ཅིག་ཏུ་འགྲོགས་པའི་ཚེ་ན་ཐམས་ཅད་དང་མི་མཐུན།"
2094697,2098211,3514,"ཅི་ཆགས་སྡང་མང་པོ་བྱས་ན་མི་དང་བསྟུན་པའི་ཐབས་མི་མཁས་པས་"
2098211,2101302,3091,"རང་གི་གཤིས་ངན་པ་རྒྱུད་གྱོང་པོ་ཡིན་པ་ཤེས་ཀྱི་རེད།"
2101302,2106247,4945,"བླ་མ་བསྟེན་བཞིན་དུ་ཆོས་མིན་པའི་སྡིག་པ་མི་དགེ་བའི་ལས་བྱས་ན་"
2106247,2109188,2941,"བླ་མ་དེ་ཡི་བྱིན་རླབས་རང་ལ་མ་ཞུགས་པ་ཤེས་དགོས།"
2109188,2111980,2792,"ཁེངས་ཤིང་མ་དུལ་བའི་ང་རྒྱལ་ཆེ་བ་ཡིན་ན་"
2111980,2116215,4235,"རང་ལ་ཆོས་ཀྱི་ཉམས་མྱོང་གི་རྩི་མེད་གནས་ལུགས་ཀྱི་ལྟ་བ་མ་རྟོགས་པ་ཡིན།"
2116215,2118449,2234,"གདམས་ངག་ཆུང་ལ་ལེ་ལོ་ཆེ་བ་ཡིན་ན་"
2118449,2123616,5167,"ཐར་པའི་གོ་འཕང་མཆོག་གི་དུས་མེད་པས་ཁམས་གསུམ་འཁོར་བ་ལ་"
2123616,2125451,1835,"ཡང་ནས་ཡང་དུ་འཁྱམས་པར་ཤེས།"
2125451,2128638,3187,"རང་དོན་གཙོར་འཛིན་ཏེ་གཞན་ཕན་གྱི་བསམ་པ་སྙིང་རྗེ་ཆེན་པོ་མེད་ན།"
2128638,2132315,3677,"ཐེག་པ་ཆེན་པོའི་ལམ་དང་སེམས་བསྐྱེད་མེད་དེ་རྒྱབ་འགལ་བ་ཤེས།"
2132315,2140026,7711,"རྟགས་ལ་བརྟེན་ནས་ཟེར་རྟགས་སྤྱོད་པས་སྟོན་ཟེར་མཁན་རེད་དུས་"
2140026,2143730,3704,"ཕྱིའི་རྟགས་ལ་བརྟེན་ནས་ནང་གི་ཆོས་དང་མི་མཐུན་པའི་ཚུལ་"
2143730,2147812,4082,"རིག་པས་ཆོས་མིན་ལོག་པར་ཞུགས་པ་སྐྱོན་དྲུག་འདི་སྤང་འཚལ་ལོ།"
2147812,2151767,3955,"(325) །ཆུད་གཟན་དྲུག་གི་རྣམ་གྲངས་བསྟན་པ་ནི། །ངན་སོང་མི་འཇིགས་སྡིག་པའི་ལས་ངན་སོག །"
2151767,2155435,3668,"རྙེད་དཀའི་དལ་འབྱོར་མི་ལུས་ཆུད་རེ་གཟན། །ཆོས་སྒོར་ཞུགས་ནས་ཕྱོགས་རིས་ཆགས་སྡང་བྱེད། །"
2155435,2159167,3732,"ཡང་དག་དོན་གྱི་དད་པ་ཆུད་རེ་གཟན། །ཐོས་བསམ་ཚིག་གི་ང་རྒྱལ་རྡོ་འཇོང་འཆང༌། །"
2159167,2163953,4786,"གནས་ལུགས་རྟོགས་པའི་ཤེས་རབ་ཆུད་རེ་གཟན། །ཟབ་མོའི་གསང་སྔགས་ཉམས་ལེན་དོན་བཞག་ནས། །"
2163953,2168530,4577,"གནད་མེད་བརྩོན་འགྲུས་དཀའ་ཐུབ་ཆུད་རེ་གཟན། །ཟུང་འཇུག་གཉིས་མེད་ཡེ་ཤེས་མཆོག་བོར་ནས། །"
2168530,2172488,3958,"སྣང་སྟོང་མཐར་འཛིན་སྒོམ་པ་ཆུད་རེ་གཟན། །རི་ངོགས་དབེན་གནས་ཆོས་སྒྲུབ་གནས་བཞག་ནས། །"
2172488,2176079,3591,"སྡེ་དགོན་གྲོང་འགྲིམ་དངོས་གྲུབ་ཆུད་རེ་གཟན། །དེ་བས་དེ་དག་ལམ་དུ་མ་སོང་གཅེས། །"
2176079,2184487,8408,"གསུངས་དུས། རང་གི་དལ་འབྱོར་གྱི་མི་ལུས་འདི་ཆུད་ཟོས་བྱེད་པའི་བྱ་བ་དྲུག་ཡོད།"
2184487,2188735,4248,"གང་རེད་ཟེར་ན། ངན་སོང་གི་སྡུག་བསྔལ་ལ་མི་འཇིགས་ཏེ་"
2188735,2190847,2112,"སྡིག་པའི་ལས་དུས་རྟག་ཏུ་གསོག་བསྡད་ན།"
2190847,2193392,2545,"དལ་འབྱོར་གྱི་མི་ལུས་འདི་ཆུད་ཟོས་གཏོང་བཞག་རྒྱུ་རེད།"
2193392,2197878,4486,"སོ་བྱང་སྔགས་གསུམ་གྱི་ཆོས་སྒོ་ལ་ཞུགས་ནས་དེ་ནས་རང་ཕྱོགས་ལྷ་རུ་མཐོང༌།"
2197878,2200592,2714,"གཞན་ཕྱོགས་འདྲེ་རུ་ཕྱོགས་རིས་དང་ཆགས་སྡང་བྱས་ན།"
2200592,2205804,5212,"ཆོས་སྒོར་ཞུགས་པ་ལས་དད་པ་མེད་པའི་རྟགས་རེད་དུས་དད་པ་ཆུད་ཟོས་སུ་སོང་འགྲོ་རེད།"
2205804,2210983,5179,"ཐོས་བསམ་སྦོམ་པོ་ཅན་ཞིག་བྱས་ནས་དེའི་ང་རྒྱལ་གྱི་རྒྱུད་འགོས་ནས་"
2210983,2213449,2466,"སངས་རྒྱས་མཐོང་ནའང་དད་པ་མེད་མཁན་ཞིག་འབྱུང་ན་"
2213449,2216354,2905,"གནས་ལུགས་རྟོགས་པའི་ཤེས་རབ་འདི་ཆུད་ཟོས་གཟན་འགྲོ་རེད།"
2216354,2219943,3589,"ཟབ་མོ་གསང་སྔགས་ཀྱི་དོན་ཉམས་སུ་ལེན་པ་འདི་ཕར་བཞག་ནས་"
2219943,2225893,5950,"དོན་མེད་འཇིག་རྟེན་གྱི་ཚེ་འདིའི་བྱ་བ་ལ་བརྩོན་བསྡད་པ་འདི་"
2225893,2228574,2681,"དཀའ་སྤྱད་སྙིང་རུས་ཐམས་ཅད་ཆུད་ཟོས་སུ་འགྲོ་རྒྱུ་རེད།"
2228574,2232932,4358,"ཟུང་འཇུག་གཉིས་སུ་མེད་པའི་ཡེ་ཤེས་རང་གི་ངོ་བོ་ལ་ཡོད་པ་འདི་བོར་ནས།"
2232932,2234902,1970,"ཡང་ན་སྣང་ཕྱོགས་ལ་ཞེན་པ་བྱས།"
2234902,2238338,3436,"ཡང་ན་སྟོང་ཕྱོགས་ལ་ཞེན་པ་བྱས་ན་སྒོམ་པ་འདི་ཆུད་ཟོས་ལ་འགྲོ་ཡི་རེད།"
2238338,2242646,4308,"རི་ངོགས་དབེན་པའི་གནས་སུ་ཆོས་སྒྲུབ་པའི་གནས་འདི་ཕར་བཞག་ནས།"
2242646,2246597,3951,"མི་མང་པོ་ཚོགས་ས་སྡེ་པ་གྲོང་འགྲིམ་དུས་ཆགས་སྡང་མང་པོ་བསག་ན་"
2246597,2250032,3435,"མཆོག་དང་ཐུན་མོང་གི་དངོས་གྲུབ་ཆུད་ཟོས་རེད་འགྲོ་དུས།"
2250032,2252708,2676,"དེ་བས་དེ་དག་ལམ་དུ་མ་སོང་བ་གཅེས་པ་ཡིན།"
2252708,2256142,3434,"(326) གོང་མའི་རྗེས་སུ་སྙེགས་པའི་ཆོས་དྲུག་ནི། །སྡིག་སྒྲིབ་བག་ཆགས་རྩད་ནས་གཅོད་འདོད་ན། །"
2256142,2260068,3926,"སེམས་ཉིད་རང་བཞིན་གཞི་རྩ་བྲལ་བ་ལྟོས། །དགོས་འདོད་ནོར་བུ་ཡིད་བཞིན་བཙལ་འདོད་ན། །"
2260068,2263753,3685,"ཟབ་མོའི་ལམ་ལ་རྩོལ་བ་རྒྱུན་དུ་བསྲིངས། །གནས་ལུགས་དོན་གྱི་ཆོས་ཉིད་རྟོགས་འདོད་ན། །"
2263753,2267187,3434,"བཙལ་བས་མི་རྙེད་རང་བཞིན་ཞོག་ལ་ལྟོས། །གདམས་ངག་ཉམས་ལེན་རྒྱུད་ལ་སྦྱོར་འདོད་ན། །"
2267187,2270902,3715,"རང་རྒྱུད་ཐུལ་ལ་དེ་ནས་ཉམས་སུ་ལོང༌། །སྙིང་ནས་དམ་ཆོས་ཚུལ་བཞིན་སྒྲུབ་འདོད་ན། །"
2270902,2274791,3889,"ཚེ་འདི་བློས་ཐོང་ཞེན་ཐག་འཁྲི་བ་ཆོད། །གོང་མའི་རྗེས་སུ་མྱུར་དུ་སྙེགས་འདོད་ན། །"
2274791,2278510,3719,"མཛད་སྤྱོད་ལྟོས་ལ་སྒྲུབ་པ་སྙིང་པོར་གྱིས། །འདི་དག་གནད་ཀྱི་མན་ངག་སྙིང་པོ་ཡིན། །"
2278510,2282685,4175,"གསུངས་དུས། ད་འདི་ཡང་སྔོན་བླ་མ་གོང་མ་རྣམས་ཀྱི་མཛད་སྤྱོད་ཀྱི་"
2282685,2286814,4129,"རྗེས་སུ་སྙེགས་པའི་རྣམ་ཐར་སྐྱོང་བའི་ཆོས་དྲུག་ཡོད། གང་རེད་ཟེར་ན།"
2286814,2291313,4499,"སྡིག་སྒྲིབ་བག་ཆགས་དང་བཅས་པ་རྩད་ནས་དག་སྟེ་རང་གི་རྒྱུད་ལ་"
2291313,2293413,2100,"ཐར་པའི་ལམ་སྣེ་ཞིག་ཟིན་དགོས་འདུག་བསམ་ན།"
2293413,2296437,3024,"སེམས་ཉིད་ཀྱི་རང་བཞིན་གཞི་རྩ་བྲལ་བ་འདི་ལྟོས་དང༌།"
2296437,2298453,2016,"སྡིག་སྒྲིབ་ཐམས་ཅད་རང་ཤུགས་ཀྱིས་འདག་འགྲོ་རེད་ཟེར།"
2298453,2300718,2265,"དགོས་འདོད་འབྱུང་བའི་ནོར་བུ་ཞིག་འཐོབ་དགོས་བསམ་ན་"
2300718,2302975,2257,"བླ་མ་དམ་པའི་ཟབ་མོའི་གདམས་ངག་འདི་ལ།"
2302975,2306409,3434,"ཐོས་བསམ་སྒོམ་གསུམ་གྱི་རྩོལ་བ་བྱས་ན་འདོད་རྒུ་མ་ལུས་པ་འབྱུང་བ་ཡིན།"
2306409,2310783,4374,"གནས་ལུགས་ཀྱི་དོན་ཕྱིན་ཅི་མ་ལོག་པ་རྟོགས་དགོས་ཡོད་ན།"
2310783,2313490,2707,"དེ་ལ་འབད་རྩོལ་མང་པོ་མི་བྱེད་པ་རང་བབས་ལྷོད་དེ་"
2313490,2315721,2231,"བསམ་གཏན་ངང་ལ་ཞོག་དང་ཤེས་རེད་ཟེར།"
2315721,2317901,2180,"གདམས་ངག་ཉམས་ལེན་ཐམས་ཅད་རྒྱུད་ལ་སྦྱོར་ཏེ་"
2317901,2320322,2421,"ཆོས་དང་རང་རྒྱུད་གཅིག་ཏུ་འདྲེས་དགོས་ན།"
2320322,2323922,3600,"རང་གི་རྒྱུད་ཀྱི་ཉོན་མོངས་པ་ཐུལ་ནས་གདམས་ངག་འདི་ཉམས་སུ་ལོང་དང་ཤེས།"
2323922,2327953,4031,"སྙིང་ཐག་པ་ནས་དམ་པའི་ཆོས་ཁ་སེམས་མཚུངས་པ་ཅན་ཞིག་བསྒྲུབ་དགོས་ན།"
2327953,2332242,4289,"འཇིག་རྟེན་ཚེ་འདིའི་བྱ་བ་ཐམས་ཅད་བློས་བཏང་སྟེ་ཚེ་འདི་ལ་ཞེན་ཐག་གི་འཁྲི་བ་ཆོད།"
2332242,2336237,3995,"བླ་མ་གོང་མ་མཁས་པ་དང་གྲུབ་པ་རྣམས་ཀྱི་རྗེས་སུ་སྙེགས་ཏེ་"
2336237,2337988,1751,"དེ་བྱེད་ཐུབ་པ་ཞིག་དགོས་འདུག་བསམ་ན།"
2337988,2341096,3108,"གོང་མ་རྣམས་ཀྱི་མཛད་སྤྱོད་ལ་བལྟས་ཏེ་སྒྲུབ་པ་འདི་སྙིང་པོར་གྱིས།"
2341096,2344492,3396,"འདི་དག་དམ་པའི་ཆོས་སྒྲུབ་པའི་གནད་ཀྱི་མན་ངག་གི་འདི་ནི་"
2344492,2348800,4308,"མཐར་ཐུག་པར་འགྱུར་པ་ཡིན་པས་དེ་ལྟར་བརྩོན་པར་གྱིས་ཤིག །"
2348800,2353077,4277,"(327) སྤྱི་ཡི་ཚུལ་དང་མི་མཐུན་ཆོས་དྲུག་ནི། །རང་གིས་ངན་སྤྱོད་སྣ་དགུ་ཚང་བྱས་ནས། །"
2353077,2357814,4737,"གཞན་དག་མགུ་རེ་ཆོས་པའི་ལུགས་མ་ཡིན། །རང་གིས་གཡོ་སྒྱུ་ཁྲམ་གསུམ་ཚང་བྱས་ནས། །"
2357814,2361914,4100,"དཀོན་མཆོག་མཉེས་རེ་ཆོས་པའི་ལུགས་མ་ཡིན། །དབེན་པའི་གནས་སུ་བརྩོན་པས་མི་བསྒྲུབ་པར། །"
2361914,2368878,6964,"ཆོས་ལ་རེ་འཁང་ཆོས་པའི་ལུགས་མ་ཡིན། །ཚིག་ཏུ་སྙིང་རྗེ་ལག་ལེན་རང་འདོད་སྒྲུབ། །"
2368878,2373125,4247,"གཞན་དོན་འགྲུབ་རེ་ཆོས་པའི་ལུགས་མ་ཡིན། །སེམས་ལ་བདག་འཛིན་ཁ་ལ་སྟོང་པ་ཉིད། །"
2373125,2381358,8233,"ཐར་ལམ་སྙོགས་རེ་ཆོས་པའི་ལུགས་མ་ཡིན། །སེམས་ལ་རང་ལྟ་ཁ་ལ་མཐའ་བྲལ་ཟེར། །"
2381358,2388786,7428,"གནས་ལུགས་རྟོགས་རེ་ཆོས་པའི་ལུགས་མ་ཡིན། །དེ་བས་བསྟན་པ་སྤྱི་ཡི་སྲོལ་ཉམས་སྤང༌། །"
2388786,2394767,5981,"གསུངས་དུས། ཆོས་པ་སྤྱིའི་ཚུལ་དང་མི་མཐུན་པའི་ཆོས་དྲུག་ཡོད།"
2394767,2398924,4157,"རང་གི་རྒྱུད་འདི་ན་ངན་པའི་སྤྱོད་པ་སྲོག་གཅོད་པ་ཆང་འཐུང་བ།"
2398924,2402115,3191,"བུད་མེད་བསྟེན་པ་ལ་སོགས་སྣ་དགུ་ཚང་ནས་གཞན་དག་གིས་"
2402115,2405998,3883,"ང་ཆོས་པ་རེད་བསམ་ནས་རེ་བ་བྱས་ན་དེ་ཆོས་པའི་ལུགས་མ་ཡིན།"
2405998,2409189,3191,"རང་གིས་གཡོ་སྒྱུ་ཁྲམ་གསུམ་གྱི་སྒོ་ནས་གཞན་མགོ་སྐོར་ནས།"
2409189,2413390,4201,"བླ་མ་དང་དཀོན་མཆོག་མཉེས་པའི་རེ་བ་བྱས་ན་དེ་ཆོས་དང་འགལ་བ་རེད།"
2413390,2416546,3156,"འདི་ཆོས་པའི་ལུགས་མ་ཡིན། དབེན་པའི་གནས་སུ་"
2416546,2421085,4539,"རྩེ་གཅིག་ཏུ་སྒྲུབ་པ་མ་བྱེད་པ་རྣམ་གཡེང་འདུ་འཛི་ཤ་སྟག་གི་འདུ་འཛི་འབྱུང་ཚེ་"
2421085,2422621,1536,"ངས་ཆོས་དེ་ཙམ་བསྒྲུབས་ཡིན།"
2422621,2427409,4788,"ད་རུང་ཉམས་དང་རྟོགས་པ་སྐྱེ་ཡོད་མིན་ཟེར་རེ་འཁང་ཡིན་པ་ཆོས་པའི་ལུགས་མ་ཡིན།"
2427409,2431910,4501,"ཚིག་གིས་ནི་སེམས་ཅན་ཐམས་ཅད་ཤ་ཚ། སྙིང་རྗེ་ཟེར།"
2431910,2434623,2713,"ལག་ཏུ་ལེན་རྒྱུ་རང་དོན་ཁོ་ན་བསྒྲུབས་ནས་"
2434623,2437858,3235,"གཞན་དོན་བྱས་པ་ཡིན་བསམ་པ་འདི་ཆོས་དང་མཐུན་པའི་ལུགས་མ་ཡིན།"
2437858,2440292,2434,"སེམས་ལ་བདག་འཛིན་གྱི་མདུད་པ་འདི་"
2440292,2442978,2686,"བསྡམ་ཐག་ཆོད་བྱས་ཁ་ནས་ཐམས་ཅད་སྟོང་པ་ཉིད།"
2442978,2448009,5031,"ཐར་ལམ་གྱི་གོ་འཕང་ཐོབ་འགྲོ་རེ་བ་འདི་ཆོས་དང་མཐུན་པའི་ལུགས་མ་ཡིན།"
2448009,2452889,4880,"སེམས་ལ་རང་གི་ལྟ་བ་གང་འདྲའི་ཡོད་ན་"
2452889,2455848,2959,"རྟག་ལྟ་ཆད་ལྟ་ཅི་སྒོམ་གྱི་ཡོད་ན་འདི་མཆོག་ཏུ་འཛིན།"
2455848,2458930,3082,"ཁ་ནས་མཐའ་བྲལ་སྟོང་པ་ཉིད་ཟེར་"
2458930,2461421,2491,"གནས་ལུགས་རྟོགས་པའི་རེ་བ་འདི་ཆོས་པའི་ལུགས་མ་ཡིན།"
2461421,2465367,3946,"དེ་རྣམས་བྱས་ན་བསྟན་པ་སྤྱི་ཡི་བཀའ་སྲོལ་འདི་ཉམས་འགྲོ་བ་ཡིན།"
2465367,2470141,4774,"(328) ཤིན་ཏུ་དགེ་ཞིང་ལེགས་པའི་ཆོས་དྲུག་ནི། །བསྟན་པ་གནས་ཤིང་དལ་འབྱོར་ཐོབ་དུས་འདིར། །"
2470141,2474000,3859,"འཁོར་བའི་དོང་ལས་མྱུར་དུ་འབྲོས་རེ་རན། །ཐོས་བསམ་སྙིང་པོའི་ཉམས་སུ་ལེན་དུས་འདིར། །"
2474000,2477814,3814,"རང་རྒྱུད་ཁེངས་པའི་ཆོས་དང་བསྲེ་རེ་རན། །སྣ་ཚོགས་སྡུག་བསྔལ་འགལ་རྐྱེན་མང་དུས་འདིར། །"
2477814,2487508,9694,"སྒྲུབ་པའི་ཆོས་ལ་སྙིང་རུས་བསྐྱེད་རེ་རན། །ཚོགས་དྲུག་སྒོ་ལ་ཡུལ་དྲུག་ཤར་དུས་འདིར། །"
2487508,2491457,3949,"གཟུང་འཛིན་གཉིས་སྣང་རང་སར་གྲོལ་རེ་རན། །ལྟ་སྒོམ་སྤྱོད་པའི་དོན་ལ་སྒོམ་དུས་འདིར། །"
2491457,2496793,5336,"རིག་པའི་རྩལ་སྦྱོང་ཕྱོགས་མེད་བྱེད་རེ་རན། །གཏན་གྱི་འདུན་མ་ད་རེས་སྒྲུབ་དུས་འདིར། །"
2496793,2500391,3598,"བརྩེ་བའི་གདམས་ངག་འབད་པས་སྒྲུབ་རེ་རན། །དེ་ལྟར་གཉེན་པོས་རང་ཚོད་མ་ཟིན་ན། །"
2500391,2502742,2351,"འཆི་དུས་ལུས་ལ་འཆི་བདག་བཞད་གད་བྱེད། །"
2514951,2518339,3388,"མཐར་ཐུག་ངེས་ལེགས་ལ་ཡོད་པའི་ཆོས་དྲུག་ཡོད། གང་རེད་ཟེར་ན།"
2518339,2522133,3794,"སངས་རྒྱས་ཀྱི་བསྟན་པ་གནས། དལ་འབྱོར་གྱི་མི་ལུས་ཐོབ་པའི་སྐབས་འདིར།"
2522133,2526443,4310,"དཔེར་ན་མཐུན་རྐྱེན་འཛོམས་དུས་ཡུལ་གཞན་དག་ཅིག་ལ་འགྲོ་དགོས་ན་"
2526443,2528103,1660,"མཐུན་རྐྱེན་ཐམས་ཅད་འཛོམས་བསྡད་ཡོད་རེད།"
2528103,2529954,1851,"འགྲོ་གང་ཐུབ་བྱེད་དགོས་རྒྱུ་རེད་དུས།"
2529954,2532781,2827,"དཔེ་དེ་བཞིན་དུ་ཆོས་སངས་རྒྱས་ཀྱི་བསྟན་པ་གནས།"
2532781,2535957,3176,"དལ་འབྱོར་གྱི་མི་ལུས་ཐོབ་དུས་ཁམས་གསུམ་འཁོར་བའི་དོང་ལས་འབྲོས་"
2535957,2537660,1703,"ཆེ་ཐོན་ཆུང་ཐོན་བྱེད་དགོས་གསུངས།"
2537660,2541173,3513,"ཐོས་བསམ་སྒོམ་གསུམ་གྱི་སྙིང་པོ་ཉམས་ལེན་བྱེད་པའི་དུས་འདིར།"
2541173,2547193,6020,"རང་གི་རྒྱུད་འདི་ཆོས་དང་བསྲེས་ནས་ཆོས་དང་རང་རྒྱུད་འདི་"
2547193,2549185,1992,"ཞུ་དག་འཕེར་བ་ཞིག་བྱེད་རེ་རན་ཡིན།"
2549185,2552201,3016,"སྣ་ཚོགས་སྡུག་བསྔལ་གྱི་འགལ་རྐྱེན་ནད་མུག་འཁྲུག་རྩོད།"
2552201,2555001,2800,"ཆགས་སྡང་རྨོངས་གསུམ་ཕྲག་དོག་འགལ་རྐྱེན་ཆེ་ནས་བཟུང་སྟེ།"
2555001,2559194,4193,"ད་སྒྲུབ་པ་འདི་གཙོ་བོ་བྱས་ན་དྲག་ས་རེད་བསམ་ནས་དེ་ལ་སྙིང་རུས་བསྐྱེད་ནུས་པ་ཡིན།"
2559194,2565450,6256,"ཡུལ་གཟུགས་སྒྲ་དྲི་རོ་རེག་བྱ་ཚོགས་དྲུག་གི་སྒོ་ལ་ཡུལ་དྲུག་ཤར་དུས་འདིར།"
2565450,2569654,4204,"ཆགས་སྡང་གིས་ལས་མང་པོ་མི་བསགས་པ་གཟུང་འཛིན་གཉིས་སུ་སྣང་བའི་མདུད་པ་འདི་"
2569654,2574304,4650,"རང་སར་གྲོལ་རྒྱུ་ལ་རན་པ་ཡིན། ལྟ་སྒོམ་སྤྱོད་པའི་དོན་ལ་སྒོམ་དུས་འདིར་ནི།"
2574304,2578557,4253,"རང་གི་ལྟ་བ་རིག་པའི་རྩལ་སྦྱོང་སྟེ་ལྟ་སྒོམ་སྤྱོད་གསུམ་གང་གི་ཕྱོགས་ནས་ཀྱང་"
2578557,2580310,1753,"ཡོན་ཏན་ཐམས་ཅད་རྫོགས་པ་རེད།"
2580310,2582007,1697,"གཏན་གྱི་འདུན་མ་དམ་པའི་ཆོས་"
2582007,2585394,3387,"ད་རེས་སྒྲུབ་ཆོག་ཆོག་རང་གི་ལག་མཐིལ་འདི་ན་ཡོད་དུས།"
2585394,2589296,3902,"དཔལ་ལྡན་བླ་མའི་ཐུགས་བརྩེ་བ་ཆེན་པོའི་གདམས་ངག་གསུངས་འོང་བ་འདི།"
2589296,2592909,3613,"དཔེར་ན་དབུལ་པོ་ཟས་དང་འཕྲད་པ་ལྟར་དུ་འབད་པས་སྒྲུབ་རེ་རན།"
2592909,2597408,4499,"དེ་ལྟར་གཉེན་པོས་རང་ཚོད་ཟིན་ཏེ་མཐུན་རྐྱེན་ཚོགས་བཞིན་དུ་སྒྲུབ་པ་མ་བྱས་ན།"
2597408,2603370,5962,"འཆི་དུས་དེ་ནས་འཆི་བདག་གིས་བཞད་གད་བྱེད་དེ་རང་སེམས་ཕམ་སྟེ་འཆི་བ་ཡིན།"
2603370,2607499,4129,"(329) མི་འགྲུབ་འགལ་བ་གླབ་ཅོལ་ཆོས་དྲུག་ནི། །རང་གིས་རང་ལ་རང་དབང་མ་ཐོབ་པར། །"
2607499,2611338,3839,"གཞན་དབང་བྱེད་འདོད་འགལ་བ་གླབ་ཅོལ་ཞིག །རང་ཕན་མ་བསྒྲུབས་ཕན་འདོགས་མི་ནུས་བཞིན། །"
2611338,2614972,3634,"གཞན་ཕན་སྒྲུབ་འདོད་འགལ་བ་གླབ་ཅོལ་ཞིག །རང་ཉིད་སློབ་མའི་མཚན་ཉིད་མི་ལྡན་པར། །"
2614972,2619775,4803,"སློབ་དཔོན་བྱེད་འདོད་འགལ་བ་གླབ་ཅོལ་ཞིག །རང་ཉིད་ཀོ་སྐམ་བཞིན་དུ་མ་དུལ་བར། །"
2619775,2623660,3885,"གཞན་རྒྱུད་འདུལ་བ་འགལ་བ་གླབ་ཅོལ་ཞིག །རང་ལ་འདིར་རྒྱག་རྟོགས་པའི་གདེང་མེད་པར། །"
2623660,2627514,3854,"གཞན་ལ་སྒོམ་འབོགས་འགལ་བ་གླབ་ཅོལ་ཞིག །རང་ཉིད་ཐ་མལ་ཀུན་སྤྱོད་མ་ལོག་པར། །"
2627514,2631440,3926,"གཞན་དག་ཆོས་འགོད་འགལ་བ་གླབ་ཅོལ་ཞིག །དེ་འདྲའི་རང་བཞིན་སྐྱོན་གྱིས་མ་གོས་གཅེས། །"
2631440,2639044,7604,"གསུངས་ནས་བཟུང་སྟེ། ད་དེ་རྗེས་སུ་མི་འགྲུབ་པའི་བྱ་བ་གླབ་ཅོལ་ཟེར་"
2639044,2641756,2712,"ཧོབ་ཀྱིས་བཟོས་བཞག་རྒྱུ་ཆོས་དྲུག་ཡོད། གང་རེད་ཟེར་ན།"
2655732,2658359,2627,"ཕུན་སུམ་ཚོགས་པ་ཡིན་བསམ་སྤྲོ་བ་མ་བྱེད་པ།"
2658359,2663613,5254,"གཞན་རྒྱལ་པོ་ཆེན་པོའི་གཡོག་བྱེད་རྒྱུ་ལྟ་བུ་ལ་བྱེད་འདོད་བྱེད་རྒྱུ་འདི་ནི་"
2663613,2664686,1073,"འཁྲུལ་པ་རེད་གསུངས་རེད།"
2664686,2668488,3802,"རང་གིས་ཕན་པ་མ་བསྒྲུབས་པས་རང་གི་རྒྱུད་ལ་ཕན་འདོགས་མི་ནུས་པ།"
2668488,2671613,3125,"གཞན་སེམས་ཅན་གྱི་གཞན་དོན་སྒྲུབ་བསམ་རྒྱུ་འདི་དང་འགལ་བ་རེད།"
2671613,2674354,2741,"རང་ཉིད་སློབ་མའི་མཚན་ཉིད་མ་ལྡན་བཞིན་དུ་"
2674354,2678159,3805,"ད་རུང་བླ་མའི་མཚན་ཉིད་ལྡན་པའི་སློབ་དཔོན་བྱེད་འདོད་རྒྱུ་འདིའང་རྒྱབ་འགལ་རེད།"
2678159,2682358,4199,"རང་ཉིད་ཀོ་བ་སྐམ་པོ་བཞིན་དུ་སེམས་མ་དུལ་དུས་"
2682358,2686242,3884,"གཞན་སློབ་མ་ལ་ཁྲིད་འབུལ་ཏེ་གཞན་རྒྱུད་འདུལ་བ་འདིའང་འགལ་བ་རེད།"
2686242,2689092,2850,"རང་ལ་འདིར་རྒྱག་རྟོགས་པའི་གདེང་མེད་པར་"
2689092,2692392,3300,"གཞན་ལ་ཉམས་ཁྲིད་སྒོམ་ཡིན་ཟེར་འབོགས་པ་འདི་འགལ་བ་རེད།"
2692392,2696320,3928,"རང་ཉིད་ཐ་མལ་ཀུན་སྤྱོད་སོ་སོ་སྐྱེ་བོའི་བྱ་བ་ལས་མ་འདས་པ་"
2696320,2702642,6322,"གཞན་དག་དམ་པའི་ཆོས་ལ་འགོད་ནུས་པ་དེ་རྫི་བོས་བྱ་ཁྱུང་སྒྲུབ་པ་ལྟ་བུ་རེད།"
2702642,2705710,3068,"དེ་འདྲའི་རང་བཞིན་སྐྱོན་གྱིས་མ་གོས་པ་གཅེས་པ་ཡིན།"
2705710,2709827,4117,"(330) དམ་ཆོས་ལེགས་པར་བསྐུལ་བའི་ཆོས་དྲུག་ནི། །དོན་མེད་འཇིག་རྟེན་བྱ་བ་སྤོང་འདོད་ན། །"
2709827,2713750,3923,"དད་པ་སྐྱེ་དུས་བྱ་བྱེད་འཕྲོ་ལ་ཞོག །བྱས་ཀྱང་ཆུ་གཉེར་འདྲ་སྟེ་ཟིན་དུས་མེད། །"
2713750,2722738,8988,"དབེན་པའི་གནས་སུ་ཕྱིན་ནས་སྒྲུབ་འདོད་ན། །དྲན་དུས་དྲན་པ་ཤོལ་མེད་དེ་ཀར་སོང༌། །"
2722738,2726790,4052,"དེ་དུས་མ་ཕྱིན་འགལ་རྐྱེན་བཤོལ་འདེབས་མང༌། །བླ་མ་བསྟེན་དུས་ཅི་གསུང་བཀའ་ཉན་དགོས། །"
2726790,2731299,4509,"ངས་བྱས་ཡུས་ཀྱིས་ཐུགས་ཟིན་དུས་མི་འོང༌། །སེམས་ཉིད་བལྟ་དུས་མ་བཅོས་རང་བཞག་དགོས། །"
2731299,2735326,4027,"མ་བཞག་བཅོས་མས་རང་ངོ་མཐོང་དུས་མེད། །ཡོན་ཏན་འཚོལ་དུས་བརྩོན་འགྲུས་གཉུག་བསྲིང་དགོས། །"
2735326,2739346,4020,"ངང་ཐུང་རེས་འཇོག་ཡོན་ཏན་རྫོགས་དུས་མེད། །ཟད་སར་སྐྱེལ་དུས་གནས་ལུགས་ས་ཟིན་དགོས། །"
2739346,2742202,2856,"གཞན་དུ་བཙལ་བས་རྙེད་པའི་དུས་མི་འོང༌། །"