0,3744,3744,"(352) རྒྱལ་སྲས་རྣམས་ཀྱི་མགོ་དྲུག་བསྟན་པ་ནི། །ལྷ་དང་བཅས་པའི་འཇིག་རྟེན་འདུ་བྱའི་ཕྱིར། ། ཡོན་ཏན་མཆོག་ལྡན་བླ་མ་འདུད་པའི་མགོ །དཀོན་མཆོག་གསུམ་གྱི་གདུང་རྒྱུད་མི་བཅད་ཕྱིར། ། བདེ་གཤེགས་རྣམས་ཀྱི་ཚུལ་བླངས་བསྡུས་པའི་མགོ །སྟོང་གསུམ་ཀུན་གྱི་བདག་པོར་འགྱུར་བྱའི་ཕྱིར། ། རྣམ་དག་ཟབ་མོ་མོས་པ་བླངས་པའི་མགོ །འགྲོ་ཀུན་བྱང་ཆུབ་ལམ་ལ་དགོད་བྱའི་ཕྱིར། །"
3744,7976,4232,"སེམས་ཅན་ཐམས་ཅད་ཡོངས་སུ་སྨིན་བྱེད་མགོ །གོང་ན་མེད་པའི་ཆོས་རབ་གྲུབ་བྱའི་ཕྱིར། །"
7976,12340,4364,"ཤེས་རབ་ཕ་རོལ་ཕྱིན་ལ་གནས་པའི་མགོ ཁམས་གསུམ་ཀུན་གྱིས་མཆོད་པར་བྱ་བའི་ཕྱིར། །"
12340,17467,5127,"དགེ་བའི་རྩ་བ་ཡོངས་སུ་བསྔོ་བའི་མགོ །དེ་ལྟར་ལྡན་རྣམས་ས་མཆོག་དཀྱིལ་འཁོར་འགྲུབ། །"
17467,21742,4275,"གསུངས་པ་འདི། ད་རྒྱལ་སྲས་རྣམས་ཀྱི་ཡང་མགོ་དྲུག །"
21742,25937,4195,"ལྷ་དང་བཅས་པའི་འཇིག་རྟེན་ཐམས་ཅད་འདུ་བར་བྱ་བའི་ཕྱིར་དུ།"
25937,31524,5587,"ཡོན་ཏན་མཆོག་དང་ལྡན་པའི་བླ་མ་དགེ་བའི་བཤེས་གཉེན་མཆོག་ཏུ་གྱུར་པ་རྣམས།"
31524,33766,2242,"ཚངས་པ་དང་བརྒྱ་བྱིན་ལ་སོགས་པ་ཡིན་ནའང་"
33766,38594,4828,"འཇིག་རྟེན་བླ་མ་འདིའི་ཞབས་ཀྱི་པདྨོ་ལ་འདུད་དགོས་རྒྱུ་རེད་དུས།"
38594,43145,4551,"དེ་ལྟ་བུ་བསྟེན་པ་དང༌། དཀོན་མཆོག་གསུམ་ཟེར་བ་འདི་འཕྲིན་ལས་ཀྱི་གདུང་འདི།"
43145,46476,3331,"དཔེར་ན་མི་ཆད་པར་བྱ་བའི་ཕྱིར་དུ་བདེ་བར་གཤེགས་པ་རྣམས་"
46476,50857,4381,"སངས་རྒྱས་དང་བྱང་ཆུབ་སེམས་དཔའ་ཚུལ་དུ་གཏོང་བ་དང༌།"
50857,53192,2335,"སྟོང་གསུམ་གྱི་ཀུན་གྱི་བདག་པོ་འགྱུར་བའི་ཕྱིར་དུ།"
53192,57458,4266,"དེ་ད་ལྟ་སྟོང་གསུམ་མི་མཇེད་ཀྱི་བདག་པོ་ཚངས་པ་ཆེན་པོ་ཡང་"
57458,60853,3395,"བྱང་ཆུབ་སེམས་པའི་ཚུལ་དུ་བསྟན་པ་དེ་ཡིན་དུས།"
60853,65814,4961,"རྣམ་དག་ཟབ་མོ་མོས་པ་བླངས་པ་མགོ །འགྲོ་ཀུན་ཐར་པ་དང་བྱང་ཆུབ་ལམ་ལ་དགོད་པའི་ཕྱིར།"
65814,69447,3633,"སེམས་ཅན་ལ་གང་འདིས་ཕན་ན་དེ་བཞིན་དུ་བྱ་དང༌། རི་དྭགས།"
69447,73077,3630,"སློང་མོ་བ་ལ་སོགས་ཚུལ་དུ་བསྟན་པ་ཡོངས་སུ་སྨིན་པའི་མགོ །"
73077,75061,1984,"གོང་ན་མེད་པའི་ཆོས་རབ་འགྲུབ་པའི་ཕྱིར།"
75061,79971,4910,"འཕགས་བཞི་བསྐྱེད་པའི་ཡུམ་ཆེན་མོ་ཡིན་ན་ཉན་ཐོས། རང་རྒྱལ། བྱང་ཆུབ་སེམས་དཔའ།"
79971,84034,4063,"སངས་རྒྱས་ཐམས་ཅད་འདིས་བསྐྱེད་དུས་ཕ་རོལ་ཏུ་ཕྱིན་པ་ལ་གནས་པའི་མགོ"
84034,87826,3792,"ཁམས་གསུམ་ཀུན་གྱིས་མཆོད་པར་བྱ་བའི་ཕྱིར་དུ་"
87826,89612,1786,"དགེ་བའི་རྩ་བ་ཡོངས་སུ་བསྔོ་ཡོང་དུས་"
89612,92701,3089,"ཁམས་གསུམ་གྱི་སེམས་ཅན་ཐམས་ཅད་ཀྱིས་སྤྱི་བོའི་གཙུག་ཏུ་བཏུད་པས།"
92701,94469,1768,"དེ་ལྟར་ལྡན་རྣམས་ས་མཆོག་དཀྱིལ་འཁོར་འགྲུབ་གསུངས།"
94469,96683,2214,"དེ་བྱང་ཆུབ་སེམས་དཔའི་ས་ཐོབ་པའི་སྤྱོད་ཡུལ་རེད།"
96683,101661,4978,"(353) རྒྱལ་སྲས་རྣམས་ཀྱི་རྣ་བ་དྲུག་ལྡན་ནི། །སྙན་མིན་སྙན་ཐོས་དགག་སྒྲུབ་མེད་པ་དང༌། །"
101661,106177,4516,"ཉན་ནས་གཏམ་ཐོས་མི་འདོད་སྨོད་མི་བྱེད། །སེམས་དཔའ་འབྱུང་བའི་གཏམ་ཐོས་སྤྲོ་བ་སྐྱེད། །"
106177,112265,6088,"མི་ཁོམ་སྐྱེས་ཐོས་སྙིང་རྗེའི་གོ་ཆ་གྱོན། །སངས་རྒྱས་བསྔགས་ཐོས་འདོད་ཕྱིར་བརྩོན་འགྲུས་རྩོམ། །"
112265,116663,4398,"ཕྱོགས་བཅུའི་འཇིག་རྟེན་སྒྲ་ཀུན་བྲག་ཅར་ཤེས། །དེ་ལྟར་ཉན་པའི་རྣ་བ་དྲུག་ལྡན་བྱ། །"
116663,120600,3937,"གསུངས་དུས། བྱང་ཆུབ་སེམས་དཔའ་རྣམས་ལ་སྙན་གྱི་དབང་པོ་དྲུག་ཡོད།"
120600,126177,5577,"གང་རེད་ཟེར་ན། བྱང་ཆུབ་སེམས་དཔའ་རྣམས་ལ་སྙན་པ་མིན་པའི་ཚིག་བདུད་རེད།"
126177,130195,4018,"ངན་པ་རེད་ཟེར་ནའང་དཔེར་ན། སངས་རྒྱས་ལ་ལྷས་སྦྱིན་གྱིས་སྐུར་བ་བཏབ་པ་དང༌།"
130195,134594,4399,"མུ་སྟེགས་པས་སྐུར་བ་ལྟ་བུ་བྱས་ན་སངས་རྒྱས་ཐུགས་འཁྲུགས་པ་དང་གང་ཡང་ཡོད་མ་རེད།"
134594,138963,4369,"ལྷ་དང་བཅས་པས་འཇིག་རྟེན་ཐམས་ཅད་ཀྱིས་སངས་རྒྱས་ལ་བསྔགས་པ་བརྗོད་ན།"
138963,142307,3344,"ང་སངས་རྒྱས་ལ་བསྟོད་ར་དེ་འདྲ་མང་པོ་གཏོང་གི་འདུག་བསམ་ནས་"
142307,145259,2952,"ཐུགས་དགའ་བ་ཡོད་རྒྱུ་མ་རེད་དུས་དགག་སྒྲུབ་མེད་པ་དང༌།"
145259,153329,8070,"དེ་ལྟ་བུའི་བྱང་ཆུབ་སེམས་དཔའི་སྙན་ལ་ཉན་འོང་ནའང་བསྟོད་ར་བྱེད་ཀྱི་གཏམ་ཡོད་ན་འདྲ།"
153329,157886,4557,"སྨད་པའི་གཏམ་ཡོད་ན་འདྲ། ཕ་རོལ་པོ་ཞིག་གི་སྡང་སེམས་ཀྱིས་སྨད་པའི་གཏམ་བྱས་ན།"
157886,162323,4437,"ང་ལ་འདིས་དེ་འདྲ་ཟེར་གྱི་འདུག །ཁོ་རང་ལ་སྐྱོན་འདི་འདྲ་ཡོད་རེད་ཟེར་སྐྱོན་བརྗོད་བརྗོད་པ་དང༌།"
162323,166555,4232,"སྨད་པ་ལ་འཁོན་འཛིན་ཡོད་མ་རེད། དེ་ནས་སེམས་དཔའ་འབྱུང་བའི་གཏམ་ཐོས་སྤྲོ་བ་སྐྱེད།"
166555,170499,3944,"བྱང་ཆུབ་སེམས་དཔའ་རྣམས་ཀྱིས་སྔོན་གྱི་སྐྱེས་རབས་འདི་ལ་སྦྱིན་པ་གཏོང་ཚུལ།"
170499,173746,3247,"ཏིང་ངེ་འཛིན་སྒོམ་ཚུལ། སངས་རྒྱས་ཀྱི་སྐྱེས་རབས་ལྟ་བུ་"
173746,175690,1944,"གཏམ་ཐོས་འོང་ན་ཐུགས་སྤྲོ་བ་སྐྱེད་དེ།"
175690,179142,3452,"ང་ཡང་དེ་ལྟ་བུའི་སྤྱོད་པ་སྤྱད་པར་ཤོག་ཅིག་བསམ་སྨོན་ལམ་འདེབས་པ།"
179142,182009,2867,"མི་ཁོམ་པའི་གནས་རིས་བརྒྱད་ལ་སྐྱེས་འོང་བ་"
182009,184762,2753,"བྱང་ཆུབ་སེམས་དཔས་ཐོས་ན་ལྷག་པར་དུ་སྙིང་རྗེ་སྐྱེ་སྟེ།"
184762,189361,4599,"དཔེར་ན་མཐའ་འཁོབ་སྣོད་བྱ་བའི་ཕྱིར་དུ་"
189361,193237,3876,"སངས་རྒྱས་ཀྱིས་སྤྲུལ་པའི་ཉན་ཐོས་ཀཱ་ཏ་ཡཱ་ན་གསུངས་པ་དང༌།"
193237,195505,2268,"བོད་གངས་ཅན་ཆོས་མི་དར་བ་འདུལ་བའི་ཕྱིར་དུ་"
195505,199452,3947,"མཁན་སློབ་ཆོས་གསུམ་ལྟ་བུ་ཐུགས་བསྐྱེད་གོ་ཆ་ལྷག་པར་ཆེ་འགྲོ་རེད་མ་གཏོགས།"
199452,205796,6344,"སྡུག་ཏུ་འགྲོ་ཡི་ཡོད་མ་རེད། སངས་རྒྱས་བསྔགས་པ་ཐོས་པའི་ཕྱིར་སངས་རྒྱས་ཀྱི་ཡེ་ཤེས་དང་ཡོན་ཏན་ཐོས་འོང་དུས་"
205796,211433,5637,"དེ་ལྟ་བུ་ཞིག་ངས་ནམ་ཐོབ་ན་བསམ་ནས་འདི། དཔེར་ན་མི་འདོད་པ་ཆེན་པོ་ཞིག་ཡོད་ན་"
211433,214517,3084,"དེ་ནོར་གྱི་རིན་ཐང་གོ་ཡོང་དུས་ངས་འདི་རེ་ཐོབ་ན་བསམ་རྒྱུ་རེད།"
214517,218102,3585,"དེ་ལྟ་བུའི་བརྩོན་འགྲུས་བྱེད་པ་དང༌། ཕྱོགས་བཅུའི་འཇིག་རྟེན་ན་"
218102,221354,3252,"བསྟོད་པའི་སྙན་པའི་སྒྲ་དང༌། མི་སྙན་པ་སྨད་པའི་སྒྲ་ཡིན་ན།"
221354,225178,3824,"གཏམ་རྣམས་བྲག་ཅ་ལྟ་བུ་རྒྱལ་བས་གསུངས། །ཞེས་དཔལ་སྤྲུལ་རིན་པོ་ཆེ་གསུངས་པས།"
225178,228769,3591,"བསྟོད་པས་སེམས་མཐོ་བཞག་རྒྱུ། སྨད་པས་སེམས་དམའ་བཞག་རྒྱུ་མེད་པ།"
228769,231313,2544,"དེ་ལྟར་ཉན་པའི་རྣ་བ་དྲུག་ལྡན་བྱ།"
231313,235227,3914,"(354) རྒྱལ་སྲས་རྣམས་ཀྱི་ལྟ་བའི་མིག་དྲུག་ནི། །འཇིག་རྟེན་གཟུགས་རྣམས་བལྟ་ཕྱིར་ཤ་ཡི་མིག །"
235227,239612,4385,"སེམས་ཅན་རིགས་རྣམས་བལྟ་ཕྱིར་ལྷ་ཡི་མིག །སེམས་ཅན་དབང་པོ་བལྟ་ཕྱིར་ཤེས་རབ་མིག །"
239612,243820,4208,"ཆོས་རྣམས་ཇི་བཞིན་བལྟ་ཕྱིར་ཆོས་ཀྱི་མིག །སྒྲིབ་པ་མེད་པར་བྱ་ཕྱིར་ཆགས་མེད་མིག །"
243820,249451,5631,"ཆོས་དབྱིངས་བལྟ་ཕྱིར་ཐམས་ཅད་མཁྱེན་པའི་མིག །དེ་དང་ལྡན་པས་སེམས་ཅན་དོན་ཡོངས་འགྲུབ། །"
249451,251211,1760,"གསུངས་དུས། དེ་ནས་བྱང་ཆུབ་སེམས་དཔའ་རྣམས་"
251211,255224,4013,"སེམས་ཅན་གྱི་ཁམས་ལ་གཟིགས་དུས་མིག་དྲུག་ཡོད། གང་རེད་ཟེར་ན།"
255224,258975,3751,"སྟོང་གསུམ་འཇིག་རྟེན་གྱི་ཁམས་ཐམས་ཅད་རི་བྲག་དང་"
258975,263385,4410,"རྒྱང་རིང་པོའི་ཐོགས་རེག་མེད་པ་ཐམས་ཅད་ཐོགས་མེད་དུ་མཁྱེན་པ་དང༌།"
263385,268190,4805,"འདི་མི་ཚད་ད་ལྟ་དཔེར་ན་མོ་ཊར་གྱི་འཁོར་ལོ་གཅིག་གི་ས་ཆ་འདི་ལྟ་བུ་ཡིན་ན།"
268190,273239,5049,"ཕྱི་རོལ་པའི་དྲང་སྲོང་མངོན་ཤེས་དང་ལྡན་པ་རྣམས་ཀྱིས་མཐོང་ལ།"
273239,278151,4912,"ཁ་རོག་ང་ཚོའི་ཐ་མལ་གྱི་མིག་གིས་མི་མཐོང་བའི་འཇིག་རྟེན་གྱི་ཁམས་མང་པོ་ཡོད་རྒྱུ་རེད།"
278151,281783,3632,"ཕྱི་རོལ་མུ་སྟེགས་པའི་དྲང་སྲོང་མངོན་ཤེས་དང་ལྡན་པ་རྣམས་ཀྱིས་"
281783,283368,1585,"མཐོང་བའི་ས་ཆ་འདི་འདྲ་ཞིག་ལ།"
283368,287272,3904,"ཉན་རང་རྣམས་ཀྱི་མངོན་ཤེས་ཀྱིས་གཟིགས་ན་དེ་ལས་མང་ཙམ་ཞིག་ཡོད་གསུངས་རེད།"
287272,289905,2633,"དེ་སྟེང་དུ་བྱང་ཆུབ་སེམས་དཔའི་མངོན་ཤེས་ཀྱིས་གཟིགས་ན་"
289905,295348,5443,"དེ་ལས་ཀྱང་མང་ཙམ་དུ། དེ་སྟེང་དུ་ཐམས་ཅད་མཁྱེན་པའི་སངས་རྒྱས་ཀྱི་ཡེ་ཤེས་ཀྱིས་གཟིགས་ན་"
295348,297650,2302,"རྡུལ་གཅིག་སྟེང་དུ་རྡུལ་སྙེད་སངས་རྒྱས་ཟེར།"
297650,300466,2816,"ཞིང་དག་པ་དང་མ་དག་པ་ཐམས་ཅད་མཐོང་འོང་དུས་"
300466,303016,2550,"ཐོགས་སྒྲིབ་མེད་པ་ཤའི་མིག་ཟེར་མཁན་དང་ནི།"
303016,306246,3230,"སེམས་ཅན་རྣམས་ལ་ཆོས་བསྟན་དགོས་ན་འདི་དབང་པོ་རབ་འདུག །"
306246,308034,1788,"ཐེག་པ་ཆེན་པོའི་ཆོས་བསྟན་དགོས་འདུག །"
308034,309435,1401,"གསང་སྔགས་རྡོ་རྗེ་ཐེག་པ་བསྟན་དགོས་འདུག །"
309435,312528,3093,"འདི་ཉན་ཐོས་ཀྱི་ཆོས་བསྟན། འདི་རང་རྒྱལ་གྱི་ཆོས་འདི་གསུངས།"
312528,316103,3575,"རང་རང་གི་ཁམས་དབང་པོ་བསམ་པ་ཐམས་ཅད་ལྟ་བར་བྱེད།"
316103,319172,3069,"མངོན་ཤེས་ཀྱིས་ལྐོག་གྱུར་མཁྱེན་འགྲོ་བས་ལྷའི་མིག་དང༌།"
319172,324470,5298,"སེམས་ཅན་གྱི་དབང་པོ་རབ་འབྲིང་ཐ་མ་བལྟ་བར་བྱ་བའི་ཕྱིར་དུ་ཤེས་རབ་ཀྱི་མིག་དང༌།"
324470,328302,3832,"ཆོས་ཕུང་བརྒྱད་ཁྲི་བཞི་སྟོང་གཟིགས་ན་དཔེར་ན་དྲང་དོན་དང༌།"
328302,331009,2707,"ངེས་དོན། སྒྲ་ཇི་བཞིན་དང༌། ཇི་བཞིན་མ་ཡིན་པ་ཐམས་ཅད་"
331009,334927,3918,"ཚུལ་བཞིན་དུ་རྟོགས་པའི་ཆོས་ཀྱི་མིག་དང། འདས་མ་འོངས་"
334927,339401,4474,"ད་ལྟ་དུས་གསུམ་གྱི་ཤེས་བྱ་ཐམས་ཅད་ལ་སྒྲིབ་པ་མེད་པར་བྱ་བས་ཆགས་མེད་ཀྱི་མིག །"
339401,342408,3007,"ཆོས་ཀྱི་དབྱིངས་བསམ་གྱིས་མི་ཁྱབ་པ་བལྟ་བར་བྱ་བའི་ཕྱིར་"
342408,345769,3361,"སོ་སོར་རང་རིག་པ་ཐམས་ཅད་མཁྱེན་པའི་མིག །"
345769,350581,4812,"ཇི་ལྟ་ཇི་སྙེད་མཁྱེན་པ་དེ་ལྟ་བུ་མིག་དྲུག་དང་ལྡན་པས་སེམས་ཅན་གྱི་དོན་ཡོངས་འགྲུབ།"
350581,356699,6118,"(355) རྒྱལ་སྲས་རྣམས་ཀྱི་ལག་པ་རྣམ་དྲུག་ནི། །རྒྱལ་མོས་ཡིད་ཆེས་བྱ་ཕྱིར་དད་པའི་ལག །"
356699,361163,4464,"སློང་བ་ཡིད་བཞིན་ཚིམ་བྱེད་གཏོང་བའི་ལག །ཐེ་ཚོམ་བཅད་ཕྱིར་ཐོས་པ་དམ་པའི་ལག །"
361163,365588,4425,"སེམས་ཅན་འདོན་ཕྱིར་བདེ་བར་འཇོག་པའི་ལག །འགྲོ་ལ་ཆོས་སྟོན་སེར་སྣ་མེད་པའི་ལག །"
365588,372969,7381,"ཚོགས་སྡུད་རྒྱལ་མཆོད་རིམ་གྲོ་བྱེད་པའི་ལག །དེ་དང་ལྡན་པས་ཆོས་ཀྱི་སྣང་བ་སྟོན། །"
372969,377285,4316,"གསུངས་དུས། བྱང་ཆུབ་སེམས་དཔའ་རྣམས་བྱ་བ་དམ་པ་དྲུག་ཡོད།"
377285,381559,4274,"གང་རེད་ཟེར་ན། རྒྱལ་བ་སངས་རྒྱས་ཀྱི་གོ་འཕང་ལ་མོས་པ་བསྐྱེད་པར་བྱ་བའི་ཕྱིར།"
381559,384381,2822,"ཕྱག་ལ་དད་པའི་ལག་པ་ཡོད་པའི་ཕྱིར་ན་"
384381,387772,3391,"སངས་རྒྱས་ཀྱི་ཡོན་ཏན་བརྗོད་པ་ལ་རྨོངས་པ་མེད་པ་དང༌།"
387772,392326,4554,"སློང་བ་སྟེ་སྤང་གོ་སེམས་ཅན་ཐམས་ཅད་ལ་རང་གི་ལུས་དང་མིག་དང་"
392326,395513,3187,"བུ་དང་ཆུང་བ་ཡན་ཆད་ཇི་ལྟར་འདོད་པ་བཞིན་དུ་སྟེར་བར་བྱེད་པ་"
395513,398177,2664,"གཏོང་བ་སྦྱོང་བའི་ཕ་རོལ་ཏུ་ཕྱིན་པའི་ལག་ཡོད་པ་དང༌།"
398177,401525,3348,"གང་ཟག་གཞན་ཐོས་བསམ་སྒོམ་གསུམ་བྱེད་པ་རྣམས་ལ་"
401525,406449,4924,"ཐེ་ཚོམ་གྱི་སྒྲོ་འདོགས་གཅད་པར་བྱ་བའི་ཕྱིར་དུ་ཐོས་པ་དམ་པའི་ཕྱག་ལག་དང་ལྡན་པ་དང༌།"
406449,409520,3071,"སེམས་ཅན་ཐམས་ཅད་འཁོར་བའི་སྡུག་བསྔལ་གྱི་རྣམས་ལས་འདོན་ཏེ་"
409520,412860,3340,"ཐར་པའི་ལམ་དུ་བདེ་བར་འཇོག་སྟེ་ཡར་འདྲེན་པར་བྱེད་པའི་ལག་ཡོད་པ།"
412860,420239,7379,"འགྲོ་ལ་ཆོས་སྟོན་དགོས་ན་དཀའ་ཚེགས་དང་ངལ་དུབ་མེད་པས་སེར་སྣ་མེད་པའི་ལག་དང༌།"
420239,424426,4187,"བསོད་ནམས་དང་ཡེ་ཤེས་ཀྱི་ཚོགས་གཉིས་རྫོགས་ཏེ་སངས་རྒྱས་ལ་མཆོད།"
424426,427131,2705,"གཙུག་ལག་ཁང་དང་དགེ་འདུན་ལ་སོགས་པ་ལ་རིམ་གྲོ་བྱེད།"
427131,431522,4391,"སེམས་ཅན་ལ་ཕན་པར་བྱེད་པའི་ལག་དེ་དང་ལྡན་ན་ཆོས་ཀྱི་སྣང་བ་སྟོན་པ་ཡིན།"
431522,435879,4357,"(356) རྒྱལ་སྲས་རྣམས་ཀྱི་རྐང་པ་དྲུག་ལྡན་ནི། །སྨོན་ལམ་རྫོགས་ཕྱིར་ཚུལ་ཁྲིམས་རྐང་པ་དང༌། །"
435879,439571,3692,"བྱང་ཆུབ་ཆོས་སྡུད་བརྩོན་འགྲུས་རྐང་པ་དང༌། །བརྩམས་པ་མཐར་འབྱིན་དམ་བཅའི་རྐང་པ་དང༌། །"
439571,444700,5129,"བླ་མའི་བཀའ་སྒྲུབ་མཐུན་པའི་རྐང་པ་དང༌། །ཐོས་པས་མི་ངོམས་ཤེས་རབ་རྐང་པ་དང༌། །"
444700,448768,4068,"ལེགས་པར་སྤྱོད་བྱེད་ནན་ཏན་རྐང་པ་དང༌། །དྲུག་ལྡན་སྐྱེས་བུ་རྒྱལ་བའི་ས་རབ་བགྲོད། །"
448768,453857,5089,"ཅེས་པ་སྟེ། རྒྱལ་བའི་སྲས་པོ་བྱང་ཆུབ་སེམས་དཔའ་རྣམས་ལ་ཞབས་ཀྱི་རྐང་པ་དྲུག་ཡོད།"
453857,458615,4758,"དེ་གང་ཡིན་ཟེར་ན། བྱང་ཆུབ་སེམས་དཔས་སྨོན་ལམ་བཏབ་འོང་ན།"
458615,462490,3875,"དཔེར་ན་མེ་ཆུ་རུ་འགྱུར་བ་དང༌། ཆུ་མེ་རུ་འགྱུར་བ་ཞིག་བདེན་ཚིག་བརྗོད་འོང་ན་"
462490,465435,2945,"དེ་བཞིན་དུ་འགྱུར་འགྲོ་བ་དང༌། བསྐལ་པ་མང་པོའི་ཚོགས་"
465435,468241,2806,"སྐད་ཅིག་གཅིག་གིས་རྫོགས་པར་བྱ་བའི་སྨོན་ལམ་འགྲུབ་པར་བྱེད་པ།"
468241,470836,2595,"དེ་སྨོན་ལམ་འགྲུབ་ཕྱིར་བྱང་ཆུབ་སེམས་དཔའ་རྣམས་"
470836,473061,2225,"ཚུལ་ཁྲིམས་ཀྱི་ཕ་རོལ་ཏུ་ཕྱིན་སོང་བ་ཡིན་པས་"
473061,475031,1970,"ཚུལ་ཁྲིམས་ཀྱི་རྐང་པ་དང་ལྡན་པ་ཡིན།"
475031,479305,4274,"སངས་རྒྱས་ཀྱི་ཡོན་ཏན་སྟོབས་བཅུ། མི་འཇིགས་པ་བཞི།"
479305,481657,2352,"མ་འདྲེས་པ་བཅོ་བརྒྱད། བྱང་ཆུབ་ཡན་ལག་བདུན།"
481657,483232,1575,"འཕགས་པའི་ལམ་ཡན་ལག་བརྒྱད་ལ་སོགས་"
483232,488104,4872,"རང་གི་ལག་ལ་ཚུར་སྡུད་དེ་སྔར་མེད་པ་འདི་གསར་དུ་སྡུད།"
488104,490079,1975,"ཡོད་པ་གོང་འཕེལ་དུ་འགྱུར་བའི་བརྩོན་འགྲུས་"
490079,492560,2481,"དུས་གཏན་ཡང་མི་བརྗེད་པ་ཡོད་པས་རྐང་པ་དང༌།"
492560,496507,3947,"བྱང་ཆུབ་སེམས་དཔའ་ཁོ་རང་གི་ཐུགས་ཀྱི་བསམ་པ་ཇི་བཞིན་དུ་མཐར་ཕྱིན་པ་བྱེད་དེ།"
496507,499414,2907,"དམ་ཞིག་བཅའ་ཚར་ན་བྱང་ཆུབ་སེམས་དཔས་"
499414,501954,2540,"གཏན་ནས་ཐུགས་བློས་གཏོང་གཏང་གི་མ་རེད་དུས།"
501954,504737,2783,"དེ་ཕྱིར་ན་དམ་བཅའ་བའི་རྐང་པ་ཡོད་པ་དང༌།"
504737,507855,3118,"བླ་མའི་བཀའ་བསྒྲུབ་པར་བྱ་བའི་ཕྱིར་དུ་རྡོ་རྗེ་མཆེད་པོ་དང་"
507855,510328,2473,"བླ་མའི་འཁོར་ཐམས་ཅད་ལ་མཐུན་པའི་རྐང་པ་དང༌།"
510328,513554,3226,"བྱང་ཆུབ་སེམས་དཔས་ཐོས་པས་ངོམས་པ་ཡོད་མ་རེད།"
513554,518072,4518,"མཐའ་ཡས་རྒྱ་མཚོ་ལ་ཆུ་ཡིས་ངོམས་པ་མེད་པ་ལྟར་དུ་ཤེས་རབ་ཀྱི་རྐང་པ་དང་ལྡན་པ་དང༌།"
518072,521504,3432,"ཆོས་དང་མཐུན་པའི་སྤྱོད་པ་ལེགས་པར་སྤྱོད་པར་བྱེད་པས་ན་"
521504,524294,2790,"ནན་ཏན་གྱི་རྐང་པ་དྲུག་དང་ལྡན་པའི་སྐྱེས་བུ་འདི་ནི་"
524294,528298,4004,"རྒྱལ་བའི་ས་རབ་ཏུ་བགྲོད་དེ་སངས་རྒྱས་ཀྱི་ས་ལ་བགྲོད་འགྲོ་བ་ཡིན།"
528298,532046,3748,"(357) བདུད་ཀྱིས་མི་ཚུགས་གོ་ཆ་རྣམ་དྲུག་ནི། །འགྲོ་བ་སྐྱོབ་པ་བྱམས་པའི་གོ་ཆ་དང༌། །"
532046,536441,4395,"བརྩམས་པ་མཐར་ཕྱིན་སྨོན་ལམ་གོ་ཆ་དང༌། །འགྲོ་བ་བསྒྲལ་བ་སྙིང་རྗེའི་གོ་ཆ་དང༌། །"
536441,542497,6056,"མ་རིག་སེལ་བ་ཤེས་རབ་གོ་ཆ་དང༌། །ཐེག་ཆེན་སེམས་ལྡན་བཟོད་པའི་གོ་ཆ་དང༌། །"
542497,547130,4633,"དགེ་བ་མངོན་སྒྲུབ་ཐབས་མཁས་གོ་ཆ་དང༌། །རྒྱལ་སྲས་རྣམས་ཀྱི་ས་མཁན་སྤྱོད་པའི་གྲོགས། །"
547130,550709,3579,"ཞེས་པ་སྟེ། དཔེར་ན་དམག་ཆེན་པོ་ཞིག་འཛིང་དགོས་ན།"
550709,555550,4841,"དམག་མི་ཐམས་ཅད་ལ་ལུས་ལ་མཚོན་གྱིས་མི་འབིགས་པའི་གོ་ཆ་མང་པོ་གྱོན་རྒྱུ་རེད།"
555550,559476,3926,"དཔེ་དེ་བཞིན་དུ་བྱང་ཆུབ་སེམས་དཔའ་རྣམས་གོ་ཆ་རྣམ་པ་དྲུག་ཡོད་པས་"
559476,562114,2638,"བདུད་ཀྱིས་བར་དུ་གཅོད་མི་ནུས་ཏེ། གང་རེད་ཟེར་ན།"
562114,564370,2256,"འགྲོ་བ་སེམས་ཅན་ཐམས་ཅད་སྡུག་བསྔལ་ལས་སྐྱོབ་པ་"
564370,567386,3016,"བྱམས་པའི་གོ་ཆ་ཡོད་པས་སེམས་ཅན་གཅིག་གི་དོན་ལའང་"
567386,571819,4433,"བསྐལ་པ་མང་པོ་བརྩོན་དགོས་ན་ཐུགས་བསུན་པོ་དང་སྐྱོ་བ་མེད་པའི་གོ་ཆ་དང༌།"
571819,575732,3913,"ཕྱག་ལས་གང་གནང་ན་འགོ་བརྩམས་ཚར་ནས་མཐའ་མ་རྫོགས་ཀྱི་བར་དུ་"
575732,578404,2672,"མཛད་བཞག་ལེ་མ་གཏོགས་འཐུས་ཤོར་འགྲོ་རྒྱུ་མ་རེད་དུས།"
578404,581389,2985,"འདི་མཐར་ཕྱིན་པའི་སྨོན་ལམ་གྱི་གོ་ཆ་དང༌།"
581389,585105,3716,"བྱང་ཆུབ་སེམས་དཔས་སྤྱོད་པ་གང་མཛད་ན་སེམས་ཅན་ལ་ཕན་བྱེད་མ་གཏོགས་"
585105,589066,3961,"རང་གི་དོན་དམིགས་ཡོད་རྒྱུ་མ་རེད་དུས། འདི་སྙིང་རྗེའི་གོ་ཆ་དང་ལྡན་པ།"
589066,592531,3465,"སེམས་ཅན་རྣམས་ཀྱི་རྒྱུད་དུ་གཏི་མུག་མ་རིག་པའི་མུན་པ་"
592531,596281,3750,"སེལ་བར་བྱེད་པའི་ཐོས་བསམ་སྒོམ་གསུམ་གྱི་ཤེས་རབ་ཀྱི་གོ་ཆ་ཡོད་པ་དང༌།"
596281,599993,3712,"ཐེག་པ་ཆེན་པོའི་སེམས་བསྐྱེད་ཀྱི་གོ་ཆ་དང་ལྡན་པའི་ཕྱིར་ན་"
599993,603508,3515,"སྡུག་བསྔལ་དང་ལེན་གྱི་བཟོད་པ། ཆོས་ལ་ངེས་སེམས་ཀྱི་བཟོད་པ་ཟེར་"
603508,606827,3319,"བཟོད་པ་རྣམ་པ་དྲུག་ཡོད་པའི་བཟོད་པའི་གོ་ཆ་དང་ལྡན་པ།"
606827,612436,5609,"དགེ་བ་གང་ཆེ་བ་འདི་ཐབས་ལ་མཁས་པས་སྒྲུབ་འགྲོ་བ་ཡིན་པས་ན་"
612436,614883,2447,"བྱང་ཆུབ་སེམས་དཔའི་ཐབས་མཁས་ཀྱིས་ཟིན་འོང་དུས།"
614883,617991,3108,"དེ་གཞན་གྱིས་ལོ་ཟླ་བ་མང་པོ་བསྒྲུབས་པ་བྱང་ཆུབ་སེམས་དཔས་"
617991,621019,3028,"སྐད་ཅིག་གཅིག་གིས་བསྒྲུབས་ནས་བཟུང་ཐབས་མཁས་ཀྱི་གོ་ཆ་ཡོད་པ་དང༌།"
621019,624763,3744,"རྒྱས་སྲས་རྣམས་ཀྱི་ས་མཁན་བྱང་ཆུབ་ཀྱི་སྤྱོད་པ་སྒྲུབ་པའི་གྲོགས་ཡིན།"
624763,629032,4269,"(358) མཚོན་དྲུག་འཆང་བའི་རྣམ་གྲངས་བསྟན་པ་ནི། །གཉིས་འཛིན་གཅོད་པ་མཉམ་ཉིད་མཚོན་དང་ནི། །"
629032,633600,4568,"ཉོན་མོངས་གཅོད་པ་ཤེས་རབ་ཡེ་ཤེས་མཚོན། །ལོག་འཚོ་གཅོད་པ་ཡང་དག་འཚོ་མཚོན་དང༌། །"
633600,637545,3945,"འཆལ་བ་རྒྱུན་གཅོད་ཚུལ་ཁྲིམས་རྣམ་དག་མཚོན། །སེར་སྣའི་གཟེབ་གཅོད་གཏོང་བའི་མཚོན་དང་ནི། །"
637545,641431,3886,"སེམས་ཅན་སྨིན་བྱེད་ཡོངས་སུ་མི་སྐྱོའི་མཚོན། །དེ་དག་དང་ལྡན་སྲིད་པའི་འཁྲི་ཤིང་གཅོད། །"
641431,646956,5525,"གསུངས་དུས། ད་དམག་མི་ཡིན་ན་མཚོན་ཆ་མེ་མདའ། གྲི་དང༌། མདའ་དང༌། མདུང་ལ་སོགས་པ་ཡོད་རེད།"
646956,650073,3117,"དཔེ་དེ་བཞིན་དུ་བྱང་ཆུབ་སེམས་དཔའ་ལ་མཚོན་ཆ་རྣམ་པ་དྲུག་ཡོད།"
650073,653778,3705,"གང་རེད་ཟེར་ན། གཟུང་འཛིན་གཉིས་སྣང་གི་འཁྲུལ་པ་གཅད་པར་བྱ་བའི་ཕྱིར་དུ་"
653778,656967,3189,"ཆོས་ཐམས་ཅད་མཉམ་པ་ཉིད་དུ་རྟོགས་པའི་མཚོན་ཆ་ཡོད་པ་འདི་ཡིན།"
656967,659274,2307,"ཉོན་མོངས་པའི་དྲྭ་བ་གཅོད་པའི་ཕྱིར་དུ་"
659274,661498,2224,"ལྷག་མཐོང་བདག་མེད་རྟོགས་པའི་ཤེས་རབ་ཀྱི་མཚོན་ཆས་"
661498,663674,2176,"ཉོན་མོངས་ཀྱི་རྩ་བ་དྲུང་ནས་འབྱིན་པ་ཡིན།"
663674,669845,6171,"ལོག་པའི་འཚོ་བའི་དཀོར་དང་དཀོར་རྫས་ལ་སོགས་པ་ལ་མི་སྤྱོད་པ་"
669845,674536,4691,"ཡང་དག་པའི་འཚོ་བ་ཆོས་དང་མཐུན་པའི་འཚོ་བའི་མཚོན་ཆ་ཡོད་པ་དང༌།"
674536,678618,4082,"ཉོན་མོངས་པ་རང་དགར་དུ་སྤྱོད་པའི་འཆལ་བའི་སྤྱོད་པ་ཐམས་ཅད་"
678618,681892,3274,"རྒྱུན་གཅོད་པར་བྱེད་པའི་ཚུལ་ཁྲིམས་རྣམ་དག་གི་མཚོན་ཆ་ཡོད་པ་དང༌།"
681892,687463,5571,"གཞན་ལ་སྦྱིན་པ་ལ་སོགས་པ་གཏོང་དུ་མི་བྲ་བ་སེར་སྣའི་གཟེབ་ཡོད་པ་འདི་"
687463,690606,3143,"གཏོང་བར་བྱེད་པ་ལ་བྱང་ཆུབ་སེམས་དཔའི་རང་གི་སྐུ་ལུས་དང༌།"
690606,694188,3582,"མིག་ལ་སོགས་པ་གཏོང་དགོས་ནའང་ཕངས་སེམས་མེད་པ་གཏོང་བའི་མཚོན་དང༌།"
694188,698696,4508,"སེམས་ཅན་སྨིན་པར་བྱ་བའི་ཕྱིར་དུ་སེམས་ཅན་གྱི་དོན་དུ་ག་ཚོད་མཛད་དགོས་ན།"
698696,703370,4674,"ངས་ནུས་ས་མ་རེད། འཐོན་ས་མ་རེད་བསམ་ཡོངས་སུ་མི་སྐྱོ་བའི་མཚོན་དེ་དག་ལྡན་ན་"
703370,706321,2951,"སྲིད་པ་ཁམས་གསུམ་འཁོར་བའི་འཁྲི་ཤིང་རྩད་ནས་གཅོད་པ་ཡིན།"
706321,710836,4515,"(359) ཕུལ་དུ་བྱུང་བའི་གདམས་ངག་རྣམ་དྲུག་ནི། །འགྲོ་ཀུན་ཡེ་ནས་སངས་རྒྱས་ཤེས་མོད་ཀྱང༌། །"
710836,714675,3839,"སེམས་ཅན་བསྒྲལ་ཕྱིར་ཚོགས་གཉིས་རྒྱ་ཆེར་བསྒྲུབ། །སངས་རྒྱས་ཞིང་རྣམས་མཁའ་འདྲར་ཤེས་ན་ཡང༌། །"
714675,718669,3994,"ཞིང་ཁམས་སྦྱངས་ལ་བརྩོན་འགྲུས་དཔེ་མེད་རྩོམ། །སེམས་ཅན་སྨིན་ལ་རབ་ཏུ་མི་སྐྱོ་ཞིང༌། །"
718669,722837,4168,"བདག་མེད་དོན་གྱི་མཚན་ཉིད་མ་སྤངས་ཤིག །མངོན་པར་ཤེས་པས་རྣམ་པར་འཕྲུལ་བྱ་ཞིང༌། །"
722837,726863,4026,"ཆོས་དབྱིངས་ངང་ལས་གཡོ་བ་མེད་པར་བྱ། །བྱང་ཆུབ་མཆོག་ཏུ་སེམས་བསྐྱེད་མི་གཏོང་ཞིང༌། །"
726863,730979,4116,"ཐམས་ཅད་མཁྱེན་པའི་ཡེ་ཤེས་འབྱུང་བར་གྱིས། །ཆོས་ཀྱི་འཁོར་ལོས་ཐམས་ཅད་ཚིམ་བྱེད་ཅིང༌། །"
730979,738382,7403,"ཆོས་ཉིད་ངང་ལས་ཡོངས་སུ་འདའ་མི་བྱ། །དེ་དང་ལྡན་རྣམས་བདེ་གཤེགས་གོ་འཕང་ཐོབ། །"
748896,752787,3891,"གཅིག་གིས་འགྲན་ཟླ་མེད་པའི་གདམས་ངག་རྣམ་པ་དྲུག་རེད། གང་རེད་ཟེར་ན།"
752787,755725,2938,"བྱང་ཆུབ་སེམས་དཔས་འགྲོ་བ་ཐམས་ཅད་ལ་ཡེ་ནས་སངས་རྒྱས་པ་"
755725,758270,2545,"བདེ་གཤེགས་སྙིང་པོའི་ཀློང་དུ་སངས་རྒྱས་པ་ཤེས་ནའང་"
758270,761041,2771,"སངས་རྒྱས་པ་འདི་སེམས་ཅན་ཐམས་ཅད་ཀྱིས་"
761041,764295,3254,"གནས་ལུགས་འདི་ངོ་འཕྲོད་པར་བྱ་བའི་ཕྱིར་དུ།"
764295,766889,2594,"བསྐལ་པ་མང་པོ་ལ་བསོད་ནམས་དང་ཡེ་ཤེས་ཀྱི་ཚོགས་གཉིས་"
766889,769495,2606,"རྒྱ་ཆེར་བསྒྲུབ་དགོས་པ་ལ་ཐུགས་བསུན་པ་མེད་པ།"
769495,772206,2711,"དཔེར་ན་རྗེ་བཙུན་འཇམ་པའི་དབྱངས་དང༌། སྤྱན་རས་གཟིགས་ལྟ་བུ་ཡིན་ན་"
772206,774540,2334,"སངས་རྒྱས་ཟིན་ནའང་ད་རུང་སེམས་ཅན་གྱི་དོན་"
774540,777517,2977,"ས་བཅུ་རྒྱུན་མཐའ་ལ་གནས་པའི་ཚུལ་བསྟན་པ་དང༌།"
777517,780148,2631,"སངས་རྒྱས་ཀྱི་ཞིང་ཁམས་ཐམས་ཅད་ནམ་མཁའ་དང་འདྲ་བ་"
780148,784060,3912,"བཟང་ངན་མཉམ་པ་ཤེས་ནའང༌། ནུབ་ཕྱོགས་བདེ་བ་ཅན་དང༌།"
784060,786815,2755,"བྱང་ཆུབ་སེམས་དཔའ་འཇམ་དཔལ་དབྱངས་ཀྱི་ཞིང་ཁམས་ལྟ་བུ་"
786815,790128,3313,"ཞིང་ཁམས་དག་པར་སྦྱངས་པ་ལ་བརྩོན་འགྲུས་ཀྱི་གོ་ཆ་མི་གློད་པ་དང༌།"
790128,793537,3409,"སེམས་ཅན་ཐམས་ཅད་ཐར་པའི་ལམ་དུ་སྨིན་པར་བྱེད་པ་ལས་"
793537,796827,3290,"དུས་གསུམ་དུ་ཆོས་སྟོན་པ་དང༌། མཛད་པ་གང་གནང་དགོས་ན་"
796827,801871,5044,"རབ་ཏུ་མི་སྐྱོ་ཞིང་བདག་མེད་མཉམ་པ་ཉིད་ཀྱི་དོན་གྱི་གཙོ་བོ་སྒོ་ནས་"
801871,807190,5319,"ཐེག་པ་ཆེ་ཆུང་གི་མཚན་ཉིད་མི་སྤོང་བ་དང༌།"
807190,811194,4004,"སེམས་ཅན་གྱི་དོན་བྱས་ནའང་རང་དགར་རྗེས་དཔག་ཙམ་མ་ཡིན་པ་"
811194,813250,2056,"སེམས་ཅན་གང་ལ་དོན་གང་འདྲས་མཛད་ན།"
813250,818399,5149,"སེམས་ཅན་འདི་ལ་ཕན་པར་འགྱུར་པ་ཤེས་པས་རྣམ་པར་འཕྲུལ་པ་རྒྱ་ཆེན་པོ་བྱེད་པ་དང༌།"
818399,821545,3146,"དེ་མཛད་པ་སེམས་ཅན་གྱི་དོན་མཛད་པ་དང༌།"
821545,825266,3721,"མགོ་དང་ཡན་ལག་སྦྱིན་པ་གཏོང་བ་ལ་སོགས་པ་གང་མཛད་ནའང་"
825266,828342,3076,"དགོངས་པ་ཆོས་ཀྱི་དབྱིངས་ལས་གཡོ་བ་མེད་པ་རུ་བྱ་བ་དང༌།"
828342,833057,4715,"བྱང་ཆུབ་མཆོག་ཏུ་སེམས་བསྐྱེད་པ་འདི་ཉིད་དཔེར་ན།"
833057,835535,2478,"སྐུ་ལུས་བརྒྱ་ཕྲག་ཅིག་གཏོང་དགོས་འབྱུང་ནའང་"
835535,838190,2655,"བྱང་ཆུབ་སེམས་ཐུགས་ནས་གཏོང་གི་མ་རེད་དུས་མི་གཏོང༌།"
838190,842784,4594,"ཐམས་ཅད་མཁྱེན་པའི་ཡེ་ཤེས་རང་གི་རྒྱུད་ལ་སངས་རྒྱས་གོ་འཕང་མྱོང་བར་བྱས་པ་འདི་"
842784,846373,3589,"ཆོས་ཀྱི་འཁོར་ལོས་སེམས་ཅན་ཐམས་ཅད་ཚིམ་པར་བྱེད་པ་དང༌།"
846373,850516,4143,"ཆོས་ཀྱི་འཁོར་ལོ་གཞན་དོན་དུ་བསྐོར་ན་རང་ཆོས་ཉིད་ཀྱི་ངང་ནས་"
850516,853081,2565,"ཡོངས་སུ་འདའ་བར་མི་བྱ་བ་དེ་དང་ལྡན་ན་"
853081,855745,2664,"བདེ་བར་གཤེགས་པའི་གོ་འཕང་མངོན་དུ་འཐོབ་པ་ཡིན།"
855745,862110,6365,"(360) བདུད་ཀྱི་ལས་དྲུག་ཤེས་ནས་སྤང་བ་ནི། །གཞན་དོན་སེམས་ཞུམ་བསམ་པ་འཁྲུགས་པ་དང༌། །"
862110,867069,4959,"དོན་རྒྱ་ཆུང་ངུས་མགུ་ཞིང་གཅིག་ལས་མི་བཟོད་དང༌། །ཆོས་ལ་ཐེ་ཚོམ་ཟ་ཞིང་དམ་པའི་ཆོས་སྤོང་དང༌། །"
867069,872226,5157,"སེམས་ཅན་སྨིན་པར་མི་བྱེད་གཅིག་པུ་ཐར་འདོད་དང༌། །རང་ཉིད་འཁོར་བས་སྐྲག་ནས་སྤྱོད་པ་རླབས་ཆེན་འདོར། །"
872226,876704,4478,"སྨོན་ལམ་ལྷག་པར་མི་དམིགས་ཉོན་མོངས་ཞི་བར་འདོད། །འདི་དག་བདུད་ཀྱི་ལས་ཏེ་རིང་དུ་སྤང༌། །"
876704,881337,4633,"གསུངས་དུས་བདུད་ཀྱི་ལས་དྲུག་ཡོད། འདི་བྱས་ན་བདུད་ཀྱི་དབང་དུ་འགྲོ་རེད་དུས།"
881337,885886,4549,"བྱང་ཆུབ་སེམས་དཔའ་འདི་གཞན་གྱི་དོན་ག་ཚོད་མཛད་དགོས་ན་ཐུགས་ཞུམ་པ་མེད་པ།"
885886,890484,4598,"འདི་གཞན་དོན་ནུས་ས་མ་རེད་བསམ་རྒྱུ་དང༌། ཕར་གདུལ་བྱ་སློབ་མ་ལ་ཕན་པ་བྱས་ན་"
890484,893142,2658,"ཚུར་ལོག་སྒྲུབ་འབྱུང་བས་སེམས་འཁྲུགས་པ་མེད་པ་དང༌།"
893142,898984,5842,"དོན་རྒྱ་ཆུང་ངུས་མགུ་བ་མ་ཡིན་པ་རྒྱ་ཆེན་པོའི་ལམ་ལ་བརྩོན་པ་དང༌།"
898984,902966,3982,"གཅིག་ལས་མི་བཟོད་པ་མེད་པ་དང༌། དམ་པའི་ཆོས་ལ་ཐེ་ཚོམ་ཟ་སྟེ་"
902966,907375,4409,"ཡང་དག་པ་རེད་མ་རེད་བསམ་རྒྱུ་མི་ཟ་བས། དམ་པའི་ཆོས་གཅིག་བཟང་པོ།"
907375,911763,4388,"གཅིག་ངན་པ་བསམ་པས་ཆོས་མི་གཏོང་བ་དང༌། སེམས་ཅན་སྨིན་པར་མི་བྱེད་པ་"
911763,913890,2127,"ང་གཅིག་པུ་སངས་རྒྱས་གོ་འཕང་ཐོབ་ན་ཆོག །"
913890,917057,3167,"སེམས་ཅན་གྱི་དོན་ངས་འོང་རྒྱུ་མ་རེད་བསམ་བློ་འདི་མི་མཛད་པ་དང༌།"
917057,919882,2825,"རང་ཉིད་ཁམས་གསུམ་འཁོར་བ་ལ་སྐྲག་ནས་བཟུང་སྟེ།"
919882,924884,5002,"ད་བྱང་ཆུབ་སེམས་དཔའི་སྤྱོད་པ་རྒྱ་ཆེན་པོ་ཁམས་གསུམ་འཁོར་བ་ལ་སྐྱེ་བ་ཡང་ནས་ཡང་དུ་བཞེས།"
924884,926786,1902,"སེམས་ཅན་གྱི་དོན་མཛད་དགོས་འདུག་བསམ་ན་"
926786,930166,3380,"འདི་སྤྱོད་པ་འདི་ཐུབ་ས་མ་རེད་བསམ་འདོར་མི་བཞག་པ་དང༌།"
930166,936189,6023,"སྨོན་ལམ་གྱི་ལྷག་པར་སྨོན་ལམ་རྒྱ་ཆེན་པོ་བྱང་ཆུབ་སེམས་དཔའ་ཀུན་ཏུ་བཟང་པོའི་སྨོན་ལམ།"
936189,939570,3381,"ད་ལྟ་འཕགས་པ་བཟང་པོ་སྤྱོད་པའི་སྨོན་ལམ་ལྟ་བུའི་སྒོ་ནས་"
939570,943553,3983,"ལྷག་པར་མི་དམིགས་པ་རང་ཉིད་ཁོ་ནའི་ཉོན་མོངས་པ་དབྱིངས་སུ་ཞི་བར་འདོད་པ་སྟེ།"
943553,948876,5323,"འདི་དག་ཐམས་ཅད་ནི་བདུད་ཀྱི་ལས་དྲུག་ཡིན་པས་རིང་དུ་སྤང་བར་བྱ།"
948876,952714,3838,"(361) གོང་མས་བྱིན་གྱིས་བརླབས་པའི་རྟགས་དྲུག་ནི། །བླ་མེད་རྫོགས་པའི་བྱང་ཆུབ་སེམས་མཆོག་སྐྱེ། །"
952714,956910,4196,"བདུད་ཀྱི་ལས་རྣམས་ཤེས་ནས་རྣམ་པར་བཟློག །ཐེག་ཆེན་ཆོས་ཐོས་དེ་ལ་ནན་ཏན་བྱེད། །"
956910,962527,5617,"འཁོར་བར་གཞན་དོན་སྒྲུབ་ལ་སྐྱོ་བ་མེད། །ཉན་རང་ཆོས་སྟོན་དེ་ལ་མཆོག་འཛིན་མེད། །"
962527,967724,5197,"དགོངས་པ་རྟོགས་ཀྱང་སྤྱོད་པ་སྒྲུབ་ལ་བརྩོན། །རྒྱལ་སྲས་ཆོས་མཆོག་ཞུགས་རྣམས་མཛད་སྤྱོད་ཡིན། །"
967724,974380,6656,"གསུངས་དུས། དེ་ནས་བྱང་ཆུབ་སེམས་དཔའ་རྣམས་བླ་མ་གོང་མའི་ཐུགས་རྒྱུད་བྱིན་རླབས་ཞུགས་པའི་རྟགས་དྲུག་ཡོད།"
974380,977763,3383,"གང་རེད་ཟེར་ན། བླ་ན་མེད་པ་རྫོགས་པའི་བྱང་ཆུབ་ཀྱི་སེམས་འདི་"
977763,982224,4461,"རིམ་པ་བཞིན་དུ་ཐུགས་རྒྱུད་ལ་སྐྱེ། གཞན་དོན་ཁོ་ན་མ་གཏོགས་མེད་པ་དང༌།"
982224,985560,3336,"དེ་ནས་རྣམ་གཡེང་དང་འདུ་འཛི་ཐར་པའི་ལམ་དང་འགལ་བ་ལ་སོགས་"
985560,990272,4712,"དེ་ཐམས་ཅད་བདུད་ཀྱི་ལས་ཤེས་ནས་རྣམ་པར་བཟློག་སྟེ་སྤོང་བར་བྱེད་པ་དང༌།"
990272,992212,1940,"ཐེག་ཆེན་གྱི་ཆོས་ཐོས་ནས་བཟུང་སྟེ་"
992212,995758,3546,"ཐེག་པ་ཆེན་པོའི་ལྟ་སྒོམ་སྤྱོད་གསུམ་གྱི་དོན་ལ་ནན་ཏན་མཛད་པ་དང༌།"
995758,998823,3065,"ཁམས་གསུམ་འཁོར་བར་གཞན་གྱི་དོན་ག་ཚོད་བསྒྲུབ་དགོས་ན།"
998823,1004262,5439,"བསྐལ་པ་མང་པོ་ལ་འཁོར་བར་སྐྱེ་བ་བཞེས་དགོས་ན་དེ་ལ་ཐུགས་སྐྱོ་བ་མེད་པ་དང༌།"
1004262,1008742,4480,"ཉན་རང་གི་ཆོས་སྟོན་ནའང་ཉན་རང་དེའི་ཡིད་དང་མཐུན་པའི་ཆོས་སྟོན་པ་དང༌།"
1008742,1012641,3899,"ངས་ཉན་ཐོས་ཀྱི་ཉན་རང་གི་ཆོས་སྟོན་ཤེས་ཀྱི་འདུག །"
1012641,1016308,3667,"བྱང་ཆུབ་སེམས་དཔའི་ཆོས་སྟོན་ཤེས་ཀྱི་འདུག་བསམ་ང་རྒྱལ་གྱི་མཆོག་འཛིན་མེད་པ།"
1016308,1019614,3306,"ཆོས་ཉིད་མཉམ་པ་ཉིད་ཀྱི་དགོངས་པས་བརྩོན་ནའང་སྤྱོད་པ་འདི་"
1019614,1023118,3504,"ཆོས་དང་མཐུན་པའི་སྒོ་ནས་རྣམ་གཡེང་འདུ་འཛི་མེད་པའི་སྒྲུབ་པ་ལ་བརྩོན་པ།"
1023118,1027518,4400,"རྒྱལ་སྲས་རྣམས་ཀྱི་ཆོས་མཆོག་ལ་ཞུགས་པར་གྱུར་པ་མཛད་སྤྱོད་ཡིན།"
1027518,1037433,9915,"(362) ཆོས་སྟོན་འདོད་པ་དག་གི་བདུད་དྲུག་ནི། །མགོན་པོར་མེད་ལ་དམ་ཆོས་མི་སྟེར་བདུད། །"
1037433,1041257,3824,"སྣོད་ལྡན་སློབ་མ་ཁྱད་དུ་གསོད་པ་བདུད། །ཟང་ཟིང་ཆེད་དུ་དམ་ཆོས་སྟོན་པ་བདུད། །"
1041257,1045328,4071,"སྣོད་མིན་རྣམས་ལ་ཟབ་མོ་སྟོན་པ་བདུད། །ཐེག་མཆོག་མོས་ལ་ཐེག་དམན་སྟོན་པ་བདུད། །"
1045328,1051350,6022,"གང་མོས་མི་སྟོན་ཕྱོགས་འབྱམས་སྟོན་པ་བདུད། །འདི་དག་རྣམས་ཀྱིས་མ་བསླུས་ཤིན་ཏུ་གཅེས། །"
1051350,1055612,4262,"གསུངས་དུས། ཆོས་སྟོན་པར་འདོད་པ་ལ་བདུད་ཀྱི་ལས་དྲུག་ཡོད། གང་རེད་ཟེར་ན།"
1055612,1059440,3828,"སྐྱབས་དང་མགོན་མེད་པའི་གང་ཟག་འདི་ལ་"
1059440,1063963,4523,"དམ་པའི་ཆོས་མི་སྟེར་བཀའ་རྒྱ་ལྟ་བུ་བྱས་ན་དེ་བདུད་ཀྱི་ལས་ཡིན།"
1063963,1066779,2816,"སྣོད་ལྡན་གྱི་སློབ་མས་དམ་པའི་ཆོས་སྒྲུབ་པའི་རེ་བ་ཡོད།"
1066779,1071055,4276,"དེ་ཡང་ཆོས་ཀྱི་རེ་བ་མི་སྐོང་བ་ཁྱད་དུ་གསོད་པ་འདི་བདུད་ཡིན།"
1071055,1075176,4121,"དམ་པའི་ཆོས་སྟོན་ཏེ་འདིས་ཟང་ཟིང་གི་ལོངས་སྤྱོད་མང་པོ་ཆོས་སྟོན་བྱས་"
1075176,1080829,5653,"འབུལ་བ་བསྡུས་པ་འདི་བདུད་ཀྱི་ལས་ཡིན། སྣོད་མི་ལྡན་པ་དཔེར་ན་"
1080829,1084254,3425,"ཐེག་དམན་གྱི་རིགས་ཅན་རྣམས་ལ་ཟབ་མོ་སྟོང་པ་ཉིད་སྟོན་ན་"
1084254,1087161,2907,"བློ་ལ་ཚུད་རྒྱུ་མ་རེད་དུས་དེ་བདུད་ཀྱི་ལས་ཡིན།"
1087161,1090988,3827,"ཐེག་པ་མཆོག་ལ་མོས་པའི་གང་ཟག་ཡོད་ན་ཡང་ཁྱེད་རང་ཐེག་མཆོག་དགའི་མ་རེད།"
1090988,1093650,2662,"ཐེག་དམན་ཡིན་ན་ཉམས་འོག་ཏུ་ཆུད་སླ་དགའི་རེད་ཟེར་"
1093650,1096102,2452,"ཐེག་དམན་ལམ་སྟོན་པ་ནི་བདུད་ཀྱི་ལས་ཡིན།"
1096102,1101297,5195,"སེམས་ཅན་རང་རང་གི་གདུལ་བྱའི་མོས་པ་གང་ཡོད་པ་འདི་མི་སྟོན་པ་"
1101297,1104255,2958,"ཐམས་ཅད་སྤྱི་འབྱམས་ཀྱི་དོན་ནས་སྟོན་པ་བདུད་ཀྱི་ལས་ཡིན་པས།"
1104255,1106889,2634,"འདི་དག་རྣམས་ཀྱིས་མ་བསླུས་པ་ཤིན་ཏུ་གཅེས་པ་ཡིན།"
1106889,1112646,5757,"(363) སློབ་མས་ལོག་པའི་བདུད་དྲུག་སྤང་བ་ནི། །བཤེས་གཉེན་བོར་ནས་སྡིག་པའི་གྲོགས་པོ་བསྟེན། །"
1112646,1118237,5591,"ལམ་སྟོན་མགོན་བྲལ་བདུད་ཀྱིས་ཟིན་པ་ཡིན། །ཐེག་ཆེན་བོར་ནས་ཐེག་དམན་ཉན་པ་ནི། །"
1118237,1121863,3626,"གོལ་ས་ལམ་ལོག་བདུད་ཀྱིས་ཟིན་པ་ཡིན། །ཐར་ལམ་བོར་ནས་འཇིག་རྟེན་ཤེས་བྱ་འཚོལ། །"
1121863,1126358,4495,"བྱ་བྱེད་སྤྱོད་ལོག་བདུད་ཀྱིས་ཟིན་པ་ཡིན། །སྐྱེ་བར་མི་དགའ་མྱ་ངན་འདའ་དོན་གཉེར། །"
1126358,1129991,3633,"སེམས་བསྐྱེད་གོ་ཆའི་བདུད་ཀྱིས་ཟིན་པ་ཡིན། །རང་གིས་མ་ཐོས་དམ་པའི་ཆོས་ལ་སྨོད། །"
1129991,1133837,3846,"བླང་དོར་འཁྲུལ་པའི་བདུད་ཀྱིས་ཟིན་པ་ཡིན། །དགེ་སྡིག་སྤང་བླང་ཆོས་མིན་མི་ཤེས་པ། །"
1133837,1138199,4362,"མ་རིག་མུན་འཐིབས་བདུད་ཀྱིས་ཟིན་པ་ཡིན། །སྣོད་ལྡན་རྣམས་ཀྱིས་དེ་དྲུག་སྤང་བ་གཅེས། །"
1138199,1143426,5227,"གསུངས་དུས། དེ་ནས་ཡང་སློབ་མ་རྣམས་ཡིན་ན།"
1143426,1147750,4324,"སློབ་མ་རང་ལའང་ཐར་པའི་ལམ་ལས་མི་མཐུན་པའི་ལོག་པའི་བདུད་དྲུག་ཡོད།"
1147750,1151009,3259,"གང་རེད་ཟེར་ན། དགེ་བའི་བཤེས་གཉེན་མཚན་ཉིད་དང་ལྡན་པ་མི་བསྟེན་པ་"
1151009,1154593,3584,"སྡིག་པའི་གྲོགས་པོ་འཇིག་རྟེན་ཚེ་འདིའི་བྱ་བ་ལ་དགའ་བ།"
1154593,1158264,3671,"དགྲ་འདུལ་གཉེན་སྐྱོང་ལ་དགའ་བ་དེའི་ཁ་ལ་ཉན་པ་དེ་བདུད་ཀྱི་ལས་ཡིན།"
1158264,1162420,4156,"ཐར་པའི་ལམ་སྟོན་པར་བྱེད་པའི་མགོན་སྐྱབས་"
1162420,1165463,3043,"དཔུང་གཉེན་འདི་ལ་མི་བསྟེན་པ་འདི་བདུད་ཀྱིས་ཟིན་པ་ཡིན།"
1165463,1170988,5525,"ཐེག་པ་ཆེན་པོའི་ཆོས་བོར་ནས་ཐེག་དམན་ཉན་ཐོས་ཀྱི་ཆོས་ཉན་པར་བྱེད་པ་འདི་ནི་"
1170988,1173621,2633,"གོལ་ས་ལམ་ལོག་བདུད་ཀྱིས་ཟིན་པ་ཡིན།"
1173621,1179499,5878,"ཐར་པ་བྱང་ཆུབ་ཀྱི་ལམ་འདི་མི་བསྟེན་ཏེ་འཇིག་རྟེན་གྱི་བྱ་བ་བཟོ་རིག་པ་འདྲ།"
1179499,1182876,3377,"མིག་འཕྲུལ་འདྲ། མངོན་ཤེས་འདྲ། དེ་སྒྲུབ་པར་བྱེད་པའི་ཤེས་བྱ་འཚོལ་བ་འདི་"
1182876,1186917,4041,"བྱ་བྱེད་ལོག་པ་བདུད་ཀྱིས་ཟིན་པ་ཡིན། སྐྱེ་བར་མི་དགའ་གསུངས་དུས།"
1186917,1190846,3929,"ཁམས་གསུམ་འཁོར་བར་ཡང་ནས་ཡང་དུ་སེམས་ཅན་གྱི་དོན་དུ་སྐྱེ་བ་ལེན་པ་ལ་མི་དགའ་བ།"
1190846,1193782,2936,"ཞི་བ་མྱ་ངན་ལས་འདས་པའི་དོན་དུ་དགོངས་ཏེ་"
1193782,1197482,3700,"ཉན་རང་གི་སེམས་བསྐྱེད་པ་འདི་ནི་གོ་ཆ་བདུད་ཀྱིས་ཟིན་པ་ཡིན།"
1197482,1201565,4083,"རང་གིས་ཆོས་ཀྱི་ཡོན་ཏན་འདི་ཉིད་ཚུལ་བཞིན་མ་ཐོས་བཞིན་དུ་"
1201565,1205107,3542,"ཁ་རོག་རི་བོང་ཅལ་འདྲོགས་བྱས་ནས།"
1205107,1209544,4437,"དམ་པའི་ཆོས་ལ་སྨོད་པ་འདི་བླང་དོར་འཁྲུལ་འགྲོ་བའི་བདུད་ཀྱིས་ཟིན་པ་ཡིན།"
1209544,1215355,5811,"དགེ་སྡིག་སྤང་བླང་ནོར་འགྲོ་རྒྱུ་དམ་པའི་ཆོས་མ་ཡིན་པ་"
1215355,1218336,2981,"མི་ཤེས་པ་མ་རིག་པའི་མུན་པ་འཐིབས་པ་བདུད་ཀྱི་ལས་ཡིན།"
1218336,1223369,5033,"སྣོད་དང་ལྡན་པའི་གང་ཟག་རྣམས་ཀྱིས་དེ་དག་སྤང་བར་བྱ་བ་གཅེས་སོ། །"
1224379,1226572,2193,"(364) བདུད་ཀྱི་ལས་ཀྱིས་མི་ཚུགས་ཆོས་དྲུག་ནི། །ང་རྒྱལ་སྤངས་ནས་བཤེས་གཉེན་བསྙེན་བཀུར་བྱེད།"
1226572,1230454,3882,"ཁོང་ཁྲོ་སྤངས་ནས་གཞན་གྱི་བསྔགས་པ་བརྗོད། །སྙོམ་ལས་སྤངས་ནས་ཟབ་མོའི་དོན་ལ་བརྩོན། །"
1230454,1234258,3804,"ཕྱོགས་འཛིན་སྤངས་ནས་སངས་རྒྱས་ཆོས་ཀུན་འཚོལ། །ཕྱོགས་རིས་སྤངས་ནས་ཟུང་འཇུག་ལམ་དུ་ཞུགས། །"
1234258,1238868,4610,"བྱ་བྱེད་སྤངས་ནས་སྒྲུབ་པ་སྙིང་པོར་བྱེད། །དེ་དང་སུ་ལྡན་བདུད་དཔུང་འཇོམས་པར་ནུས། །"
1238868,1243344,4476,"གསུངས་ནས་བཟུང་སྟེ། ད་བདུད་ཀྱི་ལས་ཀྱིས་ཆོས་བྱེད་པ་ལ་མ་ཚུགས་ན་"
1243344,1246485,3141,"བར་ཆད་མི་འབྱུང་བ་རེད་དུས། དེ་ཆོས་དྲུག་འདི་གང་ཡིན་ཟེར་ན།"
1246485,1250705,4220,"རང་ལ་ཡོན་ཏན་ཡོད་ནའང་འདི་ཡོན་ཏན་ཡོད་བསམ་པའི་ང་རྒྱལ་སྤངས་ནས་"
1250705,1253292,2587,"དགེ་བའི་བཤེས་གཉེན་མཚན་ཉིད་དང་ལྡན་པ་དང༌།"
1253292,1257721,4429,"དམ་པའི་ཆོས་ཀྱི་བདུད་རྩི་གང་ཡོད་པ་འདི་ལ་རྩེ་གཅིག་ཏུ་བསྙེན་བཀུར་བྱེད་པ་དང་ནི།"
1257721,1262385,4664,"དུས་དང་རྣམ་པ་ཀུན་ཏུ་ཁོང་ཁྲོ་སྤངས་ནས་གང་ཟག་གཞན་དང་མཐུན་པར་བྱེད་དེ་"
1262385,1264523,2138,"གང་ཟག་གཞན་གྱི་བསྔགས་པ་འབའ་ཞིག་བརྗོད།"
1264523,1268455,3932,"མི་ཚེ་རྣམ་གཡེང་དང་རྩེད་མོ་ལྟ་བུ་སྙོམ་ལས་སྤངས་ནས་"
1268455,1272567,4112,"ཟབ་མོའི་དོན་གྱི་ཐོས་བསམ་སྒོམ་པ་ལ་རྩེ་གཅིག་ཏུ་གཏད།"
1272567,1277336,4769,"ཕྱོགས་འཛིན་སྤངས་ནས་ཟེར་དུས། རང་ཡང་ཉམས་ལེན་བྱེད་མཁན་ཡིན་ན་"
1277336,1281168,3832,"དཔེ་ཆ་སློབ་གཉེར་ཤེས་བྱ་རིག་པའི་གནས་བལྟ་མི་དགོས་སྙམ་པ་ལྟ་བུ་དང༌།"
1281168,1282869,1701,"ཤེས་བྱ་རིག་པའི་གནས་ཤེས་པ་ཡིན་ན་"
1282869,1285643,2774,"ཉམས་ལེན་མི་དགོས་ལྟ་བུ་ཕྱོགས་རིས་ཀྱི་འཛིན་པ་སྤངས་ནས།"
1285643,1289395,3752,"སངས་རྒྱས་ཀྱི་ཆོས་ཐམས་ཅད་བུང་བས་མེ་ཏོག་གི་བཅུད་ལ་རོལ་བ་བཞིན་དུ་བཙལ།"
1289395,1292862,3467,"དེ་ནས་རང་ཕྱོགས་གཞན་ཕྱོགས་ཀྱི་ཕྱོགས་རིས་ཐམས་ཅད་སྤངས་ནས་"
1292862,1295494,2632,"རྩོལ་མེད་རྫོགས་པ་ཆེན་པོའི་ཉམས་ལེན་བྱེད་པ་ཡིན་ན།"
1295494,1298043,2549,"རྩོལ་བཅས་ཀྱི་བསྐྱེད་རྫོགས་མི་དགོས་ཟེར་མཁན་ལྟ་བུ་དང༌།"
1298043,1300269,2226,"རྩོལ་བཅས་ཀྱི་བསྐྱེད་རྫོགས་སྒོམ་མཁན་ཡིན་ན་"
1300269,1303084,2815,"རྩོལ་མེད་ཀྱི་ཉམས་ལེན་གྱིས་གྲོལ་ཐུབ་ཀྱི་མ་རེད་ཟེར་བ་མིན་པ་"
1303084,1305271,2187,"ཐམས་ཅད་ཟུང་འཇུག་གི་ལམ་དུ་བསྟེན།"
1305271,1309208,3937,"འཇིག་རྟེན་ཚེ་འདིའི་དགྲ་འདུལ་གཉེན་སྐྱོང་ཞིང་ཁ་སོ་ནམ་ལ་སོགས་"
1309208,1312440,3232,"བྱ་བྱེད་སྤངས་ནས་དབེན་པའི་གནས་སུ་སྒྲུབ་པ་སྙིང་པོར་བྱེད།"
1312440,1317008,4568,"དེ་དང་གང་ཟག་སུ་ལྡན་ན་བདུད་དཔུང་བར་ཆད་ཐམས་ཅད་འཇོམས་འགྲོ་བ་ཡིན།"
1317008,1321330,4322,"(365) ཐེག་ཆེན་བསླབ་པ་འཆོར་བའི་ཆོས་དྲུག་ནི། །དཀོན་མཆོག་སྤོང་ཞིང་མཆོད་འོས་བསླུ་བ་དང༌། །"
1321330,1325495,4165,"ལྷག་པའི་བསམ་སྤངས་གཡོ་སྒྱུས་སྤྱོད་པ་དང༌། །རྒྱལ་སྲས་རྣམས་ལ་ཚིག་ངན་སྨྲ་བ་དང༌། །"
1325495,1329240,3745,"གཞན་དགེ་བྱེད་ལ་འགྱོད་པ་བྱེད་པ་དང༌། །ཐེག་མཆོག་ཞུགས་ལ་ཁོང་ཁྲོ་ཕྲག་དོག་བྱེད། །"
1329240,1333195,3955,"ཐབས་ཤེས་ཡ་བྲལ་ལམ་ལ་ཞུགས་པ་སྟེ། །འདི་དྲུག་སྤངས་ལ་རྟག་ཏུ་ནན་ཏན་བྱ། །"
1344172,1348870,4698,"གང་རེད་ཟེར་ན། དཀོན་མཆོག་རིན་པོ་ཆེ་རྣམ་པ་གསུམ་ཡིད་ཆེས་ཀྱིས་མི་བྱེད་པ་"
1348870,1351764,2894,"སྤོང་ཞིང་མཆོད་འོས་བླ་མ་ལ་མགོ་སྐོར་གཏོང་བ།"
1351764,1356313,4549,"དེ་ནས་ལྷག་པའི་བསམ་པ་བྱང་ཆུབ་སེམས་རིན་པོ་ཆེ་སྤོང་སྟེ་སེམས་ཅན་མགོ་སྐོར་བྱས།"
1356313,1360008,3695,"རང་ལ་ཡོན་ཏན་མེད་ན་ཡོད་མདོག་དང༌། སྐྱོན་ཡོད་ནའང་"
1360008,1362736,2728,"མེད་མདོག་བྱེད་པའི་གཡོ་སྒྱུས་སྤྱོད་པར་འགྱུར་བ་དང༌།"
1362736,1367217,4481,"དེ་ནས་རྒྱལ་སྲས་བྱང་ཆུབ་སེམས་དཔའ་རྣམས་ལ་ཚིག་རྩུབ་པོ་སྨྲ་བ་དང༌།"
1367217,1370831,3614,"གཞན་གྱིས་དགེ་བ་བྱེད་པ་དཔེར་ན། དཔེ་ཆ་ལྟ་མཁན་ཞིག་ཡིན་ན་"
1370831,1373012,2181,"ཁྱེད་རང་ཏིང་ངེ་འཛིན་བསྒོམ་ན་ཡག་རྒྱུ་རེད་ཟེར།"
1373012,1375627,2615,"དཔེ་ཆ་ལ་སྙིང་པོ་ཡོད་མ་རེད་ཟེར་མཁན་ལྟ་བུ་དང༌།"
1375627,1379568,3941,"ཏིང་ངེ་འཛིན་སྒོམ་མཁན་ཡིན་ན་ཡང་ཁྱེད་རང་ཐོས་པ་མེད་པའི་སྒོམ་པ་རེད་ཟེར་"
1379568,1382277,2709,"དགེ་བའི་ལས་བྱེད་པ་དེ་ལ་འགྱོད་པ་བསྐྱེད་པ་དང༌།"
1382277,1384660,2383,"ཐེག་པ་ཆེན་པོའི་ལམ་ལ་ཞུགས་པའི་གང་ཟག་ཡིན་ན་"
1384660,1388160,3500,"རང་ལས་ལྷག་ཏུ་འགྲོ་བ་མི་རིགས་ཏེ་དེ་ལ་ཁོང་ཁྲོ་དང༌།"
1388160,1391949,3789,"ཕྲག་དོག་བྱེད་པ་དང༌། ཐབས་སྙིང་རྗེ་ཆེན་པོ་དང་ཤེས་རབ་སྟོང་པ་ཉིད་"
1391949,1394612,2663,"ཟུང་འཇུག་གི་ལམ་མི་བྱེད་པ་ཡ་བྲལ་ལ་ཞུགས་པ་སྟེ།"
1394612,1396813,2201,"གོང་དུ་ཐེག་ཆེན་འཆོར་བའི་ཆོས་དྲུག་པོ་འདི་སྤངས་ལ་རྟག་ཏུ་ནན་ཏན་བྱ།"
1396813,1401993,5180,"(366) གཞན་དོན་སྤྱོད་ཚེ་ཕྲག་དོག་གཤེ་སྐུར་འབྱུང༌། །"
1401993,1410843,8850,"གསུངས་དུས། གཞན་སེམས་ཅན་གྱི་དོན་ལ་སྤྱོད་ན་མིས་ཕྲག་དོག་ཆེན་པོ་རེད་ཟེར་ཏེ་"
1432803,1436453,3650,"གཤེ་སྐུར་འབྱུང་ན་དེ་ལ་སྐྱོ་བ་ལོག་པའི་ཆོས་དྲུག་ནི།"
1436453,1439936,3483,"རང་གིས་གཞན་ལ་སྨད་པ་བྱས་ན་སྐྱེ་བ་ཚེ་རབས་ཐམས་ཅད་དུ་"
1439936,1442210,2274,"རང་ལའང་མི་སྙན་པ་མང་པོ་འོང་རྒྱུ་རེད།"
1442210,1451605,9395,"ཉོན་མོངས་པའི་ལས་ངན་འཛད་པའི་ཐབས་ཀྱི་གཉེན་པོ་ཡིན།"
1465823,1470979,5156,"དེ་ནས་མཐོ་བ་ཡ་བསྙེན་བཀུར་དང༌། དམའ་བ་ལ་གུས་ཆུང་ལྟ་བུ་མི་བྱེད་པའི་ཁྱིས་"
1470979,1478593,7614,"སྒྲ་ཟུག་པ་ལྟ་བུ་རྟག་ཏུ་དོན་དག་མེད་པའི་གཏམ་མང་པོ་སྨྲ་བ་བསམ་པ་དང༌།"
1494999,1502714,7715,"སྒྲ་བྲག་ཆ་ལྟར་ངོས་བཟུང་གིས་བྱ་ལམ་རྗེས་མེད་ སྟོང་པའི་ཆོ་འཕྲུལ་བསྟེན་པ་ཅན་འདི་དག་བསམ་ལ།"
1502714,1506153,3439,"ཁོང་ཁྲོའི་མི་འདི། བཟེ་རེ་ཅན་ལ་གནོད་པ་མང༌། །ཟེར་མཁན་རེད།"
1506153,1509492,3339,"མི་གཅེར་བུ་ཅན་ཞིག་འཚེར་མའི་ཁྲོད་དུ་སོང་པ་ལྟ་བུ་ཡིན་པ་ཤེས་པར་བྱས་ཏེ།"
1509492,1512559,3067,"མི་དགའ་བ་སྟེ་སྐྱོ་བ་སྤངས་ལ་གཞན་དོན་ཅི་ནུས་སུ་བྱ།"
1512559,1516507,3948,"(367) འཁོར་གྱི་ལོག་སྒྲུབ་བཟོད་པའི་ཆོས་དྲུག་ནི། །སླར་ཡང་ལྷག་པའི་སྙིང་རྗེས་གཟུང་བ་དང༌། །"
1516507,1520966,4459,"འཁོར་གཞན་རྣམས་ལ་རེ་བ་བསྐྱུངས་པ་དང༌། །སྔ་ཕྱིར་བྱུང་བའི་རྣམ་གྲངས་བསམ་པ་དང༌། །"
1520966,1524666,3700,"རང་གི་ལས་དང་རྐྱེན་ལ་བསམ་པ་དང༌། །སུ་དང་འགྲོགས་ཀྱང་ཚུལ་དེ་དཔག་པ་དང༌། །"
1524666,1528974,4308,"ཐམས་ཅད་རྨི་ལམ་སྒྱུ་མར་བསམ་པ་སྟེ། །འཁོར་ངན་སྐྱོ་ལ་གཉེན་པོ་དེ་དྲུག་བསྟེན། །"
1528974,1533931,4957,"གསུངས་དུས། ད་འདི་འཁོར་གྱི་སློབ་མ་དང་གཡོག་པོ་ཡོད་ན་འདིས་ལོག་སྒྲུབ་བྱས་ན་"
1533931,1537872,3941,"ཁོང་ཁྲོ་མི་སྐྱེ་བ་བཟོད་པའི་ཆོས་དྲུག་ཡོད། གང་རེད་ཟེར་ན།"
1537872,1540268,2396,"ཁོ་རང་གིས་ཚུར་ལོག་སྒྲུབ་ག་ཚོད་བྱས་ན།"
1540268,1543287,3019,"ཕ་ལ་སྙིང་རྗེ་ཁོ་རང་རླུང་ཚ་བོ་རེད་བསམ་མཁན་འདྲ།"
1543287,1547173,3886,"ཁོ་རང་ནད་ཀྱིས་མནར་ལེ་རེད་བསམ་ནས་སྙིང་རྗེ་ཆེན་པོ་བྱེད་པ་དང༌།"
1547173,1551892,4719,"འཁོར་གཞན་རྣམས་ལ་ཡང་འདི་རེ་བ་མི་བྱེད་དེ་རེ་བ་སྤང་བར་འགྱུར་བ་དང༌།"
1551892,1555688,3796,"ཚེ་སྔ་ཕྱི་ལས་བྱུང་བའི་རྣམ་གྲངས་མང་པོ་བསམ་པ་དང༌།"
1555688,1559212,3524,"རང་ལའང་སྐྱེ་བ་སྔ་མའི་ལས་ངན་བསགས་པའི་རྣམ་སྨིན་རེད་བསམ་རྒྱུ་དང༌།"
1559212,1561510,2298,"འཕྲལ་གྱི་རྐྱེན་གྱིས་བྱུང་བ་རེད་བསམ་པ་དང༌།"
1561510,1566169,4659,"སུ་དང་འགྲོགས་ཀྱང་ཚུལ་དེ་ལ་དཔག་སྟེ་ཐམས་ཅད་རྨི་ལམ་དང་སྒྱུ་མ་ལྟ་བུ་བསམ།"
1566169,1569771,3602,"འཁོར་ངན་པ་ལ་སྐྱོ་བའི་གཉེན་པོ་དེ་དྲུག་པོ་བསྟེན་པ་ཡིན།"
1569771,1573308,3537,"(368) རྟག་ཏུ་གདབ་པའི་སྨོན་ལམ་རྣམ་དྲུག་ནི། །གང་དུ་སྐྱེས་པའི་སྐྱེ་བ་ཐམས་ཅད་དུ། །"
1573308,1576588,3280,"མཐོ་རིས་ཡོན་ཏན་བདུན་ལྡན་ཐོབ་པར་ཤོག །སྐྱེས་མ་ཐག་ཏུ་ཆོས་དང་ཕྲད་གྱུར་ཅིང༌། །"
1576588,1579797,3209,"ཚུལ་བཞིན་བསྒྲུབ་པའི་རང་དབང་ཡོད་པར་ཤོག །དེར་ཡང་བླ་མ་དམ་པ་མཉེས་བྱེད་ཅིང༌། །"
1579797,1583129,3332,"ཉིན་དང་མཚན་དུ་ཆོས་ལ་སྤྱོད་པར་ཤོག །ཆོས་རྟོགས་ནས་ནི་སྙིང་པོའི་དོན་བསྒྲུབས་ཏེ། །"
1583129,1586554,3425,"ཚེ་དེས་སྲིད་པའི་རྒྱ་མཚོ་བརྒལ་བར་ཤོག །སྲིད་པར་དམ་པའི་ཆོས་རབ་སྟོན་བྱེད་ཅིང༌། །"
1586554,1589752,3198,"གཞན་ཕན་སྒྲུབ་ལ་སྐྱོ་ངལ་མེད་པར་ཤོག །རླབས་ཆེན་གཞན་དོན་ཕྱོགས་རིས་མེད་པ་ཡིས། །"
1589752,1593378,3626,"ཐམས་ཅད་ཕྱམ་གཅིག་སངས་རྒྱས་འགྲུབ་པར་ཤོག །སྨོན་ལམ་རྒྱལ་པོ་འདི་དག་རྟག་ཏུ་གདབ། །"
1593378,1597855,4477,"བསོད་ནམས་ཕན་ཡོན་ཚད་མེད་ནམ་མཁའ་བཞིན། །"
1597855,1599751,1896,"གསུངས་དུས། ད་སྐྱེ་བ་ཚེ་རབས་ཐམས་ཅད་དུ་"
1599751,1606467,6716,"མཐོ་རིས་ཀྱི་ཡོན་ཏན་བདུན་ཟེར་ནས་བཟུང་སྟེ། གཟུགས་བཟང་བ་དང༌།"
1606467,1609985,3518,"རིགས་མཐོ་བ་དང༌། ཚེ་རིང་བ་ལ་སོགས་པའི་ཡོན་ཏན་བདུན་དང་ལྡན་པ་དང༌།"
1609985,1613384,3399,"ག་ན་སྐྱེས་ན་སྐྱེས་མ་ཐག་ཏུ་དམ་པའི་ཆོས་དང་ཕྲད་དེ་"
1613384,1615968,2584,"དམ་པའི་ཆོས་ཚུལ་བཞིན་དུ་ཐོས་བསམ་སྒོམ་གསུམ་གྱིས་བསྒྲུབ་པ་"
1615968,1618425,2457,"གཞན་དབང་དུ་མ་སོང་བ་རང་དབང་ཡོད།"
1618425,1620796,2371,"ཆོས་སྒྲུབ་པ་དེར་ཡང་བླ་མ་དམ་པ་ལ་བསྟེན།"
1620796,1623906,3110,"དེ་བླ་མ་འདི་ཐུགས་མཉེས་པའི་ཆེད་དུ་ཉིན་དང་མཚན་དུ་"
1623906,1626303,2397,"རྣམ་གཡེང་འདུ་འཛི་མེད་པ་ཆོས་ལ་སྤྱོདཔ།"
1626303,1630891,4588,"ཆོས་ཀྱི་དོན་འདི་རྟོགས་ཚར་ནས་མི་ཚེ་སྟོང་ཟད་དུ་མི་བྱེད་པ་སྙིང་པོའི་སྒྲུབ་པ་ལྷུར་ལེན།"
1630891,1634287,3396,"ཚེ་དེ་ལ་སྲིད་པའི་རྒྱ་མཚོ་ཆེན་པོའི་ཕ་མཐའ་ལ་བརྒལ་བ་དང༌།"
1634287,1638281,3994,"དེ་ནས་རང་གིས་སྲིད་པའི་རྒྱ་མཚོ་ཕ་རོལ་བརྒལ་སོང་ན།"
1638281,1640389,2108,"འཁོར་བར་འཁྱམས་པའི་སེམས་ཅན་ཐམས་ཅད་ལ་"
1640389,1642849,2460,"ཟབ་པ་དང་རྒྱ་ཆེ་བའི་དམ་པའི་ཆོས་སྟོན་ཏེ།"
1642849,1646118,3269,"གཞན་ཕན་བསྒྲུབ་པ་ལ་སྐྱོ་ངལ་གཏན་ནས་མེད་པ་དང༌།"
1646118,1648004,1886,"དེ་ནས་ཚོགས་གཉིས་ལ་བརྟེན་ཏེ་རླབས་ཆེན་པོའི་གཞན་དོན་"
1648004,1651145,3141,"ཕྱོགས་རིས་མེད་པས་རང་གཞན་ཐམས་ཅད་ཕྱམ་གཅིག་ཏུ་"
1651145,1652591,1446,"སངས་རྒྱས་འཐོབ་པར་ཤོག་ཟེར་ན།"
1652591,1656737,4146,"སྨོན་ལམ་འདི་ཐམས་ཅད་བྱང་ཆུབ་སེམས་དཔའི་སྨོན་ལམ་གྱི་གནད་ཐམས་ཅད་བསྡུས་པ་ཡིན་པས་"
1656737,1658838,2101,"དུས་རྟག་ཏུ་གདབ་པར་བྱས་ན།"
1658838,1661891,3053,"ཕན་ཡོན་ནམ་བསོད་ནམས་ཚད་མེད་པ་ནམ་མཁའ་ལྟ་བུ་ཡིན།"
1661891,1665904,4013,"(369) ཆོས་མཛོད་འཛིན་པའི་གདམས་པ་རྣམ་དྲུག་ནི། །གཡོ་སྒྱུ་མེད་པས་དམ་ཆོས་འཚོལ་བ་དང༌། །"
1665904,1669590,3686,"ཆོས་ལ་ནན་ཏན་གུས་པས་བསྒྲུབ་པ་དང༌། །གཞན་ལ་སྟོན་ཅིང་ཡོན་ཏན་བསྔགས་པ་བརྗོད། །"
1669590,1673417,3827,"ཆོས་སྨྲ་རྣམས་ལ་སྟོན་པའི་འདུ་ཤེས་བསྐྱེད། །བཀུར་སྟི་རིམ་གྲོ་སྲི་ཞུས་རྟག་བསྟེན་ཅིང༌། །"
1673417,1676998,3581,"སྐྱོ་ངལ་མེད་པས་ཆོས་མཛོད་འཛིན་པ་སྟེ། །རྒྱལ་སྲས་རྣམས་ཀྱི་སྤྱོད་པ་རྨད་བྱུང་ཡིན། །"
1676998,1682532,5534,"ཟེར་བ་འདི། དམ་པའི་ཆོས་ཀྱི་མཛོད་འཛིན་པའི་གང་ཟག་ལ་གདམས་ངག་རྣམ་པ་དྲུག་ཡོད།"
1682532,1685392,2860,"གང་རེད་ཟེར་ན། རང་ལ་གཡོ་སྒྱུ་མེད་པའི་སྒོ་ནས་"
1685392,1688492,3100,"ཕྱོགས་དང་རིས་སུ་དམ་པའི་ཆོས་ཟབ་པ་དང་རྒྱ་ཆེ་བ་"
1688492,1691921,3429,"ག་ཚོད་འདུག་བརྟགས་ནས་རྟག་ཏུ་འཚོལ་རྩད་གཅོད་དགོས་པ་ཡིན།"
1691921,1697205,5284,"ཆོས་འཚོལ་ཚར་ནས་ཆོས་དེ་ལ་ནན་ཏན་གྱི་སྒོ་ནས་ཆོས་ཤོ་ལོ་ཀ་གཅིག་ལྟ་བུ་ཡིན་ནའང་"
1697205,1702156,4951,"སངས་རྒྱས་ཀྱི་དམ་པའི་ཆོས་རེད་བསམ་ནས་རིན་པོ་ཆེ་རྙེད་པ་ལྟ་བུ་གུས་པས་བསྒྲུབ་པ་དང༌།"
1702156,1706261,4105,"ཆོས་ཀྱི་ཡོན་ཏན་འདི་གཞན་ལ་སྟོན། ཆོས་ཀྱི་ཡོན་ཏན་ལ་བསྔགས་པ་བརྗོད།"
1706261,1709250,2989,"དམ་པའི་ཆོས་སྨྲ་བ་དང་ཆོས་སྟོན་པའི་གང་ཟག་ལ་"
1709250,1711754,2504,"སངས་རྒྱས་དངོས་ཀྱི་སྟོན་པའི་འདུ་ཤེས་བསྐྱེད།"
1711754,1714451,2697,"དེ་ལ་བཀུར་སྟི་དང་རིམ་གྲོ་སྲི་ཞུས་རྟག་ཏུ་བསྟེན།"
1714451,1718000,3549,"ཉིན་དང་མཚན་དུ་སྐྱོ་ངལ་མེད་པ་ཡང་ན་དམ་པའི་ཆོས་འཛིན།"
1718000,1721590,3590,"ཡང་ན་དམ་པའི་ཆོས་འཆད། དེ་འདྲ་བྱེད་པ་འདི་རྒྱལ་བའི་སྲས་པོ་"
1721590,1723530,1940,"བྱང་ཆུབ་སེམས་དཔའ་རྣམས་ཀྱི་སྤྱོད་པ་ཡིན།"
1723530,1727446,3916,"(370) ཚད་མེད་དྲུག་གིས་འགྲོ་བ་དྲང་བ་ནི། །སྡུག་བསྔལ་བྲལ་འདོད་སྙིང་རྗེ་ལག་ཏུ་བླང༌། །"
1727446,1731006,3560,"བདེ་ལ་འགོད་འདོད་བྱམས་པ་ལག་ཏུ་བླང༌། །བདེ་ཐོབ་མི་འབྲལ་དགའ་བ་ལག་ཏུ་བླང༌། །"
1731006,1734511,3505,"ཉེ་རིང་མེད་པའི་བཏང་སྙོམས་ལག་ཏུ་བླང༌། །འཇུག་པའི་ཆོས་ལ་དམིགས་པ་ལག་ཏུ་བླང༌། །"
1734511,1738537,4026,"འཁོར་གསུམ་མི་རྟོག་དམིགས་མེད་ལག་ཏུ་བླང༌། །སེམས་བསྐྱེད་སྤེལ་བའི་དོན་ལ་བསླབ་པ་གཅེས། །"
1738537,1743017,4480,"གསུངས་དུས། ད་འདི་བྱང་ཆུབ་སེམས་དཔའ་རྣམས་ཀྱིས་སྤྱད་བཞག་ན་"
1743017,1746097,3080,"བསོད་ནམས་ཚད་མེད་པ་དང༌། སྒོམ་སའི་ཡུལ་ཚད་མེད་པ།"
1746097,1749123,3026,"རང་གི་བསམ་པ་བྱང་ཆུབ་སེམས་ཚད་མེད་པའི་འགྲོ་བ་"
1749123,1751745,2622,"དྲང་དགོས་པའི་སེམས་ཅན་འདི་དག་ཐམས་ཅད།"
1751745,1754611,2866,"རིགས་དྲུག་གི་སྡུག་བསྔལ་དང་བྲལ་འདོད་ཀྱི་སྙིང་རྗེ་དུས་རྟག་ཏུ་"
1754611,1756708,2097,"སེམས་ཀྱིས་སྒོམ་སྟེ་ལག་ཏུ་ལེན་དགོས།"
1756708,1760688,3980,"སེམས་ཅན་སྡུག་བསྔལ་ཅན་དེ་དག་ཐམས་ཅད་བདེ་བ་ལ་འགོད་པ་དང༌།"
1760688,1764864,4176,"ད་ལྟ་བདེ་བ་ཡོད་པ་དེ་ཐམས་ཅད་མི་ཉམས་པ་བྱམས་པ་ཚད་མེད་ལག་ཏུ་བླང༌།"
1764864,1768505,3641,"ད་ལྟ་མཐོ་རིས་ཀྱི་བདེ་བ་ཡོད་པའི་གང་ཟག་དང༌།"
1768505,1773245,4740,"ཆོས་ཀྱི་བདེ་བ་ཡོད་པའི་གང་ཟག་ཐམས་ཅད་ལ་ཕྲག་དོག་གི་བསམ་པ་མེད་པ་"
1773245,1775384,2139,"སྙིང་ཐག་པ་ནས་དགའ་བ་ལག་ཏུ་བླང༌།"
1775384,1778845,3461,"དེ་བྱམས་པ་སྙིང་རྗེ་དགའ་བ་འདི་ཐམས་ཅད་ཀྱང་རང་དང་གཞན་"
1778845,1783603,4758,"ཕྱོགས་རིས་མེད་པ་ནམ་མཁའ་ལྟ་བུ་ཐམས་ཅད་ལ་བཏང་སྙོམས་ཀྱི་སྒོ་ནས་ལག་ཏུ་བླང༌།"
1783603,1787030,3427,"དེ་ཚད་མེད་བཞི་པོ་འདི་མཐར་ཕྱིན་ན་འཇུག་པ་བྱང་ཆུབ་མཆོག་ཏུ་"
1787030,1791974,4944,"སེམས་བསྐྱེད་པའི་བྱང་ཆུབ་སེམས་དཔའི་སྤྱོད་པ་ལ་འཇུག་པའི་དམིགས་པ་ལག་ཏུ་བླང༌།"
1791974,1795854,3880,"དེ་ལྟ་བུ་བྱས་ནའང་འདི་བྱམས་པ་སྒོམ་མཁན། སྒོམ་ཡུལ།"
1795854,1798527,2673,"བསྒོམ་རྒྱུ་ཐམས་ཅད་སྒྱུ་མ་དང་རྨི་ལམ་ལྟ་བུ་མ་གཏོགས།"
1798527,1801787,3260,"ཡང་ངས་སྙིང་རྗེ་བསྒོམས་བཞག་ཡོད། ང་བྱང་ཆུབ་སེམས་དཔའ་ཡིན་"
1801787,1805094,3307,"བསམ་པའི་འཛིན་པ་མི་བྱེད་པ་འཁོར་གསུམ་མི་རྟོག་དམིགས་མེད་ཉམས་སུ་བླང༌།"
1805094,1809042,3948,"བྱང་ཆུབ་མཆོག་ཏུ་སེམས་བསྐྱེད་པ་སྤེལ་བའི་དོན་ལ་བསླབ་པ་གཅེས།"
1809042,1812833,3791,"(371) སངས་རྒྱས་ཆོས་དྲུག་ལེགས་པར་བསྒྲུབ་པ་ནི། །སེམས་ཅན་ཀུན་ལ་བརྩེ་བའི་མིག་གིས་བལྟ། །"
1812833,1817074,4241,"བྱ་དང་མི་བྱའི་འདུ་བྱེད་ཇི་བཞིན་ཤེས། །བྱང་ཆུབ་ཆེན་པོའི་ཡེ་ཤེས་ཇི་ལྟར་རྟོགས། །"
1817074,1822599,5525,"སེམས་ཅན་དོན་དུ་འཁོར་བ་མི་སྤོང་ཞིང༌། །རང་བཞིན་མི་རྟོག་འཁོར་བས་གོས་པ་མེད། །"
1822599,1828849,6250,"སངས་རྒྱས་འདོད་ན་བརྩོན་པས་བསྒྲུབ་པ་སྟེ། །རྒྱལ་སྲས་རྣམས་ཀྱི་ཕུན་ཚོགས་སྤྱོད་པ་ཡིན། །"
1828849,1833165,4316,"གསུངས་དུས། སངས་རྒྱས་ཀྱི་གོ་འཕང་འཐོབ་པར་བྱེད་པ་ལ་ཡང་ཆོས་དྲུག་ཡོད།"
1833165,1837110,3945,"གང་རེད་ཟེར་ན། སེམས་ཅན་ཐམས་ཅད་ལ་བརྩེ་བའི་སྙིང་རྗེ་ཆེན་པོའི་སྒོ་ནས།"
1837110,1840100,2990,"དཔེར་ན་ཕ་མས་བུ་ལ་བལྟས་པ་བཞིན་དུ་མིག་གིས་བལྟ།"
1840100,1844779,4679,"བྱ་བ་དགེ་བའི་དངོས་པོ་དང༌། མི་བྱ་བ་སྡིག་པའི་དངོས་པོ་ཐམས་ཅད་"
1844779,1849211,4432,"དྲན་ཤེས་བག་ཡོད་ཀྱིས་ཇི་བཞིན་ཤེས་པར་བྱས་ནས། འདི་ལྟར་དུ་དགེ་བ་བསྒྲུབ།"
1849211,1854526,5315,"སྡིག་པ་སྤང༌། སངས་རྒྱས་ཀྱི་ཡེ་ཤེས་འདི་ངས་ནམ་རྟོགས་འོང་བསམ་"
1854526,1856789,2263,"སྐོམ་པ་ཆུ་ལ་གདུང་བ་ལྟ་བུས་རེ་བ་བྱེད།"
1856789,1861069,4280,"སེམས་ཅན་གྱི་དོན་དུ་ཡིན་ན་ཁམས་གསུམ་འཁོར་བ་འདི་ན་ག་ཚོད་གནས་དགོས་ན།"
1861069,1864146,3077,"སེམས་ཅན་གཅིག་གི་དོན་དུའང་ཡུན་རིང་པོ་གནས་བསམ་པ་མ་གཏོགས།"
1864146,1867018,2872,"ངས་གཞན་དོན་གཡུག་ནས་རང་དོན་སྒྲུབ་པ་མི་བསམ།"
1867018,1873367,6349,"འཁོར་བའི་སྣང་བ་འདི་ཐམས་ཅད་ཀྱང་རང་བཞིན་སྒྱུ་མ་དང་རྨི་ལམ་ལྟ་བུ་རྟོགས་ཏེ་"
1873367,1875305,1938,"ཁམས་གསུམ་འཁོར་བའི་སྐྱོན་གྱིས་གོས་པ་མེད།"
1875305,1879685,4380,"མེ་ཏོག་འདམ་ལས་སྐྱེས་ཀྱང་འདམ་གྱིས་མེ་ཏོག་གོས་པ་མེད་པ་ལྟ་བུ་བྱས།"
1879685,1883445,3760,"སངས་རྒྱས་འདོད་ན་དེ་དག་བརྩོན་པས་སྒྲུབ་པར་བྱེད་པ་སྟེ།"
1883445,1886150,2705,"རྒྱལ་བའི་སྲས་པོ་རྣམས་ཀྱི་ཕུན་སུམ་ཚོགས་པའི་སྤྱོད་པ་ཡིན། "