0,3759,3759,"གསུངས་དུས། དེ་གང་རེད་ཟེར་ན། དོན་མེད་འཇིག་རྟེན་གྱི་བྱ་བ་འདི་འཁྲུལ་པ་རེད།"
3759,5767,2008,"སྤང་དགོས་བསམ་པ་ཞིག་དྲན་སོང་ན།"
5767,9915,4148,"ཆོས་ལ་དད་པ་སྐྱེ་བའི་དུས་སུ་བྱ་བ་ཐམས་ཅད་བྱེད་འཕྲོ་བཅད་དེ་"
9915,11263,1348,"ཕར་གཡུག་ཤོག་གསུངས་རེད།"
11263,15490,4227,"དོན་མེད་འཇིག་རྟེན་གྱི་བྱ་བ་བྱེད་བསྡད་ན་ཆུའི་གཉེར་མ་དང་འདྲ།"
15490,18382,2892,"གཅིག་གི་རྗེས་ལ་གཅིག་སླེབས་ཏེ་ནམ་ཡང་ཟིན་དུས་མེད་པས་ན།"
18382,22090,3708,"དབེན་པའི་གནས་སུ་བྱ་བྲལ་བྱེད་དེ་རྩེ་གཅིག་ཏུ་སྒྲུབ་པ་བྱེད་དགོས།"
22090,27416,5326,"རི་ཁྲོད་ལ་སྒྲུབ་པ་བྱེད་དགོས་བསམ་ན། དེ་ནས་དྲན་མ་ཐག་རི་ཁྲོད་ལ་སོང་སྟེ་"
27416,30129,2713,"སྒྲུབ་པ་རྩེ་གཅིག་བྱས་ན་དགའ་རྒྱུ་རེད་མ་གཏོགས།"
30129,34237,4108,"ད་ལྟ་མིན་རྗེས་ལ་ཁོམ་འོང་དུས་ཡིན་དུས་ཡུན་རིང་སོང་ན་སྒྲུབ་པའི་དུས་མེད།"
34237,37427,3190,"དེ་དུས་མ་ཕྱིན་འགལ་རྐྱེན་གྱི་བཤོལ་འདེབས་མང་བ་ཡིན།"
37427,40729,3302,"བླ་མ་བསྟེན་དུས་བླ་མས་ཅི་གསུང་བཀའ་བཞིན་དུ་ཉན་དགོས་མ་གཏོགས།"
40729,42952,2223,"ངས་བླ་མ་ལ་ཞབས་ཏོག་བྱས་བཞག་ཡིན།"
42952,46823,3871,"ངས་རང་འདོད་བྱས་བཞག་རྒྱུའི་ཡུས་མང་པོ་བཤད་ན་བླ་མའི་ཐུགས་ཟིན་དུས་མི་འོང༌།"
46823,50976,4153,"སེམས་ཀྱི་ངོ་བོ་བལྟ་དུས་མ་བཅོས་རང་སར་བཞག་དགོས་མ་གཏོགས།"
50976,56010,5034,"མ་བཞག་སེམས་ལ་སྒུལ་སྐྱོད་མང་པོ་བྱེད་བསྡད་ན་ཆོས་ཉིད་ཀྱི་རང་ངོ་མཐོང་དུས་མེད།"
56010,59876,3866,"ཡོན་ཏན་འཚོལ་བའི་དུས་སུ་ཉིན་དང་མཚན་མི་དལ་བ་བརྩོན་འགྲུས་ཀྱི་སྒོ་ནས་"
59876,63147,3271,"བུང་བ་མེ་ཏོག་ལ་རོལ་བ་ལྟ་བུ་གཉུག་བསྲིང་བ་དགོས་མ་གཏོགས།"
63147,66465,3318,"ཉི་མ་གཅིག་གཉིས་ཞིག་གིས་ཡོན་ཏན་རྒྱུད་ལ་སྐྱེ་དགོས་རྒྱུ་དང༌།"
66465,69899,3434,"ཡང་བྱ་བ་གཅིག་ཟིན་དུས་གཅིག་བཞག་པས་ཡོན་ཏན་རྩལ་རྫོགས་དུས་མེད།"
69899,73245,3346,"ཆོས་ཉིད་ཟད་ས་ལ་སྐྱེལ་དུས་གནས་ལུགས་ཀྱི་བཙན་ས་ཟིན་དགོས།"
73245,77196,3951,"དེ་མ་ཡིན་པ་རང་གི་རྒྱུད་ལ་ཆོས་ཉིད་ཡོད་པ་འདི་"
77196,80740,3544,"མི་ཤེས་པ་གཞན་དུ་བཙལ་བས་རྙེད་པའི་དུས་མེད་གསུངས།"
80740,87568,6828,"(331) གནས་ལུགས་སྒྲུབ་པའི་གཉེན་པོ་རྣམ་དྲུག་ནི། །ཆེ་བཟང་མཐོ་ས་མི་གཟུང་དམན་པའི་འདུག་སར་བསྡད། །"
87568,92119,4551,"མང་པོའི་འགོ་དཔོན་མི་བྱ་བཟང་པོའི་འོག་ཏུ་ཞུགས། །བཟང་འདོད་སྙན་གྲགས་མི་སྒྲུབ་ངར་འཛིན་རི་བོ་སྒྱེལ། །"
92119,98349,6230,"རང་འདོད་རྒྱལ་ཁ་མི་སྒུག་ཆོག་ཤེས་ཕམ་ཁ་བླང༌། །མི་ངོའི་དཀར་ནག་མི་ལྟ་རང་རྒྱུད་དགེ་སྡིག་ལྟ། །"
98349,104277,5928,"ཚོགས་དྲུག་ཡུལ་ལ་མི་ཡེང་སེམས་ཀྱི་རང་ངོ་ལྟོས། །དེ་ལྟར་རྣམ་པ་དྲུག་ལྡན་སྒྲུབ་པ་གནད་དུ་ཕྱིན། །"
104277,108896,4619,"གསུངས་དུས། གནས་ལུགས་རྟོགས་པའི་གཉེན་པོ་རྣམ་པ་དྲུག་ཡོད།"
108896,112369,3473,"གང་རེད་ཟེར་ན། རང་གོ་ས་མཐོན་པོ་ཡིན། རིགས་བཟང་པོ་ཡིན།"
112369,115702,3333,"འབྱོར་པ་ཆེན་པོ་ཡིན་བསམ་མཐོ་ས་མི་གཟུང༌། མ་དམའ་ས་ལ་བསྡད་དེ་"
115702,119325,3623,"དམན་པའི་ས་བཟུང་ནས་ཡོན་ཏན་གང་ཡང་མེད་པ་ཞིག་བྱས་ན་དགའ་གསུངས།"
119325,125707,6382,"དེ་ནས་མི་མང་པོའི་འགོ་དཔོན་མི་བྱ་བ་རང་གི་བྱ་བ་འདི་བཟང་པོ་ཅན་ཞིག་བྱེད་དེ་དགའ་གསུངས།"
125707,129824,4117,"རང་གིས་བྱ་བ་བྱེད་པ་འདི་སྙན་པ་དང་གྲགས་པ་འོང་འདོད་མི་བྱེད་པར།"
129824,133107,3283,"རང་གིས་བྱས་བཞག་རྒྱུ་འདི་ལ་ང་རྒྱལ་གྱི་རི་བོ་འདི་སྒྱེལ་བཞག་ན་དགའ།"
133107,138868,5761,"རང་འདོད་ཀྱིས་རྒྱལ་ཁ་མི་བསྒྲུབ་པ་རང་ཉིད་ཆོག་ཤེས་ཀྱིས་ཕམ་ཁ་བླང་ན་དེ་དགའ་བ་ཡིན།"
138868,144951,6083,"མི་ཚོའི་ངོ་དཀར་ནག་ལ་མི་ལྟ་བ་རང་རྒྱུད་ཀྱིས་དགེ་སྡིག་"
144951,147157,2206,"གང་བྱེད་ཀྱི་འདུག་དྲན་ཤེས་བག་ཡོད་ཀྱིས་ལྟ་སྟེ།"
147157,151236,4079,"སྡིག་པ་སྤང་དགེ་བ་སྒྲུབ་ན་དགའ། ཚོགས་དྲུག་གི་ཡུལ་ལ་མི་གཡེང་བ་"
151236,156174,4938,"སེམས་ཀྱི་རང་ངོ་ལྟ་དེ་ལྟར་རྣམ་པ་དྲུག་དང་ལྡན་ན་ཆོས་སྒྲུབ་པ་གནད་དུ་ཕྱིན་པ་ཡིན།"
156174,160624,4450,"(332) ངེས་པ་རྣམ་དྲུག་མན་ངག་བསྟན་པ་ནི། །མོས་གུས་གདུང་སེམས་བཅས་ཏེ་གསོལ་བ་འདེབས་ནུས་ན། །"
160624,166881,6257,"སེམས་ཉིད་རང་ངོ་རྟོགས་ཤིང་བྱིན་རླབས་འཇུག་པར་ངེས། །རང་བབས་བྱར་མེད་ངང་ལ་ལྷུག་པར་གློད་ཤེས་ན། །"
166881,171361,4480,"རང་རིག་གཉིས་མེད་ཡེ་ཤེས་ཇི་བཞིན་གསལ་བར་ངེས། །གཉིས་འཛིན་མཚན་མའི་རྣམ་རྟོག་རང་ངོ་བལྟ་ཤེས་ན། །"
171361,176562,5201,"ངང་ཐོག་བཅོས་བསླད་མེད་པར་རང་ས་གྲོལ་བར་ངེས། །འཁྲུལ་སྣང་གཟུང་འཛིན་རྣམ་རྟོག་རང་སར་འཇོག་ཤེས་ན། །"
176562,181565,5003,"རང་དངས་མི་རྟོག་ཡེ་ཤེས་རང་བཞིན་འཆར་བར་ངེས། །ཐབས་ཀྱིས་རིག་པ་གཅུན་ན་གནས་ལུགས་གདོད་མའི་གཞི། །"
181565,186294,4729,"མི་གཡོ་སྤྲོས་དང་བྲལ་བའི་ལྷུན་གྲུབ་འཆར་བར་ངེས། །སྙོམ་ལས་ལེ་ལོ་མེད་པར་བརྩོན་འགྲུས་རྒྱུན་བསྲིངས་ན། །"
186294,189089,2795,"ས་ལམ་ཡོན་ཏན་དྲོད་རྟགས་ནང་ནས་འཆར་བར་ངེས། །"
189089,194122,5033,"གསུངས་ནས། རྒྱུ་འདི་བསྒྲུབ་ན་འབྲས་བུ་མི་བསླུ་བ་ངེས་པ་རྣམ་པ་དྲུག་ཡོད།"
194122,196464,2342,"གང་རེད་ཟེར་ན། བླ་མ་ལ་སངས་རྒྱས་དངོས་མཐོང༌།"
196464,200171,3707,"ཅི་མཛད་ལེགས་མཐོང་གི་མོས་གུས་གདུང་སྟེ་གསོལ་བ་འདེབས་ནུས་ན་"
200171,204084,3913,"སེམས་ཀྱི་ངོ་བོ་མི་རྟོགས་པའི་ཐབས་གཏན་ནས་མེད་གསུངས།"
204084,206662,2578,"རང་བབས་བྱར་མེད་ཀྱི་ངང་དུ་གློད་ཤེས་ན།"
206662,210854,4192,"རང་རིག་གཉིས་མེད་ཡེ་ཤེས་ཀྱི་ཉམས་མྱོང་སེམས་ལ་གསལ་མི་འོང་པའི་ཐབས་མེད།"
210854,215738,4884,"གཉིས་འཛིན་མཚན་མའི་རྣམ་རྟོག་ཐམས་ཅད་ཀྱི་རང་ངོ་བལྟས་ཏེ་རང་གྲོལ་གྱིས་གྲོལ་ཐུབ་ན།"
215738,219951,4213,"རིག་པ་རང་བཅོས་བསླད་མེད་པ་བཞག་དུས་"
219951,222131,2180,"ཆགས་སྡང་གི་རྟོག་པ་རང་སར་གྲོལ་འོང་བ་ཡིན།"
222131,225296,3165,"འཁྲུལ་སྣང་གཟུང་འཛིན་རྣམ་རྟོག་ཐམས་ཅད་ཐོག་མར་སྐྱེ་མེད།"
225296,228032,2736,"བར་དུ་གནས་མེད། ཐ་མ་འགག་མེད་དུ་རང་སར་འཇོག་ཤེས་ན།"
228032,231731,3699,"ཆོས་ཉིད་ངང་གི་དངས་ཤིང་མི་རྟོག་པའི་ཡེ་ཤེས་འཆར་བར་ངེས་པ་ཡིན།"
231731,235925,4194,"ལུས་ཀྱི་འདུག་སྟངས། ངག་གི་སྨྲ་བརྗོད། སེམས་ཀྱི་སྒོམ་པས་"
235925,239713,3788,"རིག་པ་གནད་དུ་གཅུན་ན་གནས་ལུགས་འདོད་མའི་གཞི་མི་གཡོ་སྤྲོས་དང་བྲལ་བ་"
239713,241740,2027,"རང་ལ་ལྷུན་གྲུབ་ཏུ་འཆར་བར་ངེས་པ་ཡིན།"
241740,244317,2577,"སྙོམ་ལས་ལེ་ལོ་མེད་པ་ཉིན་མཚན་ཐམས་ཅད་"
244317,246379,2062,"དམ་པའི་ཆོས་ལ་བརྩོན་འགྲུས་རྒྱུན་བསྲིངས་ན།"
246379,249033,2654,"ས་ལམ་གྱི་ཡོན་ཏན་ཐམས་ཅད་རབ་ཀྱི་ཞག་སྐྱེད།"
249033,251982,2949,"འབྲིང་གི་ཟླ་སྐྱེད། ཐ་མའི་ལོ་སྐྱེད་དེ་འཆར་བར་འགྱུར་བ་ཡིན།"
251982,256576,4594,"(333) ཡིན་པ་དྲུག་གི་རྣམ་གྲངས་བསྟན་པ་ནི། །གཞན་དག་གཡོ་སྒྱུས་བསླུས་ན་རང་ཉིད་བསླུས་པ་ཡིན། །"
256576,261410,4834,"གཞན་ལ་རྒྱལ་ཁ་བྱིན་ན་རང་ལ་བྱིན་པ་ཡིན། །གཞན་ལ་གདུག་རྩུབ་གནོད་པ་རང་ལ་བསྐྱལ་བ་ཡིན། །"
261410,266123,4713,"གཞན་ལ་ཇི་ལྟར་ཕན་བཏགས་རང་ལ་བཏགས་པ་ཡིན། །གཞན་ལ་ཕྲག་དོག་གཤེ་སྐུར་རང་ལ་བཏབ་པ་ཡིན། །"
266123,273271,7148,"གཞན་དོན་ཚོགས་གཉིས་ཅི་བསགས་རང་ལ་བསགས་པ་ཡིན། །དེ་འདྲ་གོ་བ་དཀོན་ཏེ་རྒྱུད་ལ་འགེལ་བ་དཀོན། །"
273271,277108,3837,"དེ་བས་དེ་ཉིད་དོན་ལ་རང་གི་སེམས་སྦྱང་བྱ། །"
277108,280541,3433,"གསུངས་དུས། ཡིན་པ་དྲུག་གི་རྣམ་གྲངས་རེད། གང་རེད་ཟེར་ན།"
280541,283612,3071,"གཞན་དག་གཡོ་སྒྱུས་བསླུས་བཞག་ན་རང་མགོ་སྐོར་བཞག་རྒྱུ་འདི།"
283612,286652,3040,"གཞན་དག་གཡོ་སྒྱུས་བསླུས་པའི་ཉེས་པ་འདི་རང་ལ་འོང་དུས་"
286652,290590,3938,"དེ་རང་ཕམ་ཁ་ལེན་འགྲོ་བ་ཡིན། གཞན་ལ་རྒྱལ་ཁ་བྱིན་བཞག་ན་"
290590,293305,2715,"དེ་གཞན་ཕན་བྱང་ཆུབ་སེམས་ཀྱིས་རྩིས་ཟིན་དུས་"
293305,296366,3061,"རང་ལ་རྒྱལ་ཁ་རང་ཤུགས་ཀྱིས་ཐོབ་མི་འོང་པའི་ཐབས་ཡོད་མ་རེད།"
296366,302214,5848,"གཞན་ཕ་རོལ་པོ་སེམས་ཅན་ལ་དགྲ་སྡང་བ་རུ་བལྟས་ཏེ་"
302214,305525,3311,"གདུག་རྩུབ་དང་གནོད་འཚེ་བྱས་ན། རང་དེའི་རྣམ་པར་སྨིན་པས་"
305525,308191,2666,"ཕྱི་མ་ངན་སོང་འགྲོ་དུས་རང་ལ་གནོད་པ་བསྐྱལ་བ་ཡིན།"
308191,311896,3705,"གཞན་ལ་ཆོས་དང་འཇིག་རྟེན་གང་གི་ཕྱོགས་ནས་ཕན་བཏགས་བཞག་ན།"
311896,315761,3865,"རང་ལ་དེའི་འབྲས་བུ་ཚེ་རབས་ཐམས་ཅད་དུ་ཕན་བཏགས་བཞག་རྒྱུ་ཡིན།"
315761,319189,3428,"གཞན་ལ་ཕྲག་དོག་དང་གཤེ་སྐུར་མང་པོ་བྱས་ན་"
319189,323915,4726,"རང་གི་རྒྱུད་དག་སྣང་མེད་པའི་མཚང་ཡིན་པས་རང་ལ་ཕྲག་དོག་གཤེ་སྐུར་བཏབ་པ་ཡིན།"
323915,329646,5731,"གཞན་སེམས་ཅན་གྱི་དོན་དུ་བསོད་ནམས་ཡེ་ཤེས་ཀྱི་ཚོགས་གཉིས་ག་ཚོད་བསགས་ན།"
329646,332424,2778,"རང་ཚོགས་རང་ཤུགས་ཀྱིས་ཚོགས་འོང་སྟེ་བསགས་པ་ཡིན།"
332424,339919,7495,"དེ་འདྲ་བ་གོ་བ་དཀོན་པས་ན་གོ་བ་འདི་མན་ངག་གིས་རྒྱུད་ལ་སྦྱར་བ་དཀོན་པ་ཡིན།"
339919,344070,4151,"དེ་བས་དེ་ཉིད་ཀྱི་དོན་རང་དོན་འདི་བློས་བཏང༌།"
344070,346778,2708,"གཞན་དོན་འདི་གཙོ་བོ་བྱས་པའི་བློ་སྦྱོང་བསྒོམ་དགོས།"
346778,351497,4719,"(334) འཛིན་པ་མེད་པའི་རྣམ་གྲངས་དྲུག་པོ་ནི། །དད་གུས་མེད་པའི་མི་ལ་ཐུགས་རྗེས་འཛིན་པ་མེད། །"
351497,355940,4443,"ཤེས་རབ་མེད་པའི་མི་ལ་ཐོས་བསམ་འཛིན་པ་མེད། །དམ་ཚིག་མེད་པའི་མི་ལ་དངོས་གྲུབ་འཛིན་པ་མེད། །"
355940,360421,4481,"བསླབས་ཀྱང་མི་ཉན་མི་ལ་ཁ་ཏས་འཛིན་པ་མེད། །རང་རྒྱུད་ངན་པའི་མི་ལ་ཆོས་ཀྱིས་འཛིན་པ་མེད། །"
360421,363097,2676,"དྲིན་གཟོ་མེད་པའི་མི་ལ་ཕན་ཐོགས་འཛིན་པ་མེད། །"
363097,369347,6250,"གསུངས་དུས། དེ་བས་ན་འཛིན་པ་མེད་པའི་རྣམ་གྲངས་དྲུག་ཡོད། གང་རེད་ཟེར་ན།"
369347,373022,3675,"དད་གུས་གཏན་ནས་མེད་པའི་མི་ལ་བླ་མ་དང་སངས་རྒྱས་བྱང་སེམས་ཀྱི་"
373022,374752,1730,"ཐུགས་རྗེས་རྗེས་སུ་བཟུང་བའི་དུས་མེད།"
374752,377197,2445,"ཐོས་བསམ་སྒོམ་གསུམ་གྱི་ཤེས་རབ་མེད་པའི་མི་ལ་"
377197,380663,3466,"དམ་པའི་ཆོས་ཀྱི་གནད་ཤེས་པའི་ལྟ་སྒོམ་སྤྱོད་གསུམ་འཛིན་པ་མེད།"
380663,382981,2318,"དམ་ཚིག་ཚུལ་བཞིན་དུ་མི་བསྲུང་བའི་མི་ལ་"
382981,385315,2334,"མཆོག་དང་ཐུན་མོང་གི་དངོས་གྲུབ་འཐོབ་རྒྱུ་མེད།"
385315,388914,3599,"ཡོན་ཏན་བཟང་པོ་དམ་པའི་ཆོས་ལ་འདི་འདྲ་དགོས་རེད་ཟེར་"
388914,392786,3872,"ཁ་ཏ་བསླབ་ན་དེ་ཚུལ་བཞིན་དུ་མི་ཉན་པའི་མི་འདི་ལ་"
392786,395288,2502,"ཁ་ཏ་བྱེད་མཁན་གཅིག་ཀྱང་ཡོད་མ་ཡིན།"
395288,397467,2179,"རང་གི་གཤིས་རྒྱུད་ཆགས་སྡང་ཚང་བའི་མི་ལ་"
397467,400812,3345,"དམ་པའི་ཆོས་ཀྱི་ཡོན་ཏན་འཛིན་པའི་དུས་མེད།"
400812,404869,4057,"ཕ་ལ་ཕན་པ་བྱས་ན་རང་ལ་ཚུར་ཕན་པ་བྱེད་པའི་དྲིན་"
404869,408602,3733,"དྲིན་ལན་གཟོ་མི་ཤེས་པའི་མི་ལ་ཕན་ཐོགས་པས་འཛིན་པ་མེད།"
408602,414023,5421,"(335) ཆོས་ཀྱིས་རྡུགས་པར་བསྟན་པ་རྣམ་དྲུག་ནི། །ནང་ནས་ཉོན་མོངས་དགྲ་རུ་མ་མཐོང་ན། །"
414023,417852,3829,"ཕྱི་ནས་བླ་མའི་གདམས་པ་རྡུགས་པར་གདའ། །ཚེ་འདིའི་བྱ་བ་རྒྱབ་ཏུ་མ་བོར་ན། །"
417852,421514,3662,"ཉམས་ལེན་འགྲུབ་པའི་དུས་ཤིག་རྡུགས་པར་གདའ། །རྒས་ཀའི་ཕྱི་ཚིས་སྡུག་དོགས་མ་སྤངས་ན། །"
421514,425505,3991,"སྙིང་ནས་བརྩོན་པའི་དམ་ཆོས་རྡུགས་པར་གདའ། །ནང་ནས་རང་ལ་ངེས་ཤེས་མ་སྐྱེས་ན། །"
425505,429254,3749,"ཆོས་དང་བླ་མའི་མོས་གུས་རྡུགས་པར་གདའ། །འཁོར་བའི་སྡིག་སྤྱོད་མི་དགེ་མ་སྤངས་ན། །"
429254,432883,3629,"འཕགས་པའི་ཐུགས་རྗེས་འདྲེན་པ་རྡུགས་པར་གདའ། །གཅིག་ཏུ་ཨ་འཐས་བདེན་ཞེན་མི་འདོར་ན། །"
432883,434867,1984,"ཕྱོགས་རིས་མེད་པའི་གདམས་པ་རྡུགས་པར་གདའ། །"
434867,441422,6555,"གསུངས་དུས། ད་ཆོས་འདི་ཚུལ་བཞིན་དུ་ཅི་བྱེད་བསྡད་ནའང་"
441422,445005,3583,"ཆོས་ཀྱི་ནུས་པ་འདི་རང་གི་རྒྱུད་ལ་ཕན་མི་ཐོགས་པ་རྡུགས་པ་རེད།"
445005,449192,4187,"གང་ཡིན་ཟེར་ན། ནང་ནས་ཉོན་མོངས་པ་འདི་དགྲ་རུ་བལྟས་ཏེ་སྤངས་མ་ཐུབ་ན།"
449192,452663,3471,"ཕྱི་ནས་བླ་མའི་གདམས་ངག་གི་རྣོ་སོ་འདི་ཉོན་མོངས་ཀྱི་སྟེང་དུ་"
452663,454640,1977,"མི་འགྲོ་དུས་ཕན་ཐོགས་ཀྱི་མ་རེད།"
454640,457569,2929,"ཚེ་འདིའི་བྱ་བ་འཇིག་རྟེན་ཆོས་བརྒྱད་རྒྱབ་ཏུ་མ་བོར་ན་"
457569,461855,4286,"ཉམས་ལེན་ཡག་པོ་ཞིག་བྱེད་བསམ་ན་ཉམས་ལེན་རྒྱུད་ལ་སྐྱེ་བའི་དུས་མེད།"
461855,468017,6162,"ད་ལྟ་ནས་དམ་པའི་ཆོས་ཡག་པོ་བསྒྲུབ་དགོས། ཤི་ཁ་ལ་ཕན་རྒྱུ་རེད།"
468017,470047,2030,"རྒས་ཀའི་ཕྱི་ཚིས་ལ་བསམ་ནས་ཟས་གོས་དཔལ་འབྱོར་ཁོ་ན་ཆེད་དུ་མཛད་ནས་བཟུང༌།"
470047,471999,1952,"དེ་ནས་ངོ་མ་འཆི་བ་ཐོག་ལ་འབབ་འོང་དུས་"
471999,475920,3921,"དེའི་སྡུག་བསྔལ་འདི་སེལ་ཐུབ་ཀྱི་མ་རེད།"
475920,480347,4427,"སྙིང་ནས་བརྩོན་པའི་དམ་པའི་ཆོས་འདི་འཆི་བ་མ་དྲན་ན་རྡུགས་རྒྱུ་རེད།"
480347,483415,3068,"ནང་ནས་རང་ལ་ལྟ་སྒོམ་སྤྱོད་གསུམ་གྱི་ངེས་ཤེས་མ་སྐྱེས་ན་"
483415,487307,3892,"ཆོས་དང་བླ་མ་ལ་མོས་གུས་དང་ཡིད་ཆེས་ནམ་ཡང་སྐྱེ་ཡི་མ་རེད།"
487307,490260,2953,"འཁོར་བའི་སྡིག་པ་སྤྱོད་པའི་སྡིག་པ་མི་དགེ་བ་འདི་མ་སྤངས་ན།"
490260,493240,2980,"སངས་རྒྱས་བྱང་སེམས་འཕགས་པའི་ཐུགས་རྗེ་རྣམས་ཀྱིས་"
493240,495692,2452,"ཐར་པའི་ལམ་དུ་འདྲེན་པར་ནུས་ཀྱི་མ་རེད།"
495692,498150,2458,"གཅིག་ཏུ་རང་དོན་ཁོ་ན་ལ་ཨ་འཐས་དང་"
498150,501185,3035,"ཚེ་འདིའི་འཇིག་རྟེན་ཆོས་བརྒྱད་ཀྱི་བྱ་བ་ལ་བདེན་ཞེན་འདི་མ་དོར་ན།"
501185,503805,2620,"ཕྱོགས་རིས་མེད་པའི་གདམས་ངག་ཐོབ་པའི་ཕན་པ་མེད།"
503805,507954,4149,"(336) ཡི་ཆད་དགོད་རེ་བྲོ་བའི་ཆོས་དྲུག་ནི། །འདུག་དང་མི་འདུག་རང་དབང་ཆ་མེད་པའི། །"
507954,511722,3768,"གནས་ཀྱི་སོ་ཚིས་ཡི་ཆད་དགོད་རེ་བྲོ། །སྤྱོད་དང་མི་སྤྱོད་རང་དབང་ཆ་མེད་པའི། །"
511722,515212,3490,"ནོར་གྱི་གསོག་བྲུན་ཡི་ཆད་དགོད་རེ་བྲོ། །གོན་དང་མི་གོན་རང་དབང་ཆ་མེད་པའི། །"
515212,518905,3693,"གོས་ཀྱི་རྩོལ་སྒྲུབ་ཡི་ཆད་དགོད་རེ་བྲོ། །ཟ་དང་མི་ཟ་རང་དབང་ཆ་མེད་པའི། །"
518905,522604,3699,"ཟས་ཀྱི་བྱ་བྱེད་ཡི་ཆད་དགོད་རེ་བྲོ། །འགྲོགས་དང་མི་འགྲོགས་རང་དབང་མེད་པ་ཡི། །"
522604,526970,4366,"གྲོགས་ཀྱི་ཉེས་ཁ་ཡི་ཆད་དགོད་རེ་བྲོ། །བསྟོངས་དང་མི་བསྟོངས་རང་དབང་མེད་པ་ཡི། །"
526970,531927,4957,"བུ་ཚའི་གཅེས་སྤྲས་ཡི་ཆད་དགོད་རེ་བྲོ། །འཇིག་རྟེན་འཁྲུལ་པའི་སྤྱོད་པ་མཐོང་ཙ་ན། །"
531927,533994,2067,"ཡི་ཆད་དགོད་རེ་བྲོ་བ་ཤིན་ཏུ་མང༌། །"
533994,539677,5683,"གསུངས་དུས་བཟུང༌། ཁམས་གསུམ་འཁོར་བའི་བྱ་བའི་ལས་ལ་"
539677,544463,4786,"རེ་བའི་ཡི་ཆད་དགོད་བྲོ་སྟེ་འཁྲུལ་པ་ཡིན་པ་ཤེས་ཏེ། ཅི་རེད་ཟེར་ན།"
544463,549073,4610,"རང་ཡུན་རིང་པོ་སྡོད་དང་མི་སྡོད། ནམ་འཆི་ཆ་མེད། འཆི་རྐྱེན་ངེས་མེད་ཆ་མེད་དུས།"
549073,552422,3349,"ད་རུང་སྡོད་སའི་ཁང་པ་བཟོ་མཁར་བརྩིགས་དེ་འདྲ་བྱེད་དེ།"
552422,555790,3368,"འཕགས་པ་ཞིག་གིས་གཟིགས་ན་དགོད་བྲོ་བའི་ཆོས་རེད།"
555790,559806,4016,"རང་གི་ནོར་དང་ལོངས་སྤྱོད་ཐམས་ཅད་རང་དབང་དུ་སྤྱོད་དང་མི་སྤྱོད་ཆ་མེད།"
559806,565490,5684,"རྒྱུ་མང་པོ་ཞིག་ལྷན་ཅིག་ཏུ་གསོག་བསྡད་ན། ནམ་ཞིག་འདི་ཡང་ན་དཔོན་གྱིས་བཟའ།"
565490,568518,3028,"ཡང་ན་དགྲ་ཡིས་བརླག་འགྲོ་དུས་འདི་དགོད་རེ་བྲོ་བ་ཡིན།"
568518,571116,2598,"རང་གི་ལུས་ལ་གོན་དང་མི་གོན་ཆ་མེད་པ།"
571116,575271,4155,"གོས་མང་པོའི་རྩོལ་སྒྲུབ་བྱེད་བསྡད་ན་དེ་ཡང་ཡི་ཆད་ཀྱི་རྒྱུ་རེད།"
575271,579977,4706,"ཟས་ཟ་དང་མི་ཟ་རང་དབང་ཆ་མེད་པའི་ཟས་མང་པོ་བསགས་ཤིག་ཏུ་བྱས་ན་"
579977,583270,3293,"དེ་ཡང་བརླག་འགྲོ་དུས་ཡི་ཆད་དེ་དགོད་རེ་བྲོ།"
583270,586700,3430,"ཡུན་རིང་པོ་འགྲོགས་དང་མི་འགྲོགས་ཆ་མེད་པའི་ཕ་མ་སྤུན་མཆེད་"
586700,590699,3999,"ཉེ་འབྲེལ་གཉེན་ཚན་མཉམ་དུ་ལྷན་ཅིག་ཏུ་འདུག་པ་ཡི་ཆད་དགོད་རེ་བྲོ།"
590699,596394,5695,"རང་ལ་ཚུར་ཕན་བཏགས་དང་མི་བཏགས་ཆ་མེད་པའི་བུ་ཚ་མང་པོ་"
596394,598565,2171,"གཅེས་པར་སྐྱོང་བ་ནི་ཡི་ཆད་དགོད་རེ་ཡིན།"
598565,602545,3980,"འཇིག་རྟེན་འཁྲུལ་པའི་བྱ་སྤྱོད་ཐམས་ཅད་མཐོང་ཙ་ན་ཡི་ཆད་དགོད་བྲོ་བ་"
602545,605970,3425,"ཤིན་ཏུ་མང་པོ་ཡོད་པས་ན་དེ་སྤང་བར་བྱ་དགོས་པ་ཡིན།"
605970,610169,4199,"(337) དགོས་པ་དྲུག་གི་རྣམ་གྲངས་བསྟན་པ་ནི། །འཇིག་རྟེན་བྱ་བ་ཅིས་ཀྱང་འབོར་དགོས་ཤིང༌། །"
610169,613957,3788,"མ་རིག་མུན་པ་ཅིས་ཀྱང་སངས་པ་དགོས། །གཟུང་འཛིན་མཁར་པོ་ཅིས་ཀྱང་འགྱེལ་དགོས་ཤིང༌། །"
613957,619967,6010,"ཉམས་རྟོགས་ཡོན་ཏན་ཅིས་ཀྱང་གོང་འཕེལ་དགོས། །ཟུང་འཇུག་ཡེ་ཤེས་ཅིས་ཀྱང་འཆར་དགོས་ཤིང༌། །"
619967,622165,2198,"སྐུ་གསུམ་ནོར་བུ་ཅིས་ཀྱང་ལོན་པ་དགོས། །"
622165,625667,3502,"གསུངས་ནས་བཟུང༌། ད་ཡང་དགོས་པ་དྲུག་ཡོད། ཅི་རེད་ཟེར་ན།"
625667,630912,5245,"འཇིག་རྟེན་གྱི་བྱ་བ་འདི་སུ་དང་ཡིན་ནའང་ནམ་ཞིག་འབོར་འགྲོ་རེད་མ་གཏོགས་"
630912,634295,3383,"རང་གིས་ཚེ་གཅིག་ལ་ཁུར་འགྲོ་ས་གང་ཡང་མེད།"
634295,638778,4483,"དེ་ནས་མ་རིག་གི་མུན་པ་འདི་འཁྲུལ་བ་ཐམས་ཅད་ཀྱི་རྩ་བ་ཡིན་པས་"
638778,643508,4730,"དེ་མུན་པ་འདི་སངས་པ་དགོས། གཟུང་འཛིན་གྱི་མཁར་བརྩིགས་མང་པོ་བྱེད་རྒྱུ་འདི།"
643508,645952,2444,"གཟུང་འཛིན་མཁར་འདི་ཕར་གཞིག་དགོས།"
645952,649105,3153,"ཉམས་དང་རྟོགས་པའི་ཡོན་ཏན་བླ་མ་བསྟེན་གདམས་ངག་ཞུ་བའི་ཚེ་ན་"
649105,650630,1525,"གོང་ནས་གོང་དུ་འཕེལ་དགོས།"
650630,658849,8219,"ཐབས་ཤེས་ཟུང་འཇུག་གི་གདམས་ངག་འདི་ཤེས་ནས་རང་གི་རྒྱུད་ལ་ཉམས་སུ་ལེན་པ་དགོས།"
658849,662437,3588,"རང་གི་སེམས་ཀྱི་ངོ་བོ་འདི་སྐུ་གསུམ་གྱི་ནོར་བུ་ཡིན་དུས་"
662437,664695,2258,"དེ་རང་གི་རྒྱུད་ལ་ལོན་ཏེ་བདག་པོ་སྤྲད།"
664695,668707,4012,"ནོར་བུ་དགོས་འདོད་འབྱུང་བ་ཞིག་དགོས་སོ། །"
669517,673758,4241,"(338) ཡ་ཆའི་རྣམ་གྲངས་དྲུག་པོ་བསྟན་པ་ནི། །རབ་ཏུ་བྱུང་ནས་ལོ་མང་ལོན་ན་ཡང༌། །"
673758,678348,4590,"སྲུང་སྡོམ་གནང་བཀག་མི་ཤེས་ཡ་རེ་ཆ། །ཆོས་སྒོར་ཞུགས་ནས་ལོ་མང་ལོན་ན་ཡང༌། །"
678348,683731,5383,"དགེ་སྡིག་ད་གཟོད་བསླབ་དགོས་ཡ་རེ་ཆ། །ཐེག་ཆེན་ཞུགས་ནས་ལོ་མང་ལོན་ན་ཡང༌། །"
683731,690699,6968,"སེམས་བསྐྱེད་བསླབ་ཕྱོགས་མི་ཉེ་ཡ་རེ་ཆ། །ཐོས་བསམ་བྱས་ནས་ལོ་མང་ལོན་ན་ཡང༌། །"
690699,695096,4397,"ཉམས་ལེན་བློ་ཁ་མ་ཕྱོགས་ཡ་རེ་ཆ། །སྒོམ་པ་བྱས་ནས་ལོ་མང་ལོན་ན་ཡང༌། །"
695096,699365,4269,"དྲོད་རྟགས་ཡོན་ཏན་མ་སྐྱེས་ཡ་རེ་ཆ། །ལྟ་བ་རྟོགས་ནས་ལོ་མང་ལོན་ན་ཡང༌། །"
699365,708118,8753,"དངོས་ཞེན་འཁྲུལ་པ་མ་ཞིག་ཡ་རེ་ཆ། །འདི་དག་མཁར་ལན་ཐོག་མར་བྱས་རྗེས་སུ། །"
708118,712592,4474,"རྩིག་རྨང་གདོད་ནས་བླང་བ་ཤིན་ཏུ་མཚར། །བརྟགས་ཤིང་དགོད་བྲོ་བསམས་ཤིང་ཡི་མུག་པས། ། དམ་པ་བསྟེན་ལ་ཐོས་བསམ་སྒོམ་པ་སྒྲུབས། །"
712592,714614,2022,"ད་ངའི་རྣམ་ཐར་འདི་འདི་ན་ཚང་ནས་འདུག །"
714614,716802,2188,"རབ་ཏུ་བྱུང་ནས་ལོ་མང་པོ་ཚང་སོང་ན་"
716802,720733,3931,"སོ་བྱང་སྔགས་གསུམ་གྱི་སྲུང་སྡོམ་ཐམས་ཅད་འདི་གནང་ཡོད།"
720733,724278,3545,"འདི་བཀག་ཡོད་མི་ཤེས་པ་ཤིན་ཏུ་ངོ་ཚ་བ་རེད་གསུངས།"
724278,727059,2781,"དམ་པའི་ཆོས་ཀྱི་སྒོ་རུ་ཞུགས་ནས་ལོ་མང་པོ་ཡིན་ན།"
727059,731700,4641,"དགེ་བ་བསྒྲུབ་རྒྱུ། སྡིག་པ་སྤང་རྒྱུ་ད་གཟོད་བསླབ་དགོས་པ་ངོ་ཚ་མོ་རེད།"
731700,735245,3545,"ཐེག་པ་ཆེན་པོའི་ཆོས་སྒོར་ཞུགས་ནས་ལོ་མང་དུ་སོང་ན་ཡང༌།"
735245,739312,4067,"བྱང་ཆུབ་སེམས་བསྐྱེད་ཀྱི་བསླབ་བྱ་ཕྱོགས་ཙམ་ལ་ཡང་མི་ཉེ་བ་ངོ་ཚ།"
739312,744599,5287,"ཐོས་བསམ་ལོ་མང་པོ་བྱས་ནའང་ཐོས་བསམ་གྱི་དོན་ཉམས་ལེན་མི་བྱེད་པ་ངོ་ཚ།"
744599,750160,5561,"སྒོམ་པ་བྱས་ནས་ལོ་མང་པོ་བྱུང་ནའང་སྒོམ་པའི་ཡོན་ཏན་གྱི་དྲོད་རྟགས་མ་སྐྱེས་པ་ཡ་རེ་ཆ།"
750160,755813,5653,"ལྟ་བ་རྟོགས་ནས་ལོ་མང་པོ་ཕྱིན་ནའང་དངོས་ཞེན་གྱི་འཁྲུལ་པ་མ་ཞིག་པ་ཡ་རེ་ཆ།"
755813,760899,5086,"འདི་དག་མཁར་ལན་ཐོག་མར་བྱས་རྗེས་སུ། །ཟེར་དུས།"
760899,765677,4778,"ཁང་པ་ཐོག་དགུ་པ་ཞིག་ཡར་བརྩིགས་བསམ་སྟེ་རྩིག་རྨང་གདོད་བརྩིགས་ཚར་དུས་"
765677,768255,2578,"རྩིག་རྨང་ལན་པ་འདི་ཤིན་ཏུ་མཚར་བ་ཡིན།"
768255,774902,6647,"བརྟགས་ཤིང་དགོད་བྲོ་འདི་སྐྱོན་འདི་ལ་བསམ་ན་ཁྲེལ་དགོད་ཤོར་ས་ཡི་མུག་པ་རེད།"
774902,777993,3091,"དམ་པ་བསྟེན་ལ་ཐོས་བསམ་སྒོམ་པ་སྒྲུབས།"
777993,781656,3663,"དེ་ཕྱིར་ན་ཡ་རེ་ཆ་མ་བྱེད་པ་མི་མཚར་བ་གྱིས་ཤིག་གསུངས།"
781656,785562,3906,"(339) ཆོས་ཉིད་རང་ཆས་གནད་དྲུག་བསྟན་པ་ནི། །མ་བརྟགས་མ་དཔྱད་རང་ངོ་རང་གིས་མཐོང༌། །"
785562,789589,4027,"མ་བསམས་མ་ཕྱིས་འཁོར་བ་ཀ་ནས་དག །མ་བཅད་མ་བཀྲོལ་མཚན་མ་རང་སར་གྲོལ། །"
789589,796497,6908,"མ་བཙལ་མ་བསྒྲུབས་སྐུ་ལྔ་ལྷུན་གྱིས་གྲུབ། །མ་སྤངས་མ་བླངས་སྐྱོན་ཡོན་མཐའ་ལས་འདས། །"
796497,800349,3852,"མ་བྱས་མ་འབད་འཕྲིན་ལས་ལྷུན་གྱིས་གྲུབ། །དེ་ལྟར་སུས་ཤེས་སྙིང་པོའི་གནད་ལ་མཁས། །"
811609,814264,2655,"སེམས་ཀྱིས་བརྟག་དཔྱད་མང་པོ་གཏོང་མི་དགོས།"
814264,817398,3134,"ཆོས་ཉིད་ཀྱི་རང་ངོ་རང་གིས་མཐོང་གི་རེད་མ་གཏོགས།"
817398,824403,7005,"ཕྱི་ལ་ཉུག་བསྡད་རྒྱུ་མེད་གསུངས། མ་བསམས་མ་ཕྱིས་ཤིང་ཆེད་དུ་ཕ་སྤང་བྱ་ཟེར་མི་དགོས་འདུག །"
824403,826547,2144,"འཁོར་བ་ཀ་ནས་དག་བསྡད་ཡོད་གསུངས་རེད།"
826547,831236,4689,"དེ་ནས་རྟག་ཆད་ཀྱི་མཚན་མ་ཐམས་ཅད་ཐག་པ་འདྲ་ཞིག་བཅད་མི་དགོས་འདུག །"
831236,833860,2624,"ཆོས་ཉིད་ཀྱི་རང་ངོ་མཐོང་ན་རང་སར་གྲོལ་བསྡད་ཡོད།"
833860,839212,5352,"འཐོབ་བྱའི་ཡོན་ཏན་ཟེར་མཁན་འདིའང་འགའ་ཞིག་ཉུག་བསྡད་མི་དགོས་འདུག་"
839212,843131,3919,"སྐུ་ལྔ་ལྷུན་གྲུབ་ཏུ་ཡོད། ཆེད་དུ་སྒྲིབ་པ་སྤང་མི་དགོས།"
843131,846716,3585,"ཡོན་ཏན་དང་དུ་ལེན་མི་དགོས་སྐྱོན་ཡོན་གྱི་མཐའ་ལས་འདས་པ་ཡིན།"
846716,851390,4674,"སངས་རྒྱས་ཀྱི་རྟག་ཁྱབ་འཕྲིན་ལས་འདི་ཉིད་ཆེད་དུ་འབད་མི་དགོས་ལྷུན་གྱིས་གྲུབ་པ་ཡིན།"
851390,854513,3123,"དེ་ལྟར་སུས་ཤེས་ཆོས་ཉིད་སྙིང་པོའི་དོན་ལ་མཁས་གསུངས།"
854513,857223,2710,"ཆོས་ཉིད་ཀྱི་ལྟ་བ་རྟོགས་ཚར་ན་དེ་འདྲ་ཡིན་གསུངས་རེད།"
857223,861820,4597,"(340) བཤེས་གཉེན་མཁས་པའི་གདམས་ངག་རྣམ་དྲུག་ནི། །དད་མེད་དད་པ་བསྐྱེད་ལ་མཁས་པ་དང༌། །"
861820,865929,4109,"བླང་དོར་གནས་ལ་སློབ་པར་མཁས་པ་དང༌། །སྒྲུབ་པས་གནད་དུ་གཏོང་ལ་མཁས་པ་དང༌། །"
865929,869753,3824,"བར་ཆད་བགེགས་ལས་སྐྱོབ་པར་མཁས་པ་དང༌། །ཟུང་འབྲེལ་སྙན་བརྒྱུད་སྟོན་ལ་མཁས་པ་དང༌། །"
869753,871781,2028,"རྐྱེན་ངན་ལམ་དུ་བསྒྱུར་ལ་མཁས་པའོ། །"
871781,876040,4259,"གསུངས་དུས། ད་བཤེས་གཉེན་དམ་པས་ཐར་པའི་ལམ་སྟོན་པའི་མན་ངག་གི་གནད་ལ་"
876040,878464,2424,"མཁས་པ་རྣམ་པ་དྲུག་ཡོད། གང་རེད་ཟེར་ན།"
878464,883179,4715,"དད་པ་མེད་པའི་མཐའ་འཁོབ། ཀླ་ཀློ། ལོག་ལྟ་ཅན་ཡིན་ནའང་"
883179,886881,3702,"བཤེས་གཉེན་གྱི་ཞལ་མཐོང་བ་དང་ཆོས་གསུངས་པ་ཙམ་གྱིས་དད་པ་བསྐྱེད་མཁས་པ།"
886881,891287,4406,"དེ་ཐམས་ཅད་ལ་དགེ་བ་བླང་རྒྱུ། སྡིག་པ་དོར་རྒྱུ་དེ་འདྲ་རེད་ཟེར་ན།"
891287,897168,5881,"དེ་མ་ཐག་ཏུ་བཀའ་བཞིན་དུ་སྒྲུབ་པ་ལ་མཁས་པ་དང༌། སྒྲུབ་པ་བྱེད་བསྡད་པ་འདིའང་"
897168,900228,3060,"དངོས་གནས་རང་གི་རྒྱུད་ལ་བདག་འཛིན་གྱི་འཆིང་བ་ཞིག །"
900228,902804,2576,"ཚེ་འདི་བློས་བཏང་ཐུབ་པ་ལ་མཁས་པ་དང།"
902804,907157,4353,"རང་སྒྲུབ་པ་ལ་བར་ཆད་འབྱུང་ན་བར་ཆད་ཀྱི་བགེགས་ཐམས་ཅད་"
907157,909344,2187,"ལམ་གྱི་གྲོགས་སུ་སྐྱོང་བ་ལ་མཁས་པ་དང༌།"
909344,913315,3971,"མཐུན་རྐྱེན་ཟུང་དུ་འཇུག་པའི་སྙན་བརྒྱུད་ཀྱི་གདམས་པ་"
913315,916122,2807,"གང་ལ་གང་མཁོ་ཚུལ་དུ་སྟོན་པ་མཁས་པ་དང༌།"
916122,920237,4115,"མི་ཁ་གཏམ་ངན་སྡུག་བསྔལ་ལ་སོགས་པ་འབྱུང་ནའང་"
920237,922613,2376,"བྱང་ཆུབ་ཀྱི་ལམ་དུ་བསྒྱུར་ལ་མཁས་པ་འདི་ནི་"
922613,925322,2709,"བཤེས་གཉེན་མཁས་པའི་རྟགས་དྲུག་ཡིན།"
925322,930398,5076,"(341) རིགས་པ་དྲུག་གི་རང་བཞིན་བསྟེན་པ་ནི། །ཐ་མལ་ནད་ལ་སྨན་པ་བསྟེན་ཚོད་དུ། །"
930398,933997,3599,"འཁོར་བའི་ནད་འབྱིན་བླ་མ་བསྟེན་པར་རིགས། །འཇིགས་པའི་འཕྲང་ལ་སྐྱེལ་མ་བསྟེན་ཚོད་དུ། །"
933997,938674,4677,"བར་དོའི་སྐྱབས་ལ་བླ་མ་བསྟེན་པར་རིགས། །གྲོས་འདུན་ཆེད་དུ་རྒན་རབས་བསྟེན་ཚོད་དུ། །"
938674,942387,3713,"གཏན་གྱི་གྲོས་འདུན་བླ་མ་བསྟེན་པར་རིགས། ཁ་ཉེན་དབང་གིས་རྗེ་དཔོན་བསྟེན་ཚོད་དུ། །"
953967,958310,4343,"སྡུག་བསྔལ་མཚོ་སྒྲོལ་བླ་མ་བསྟེན་པར་རིགས། །ཚོང་པས་རྒྱ་མཚོའི་དེད་དཔོན་བསྟེན་ཚོད་དུ། །"
958310,960487,2177,"བྱང་ཆུབ་འགྲུབ་ཕྱིར་བླ་མ་བསྟེན་པར་རིགས། །"
960487,966270,5783,"ཞེས་གསུངས་དུས། ད་འདི་ཡང་འཐད་ཅིང་རིགས་པའི་ལས་དྲུག་ཡོད།"
966270,968904,2634,"གང་རེད་ཟེར་ན། དཔེར་ན་ཐ་མལ་གྱི་ནད་ན་ན་"
968904,972049,3145,"སྨན་པ་ཞིག་ལ་ཡིན་གཅིག་མིན་གཉིས་རྒྱུ་འགྲུལ་བྱེད་དགོས་ན།"
972049,973718,1669,"དཀའ་ལས་བྱེད་དགོས་ན་བསྟེན་རྒྱུ་རེད།"
973718,982746,9028,"ད་དེ་བས་ཀྱང་ཁམས་གསུམ་འཁོར་བའི་ནད་འབྱིན་པའི་ཕྱིར་དུ་བླ་མ་བསྟེན་པར་རིགས།"
982746,987014,4268,"དཔེར་ན་ཐག་རིང་པོ་ཞིག་ལ་འགྲོ་དགོས་ན་རྐུ་མ་དང༌།"
987014,990708,3694,"འབྱུང་བཞིའི་འཇིགས་པ་ཡོད་ན་དེ་ལ་སྐྱེལ་མ་བློ་གཏད་ཐུབ་པ་དེ་འདྲ་བསྟེན་ཚོད་དུ་དུས།"
990708,994169,3461,"བར་དོའི་འཕྲང་རིང་འདི་འགའ་རུ༌འགྲོ་དགོས་རེད་དུས་བླ་མ་བསྟེན་པར་རིགས།"
994169,997807,3638,"འཇིག་རྟེན་གྱི་བྱ་བ་ལ་གྲོས་འདུན་མང་པོ་བྱས་ནས་"
997807,1001190,3383,"ཐམས་ཅད་རྒན་པ་ཐམས་ཅད་ཀྱི་བསམ་བློ་བསྟེན་ཚོད་དུ།"
1001190,1005452,4262,"གཏན་གྱི་གྲོས་རྒྱུ་བླ་མ་ལས་བསླབས་ཏེ་བླ་མའི་བཀའ་བཞིན་དུ་བསྒྲུབ་པར་རིགས།"
1005452,1009610,4158,"དེ་ནས་ཐམས་ཅད་ཀྱི་རྒྱབ་རྟེན་དཔོན་ཞིག་མེད་ན་"
1009610,1011628,2018,"ཐབས་མེད་བྱས་ནས་རྗེ་དཔོན་བསྟེན་ཚོད་དུ།"
1011628,1015138,3510,"རྐྱེན་ངན་པ་དང་བར་ཆད་ཞི་བའི་ཕྱིར་དུ་བླ་མ་བསྟེན་པར་རིགས།"
1015138,1023197,8059,"གྲུ་པས་ཆུ་ཕ་རོལ་དུ་འགྲོ་དགོས་ན་འགྲོ་མྱོང་བ་མཉན་པ་འདི་ལ་བསྟེན་བཞིན་ཐབས་མཁས་བྱེད་པ་ལྟར་དུ་"
1023197,1026460,3263,"སྡུག་བསྔལ་ཁམས་གསུམ་འཁོར་བའི་རྒྱ་མཚོ་ལས་སྒྲོལ་བའི་བླ་མ་བསྟེན་པར་རིགས།"
1026460,1029351,2891,"དེ་ནས་རྒྱ་མཚོའི་གླིང་དུ་རིན་པོ་ཆེ་ལེན་པ་ལ་སོགས་པ་"
1029351,1033227,3876,"ཚོང་པ་ཚོས་གྲུ་གཟིངས་ཀྱི་ནང་རྒྱུས་ཡོད་པའི་དེད་དཔོན་བསྟེན་ཚོད་དུ།"
1033227,1035458,2231,"བྱང་ཆུབ་འགྲུབ་པའི་ཕྱིར་དུ་བླ་མ་བསྟེན་པར་རིགས།"
1035458,1039964,4506,"(342) ལྟོས་པ་དྲུག་གི་རྣམ་གྲངས་བསྟན་པ་ནི། །ད་ལྟའི་ནད་ཀྱི་སྡུག་བསྔལ་ཟུག་རྔུ་ལྟོས། །"
1039964,1043994,4030,"ངན་སོང་གསུམ་གྱི་སྡུག་བསྔལ་བཟོད་དམ་སོམས། །བཙོན་རར་བཟུང་རྣམས་འབྲོས་པའི་འབད་རྩོལ་ལྟོས། །"
1043994,1049848,5854,"འཁོར་བའི་བཙོན་རར་རང་བརླག་བྱེད་དམ་སོམས། །ཚེ་འདིའི་ལྟོ་གོས་རྩོལ་བ་བྱེད་ལ་ལྟོས། །"
1049848,1053596,3748,"གཏན་གྱི་སོ་ནམ་ད་རེས་འཆོར་བ་སོམས། །ཡུད་ཙམ་འགྲོགས་པའི་གྲོགས་ངན་སྐྱོན་ལ་ལྟོས། །"
1053596,1058486,4890,"བཟོད་དཀའི་སེམས་ཅན་འགྲོགས་དཀའ་བཟོད་དམ་སོམས། །ཐ་མལ་གཡང་སར་བག་ཟོན་བྱེད་ལ་ལྟོས། །"
1058486,1065597,7111,"ངན་སོང་གཡང་སར་འགྲོ་བའི་སྡུག་བསྔལ་སོམས། །ཚེ་འདིའི་བཟའ་ཚོ་ཤི་བའི་མྱ་ངན་ལྟོས། །"
1065597,1069307,3710,"གཏན་གྲོགས་ཆོས་དང་བྲལ་བའི་རང་བཞིན་སོམས། །དེ་ལྟར་བསམས་ན་སྲིད་པའི་ཕ་རོལ་འགྲོ། །"
1080560,1084302,3742,"མི་བཟོད་པ་ཐབས་མཁས་ཐུགས་རྗེ་སྨན་པ་བསྟེན་བཅོས་ཀ་བྱས་ན།"
1084302,1088127,3825,"ངན་སོང་གསུམ་གྱི་སྡུག་བསྔལ་འདི་བཟོད་ཐུབ་ས་ཨེ་འདུག་བསམ་བློ་གཏང་གསུངས།"
1088127,1091283,3156,"རྒྱལ་པོ་ཆེན་པོས་བཙོན་རར་ལ་བཙུགས་འོང་བ་ཐམས་ཅད་"
1091283,1093229,1946,"བཙོན་རར་ནས་འབྲོས་པའི་འབད་རྩོལ་ལ་ལྟོས།"
1093229,1096841,3612,"ཁམས་གསུམ་འཁོར་བའི་བཙོན་རར་གྱི་ནང་དུ་རང་གི་དོན་རང་གིས་བརླག་བསྡད་རེད།"
1096841,1100627,3786,"དེ་ལས་འབྲོས་ཐུབ་ས་ཨེ་འདུག །ཚེ་འདིའི་ལྟོ་གོས་ཀྱི་དོན་དུ་"
1100627,1103919,3292,"ཉིན་མི་དལ་མཚན་མི་ཉལ་དཀའ་ལས་རྩོལ་བ་བྱེད་བསྡད་མི་ལྟོས་དང༌།"
1103919,1108756,4837,"གཏན་གྱི་སོ་ནམ་ཐར་པ་དམ་པའི་ཆོས་སྒྲུབ་པ་ལ་དཀའ་ལས་དགོས་ཚེ་ཨེ་འཁུར་ཐུབ་བསམ།"
1108756,1112314,3558,"ཡུད་ཙམ་འགྲོགས་པའི་གྲོགས་ངན་པ་ཞིག་ཡོད་ན་"
1112314,1115811,3497,"འདི་ལ་ཆགས་སྡང༌། ཁ་འཛིན། མི་ཁ་གཏམ་ངན་ཡོང་བ་ལྟར་དུ།"
1115811,1120926,5115,"བཟོད་དཀའི་སེམས་ཅན་འདི་ཐམས་ཅད་ཐར་པ་དམ་པའི་ཆོས་དང་རྒྱབ་འགལ་བ་ཤ་སྟག་རེད་དུས་"
1120926,1123795,2869,"འདི་ལ་བཟོད་ཐུབ་པ་ཨེ་འདུག་ལྟོས་གསུངས།"
1123795,1126136,2341,"དེ་ནས་ཐ་མལ་གྱི་གཡང་ས་ཞིག་ལ་ལྷུང་སོང་ན།"
1126136,1129045,2909,"ང་བརླག་འགྲོ་རེད་བསམ་བག་ཟོན་བྱེད་པ་ལ་ལྟོས་དང༌།"
1129045,1133109,4064,"ངན་སོང་གི་གཡང་ས་ལ་ལྷུང་རན་ལ་ཁ་རེད་དུས་དེའི་སྡུག་བསྔལ་ལ་བསམ་པ་ཡིན།"
1133109,1137300,4191,"ཚེ་འདིའི་བཟའ་ཚོ་ཤི་འགྲོ་དུས་བྲང་རྡུང༌། ངུ་བྱེད་པ་ལ་ལྟོས།"
1137300,1141989,4689,"གཏན་གྱི་གྲོགས་དམ་པའི་ཆོས་རང་གི་རྒྱུད་ལ་དྲི་མ་ཡང་མི་བྲོ་བའི་རང་བཞིན་བསམ་ནས།"
1141989,1145016,3027,"དེ་ཐམས་ཅད་ལ་བསམ་ཤེས་ན་སྲིད་པའི་ཕ་རོལ་འགྲོ།"
1145016,1149278,4262,"(343) ཉམས་སུ་ལེན་པའི་མན་ངག་རྣམ་དྲུག་ནི། །བར་སྣང་ངོས་ལ་ཉི་མ་ཤར་བ་ལྟར། །"
1149278,1152921,3643,"རང་བྱུང་ཡེ་ཤེས་གསལ་སྟོང་གནད་ལ་དབབ། །རི་རབ་རྩེ་ནས་རི་ཕྲན་ཀུན་མཐོང་ལྟར། །"
1152921,1156521,3600,"སེམས་ཉིད་དོན་མཐོང་དགོངས་པའི་རྩེ་མོར་དཔྱད། །གསེར་གླིང་ཕྱིན་དུས་བོང་བ་མི་རྙེད་ལྟར། །"
1156521,1160872,4351,"ཡེང་རྐྱེན་ཡུལ་རྣམས་ཆོས་ཉིད་རང་ངོ་སྤྲད། །བསེར་བུ་རྡུལ་བྲལ་མཁའ་ལ་འགྱུ་བ་ལྟར། །"
1160872,1166109,5237,"རྣམ་རྟོག་མཚན་མ་རང་སར་དངས་སུ་གཞུག །མཚོན་ཚོགས་འཕངས་པ་མེ་ཏོག་ཆར་གྱུར་ལྟར། །"
1166109,1170140,4031,"ཅི་སྣང་ཐམས་ཅད་ཆོས་སྐུའི་ལམ་དུ་བླང༌། །སེང་གེ་རྩལ་གསུམ་རང་ལ་རྫོགས་པ་ལྟར། །"
1170140,1173702,3562,"རེ་དོགས་མཚན་མ་མཉམ་ཉིད་ཟིལ་གྱིས་མནན། །དེ་ལྟར་སུས་ཤེས་ཡང་ཟབ་གནད་ལ་མཁས། །"
1173702,1180773,7071,"གསུངས། ཉམས་སུ་ལེན་པར་འགྱུར་བའི་མན་ངག་རྣམ་པ་དྲུག་ཡོད། གང་རེད་ཟེར་ན།"
1180773,1183682,2909,"བར་སྣང་གི་ངོས་ལ་ཉི་མ་ཤར་འོང་དུས་ཉི་མའི་འོད་ཟེར་གྱིས་"
1183682,1186578,2896,"གླིང་བཞིའི་ཐམས་ཅད་ཀྱི་མུན་པ་སེལ་འགྲོ་བ་ལ་ལྟོས་ཏེ།"
1186578,1189641,3063,"རང་བྱུང་ཡེ་ཤེས་གསལ་སྟོང་རང་གི་ཁོག་པའི་ནང་ལ་ཉི་མ་ཞིག་རེད།"
1189641,1193393,3752,"དེ་གནད་ལ་དབབ་སྟེ་ཨེ་ཤར་མི་ཤར་དེ་ཐོན་མི་ཐོན་ལྟོས།"
1193393,1195588,2195,"རིའི་རྒྱལ་པོ་རི་རབ་ཀྱི་རྩེ་ནས་བལྟས་ན་"
1195588,1199660,4072,"རི་ཕྲན་ཐམས་ཅད་མ་ས་འོག་ཁ་འོག་ཏུ་གྱུར་བསྡད་པ་མཐོང་བ་ལྟར་དུ།"
1199660,1202305,2645,"སེམས་ཀྱི་གནས་ལུགས་ཀྱི་དོན་འདི་མཐོང་སོང་ན་"
1202305,1206788,4483,"དེ་ནས་མདོ་སྔགས་ཐམས་ཅད་ཀྱི་བསྟན་པའི་དོན་རང་གི་རྒྱུད་ལ་ཤེས་འོང་དུས་དེ་ཡིན།"
1206788,1213352,6564,"རིན་པོ་ཆེ་གསེར་གྱི་གླིང་ལ་ཕྱིན་ན་ས་རྡོ་ཕལ་པ་ཞིག་བཙལ་བསྡད་ནའང་མི་རྙེད་པ་ལྟར་དུ།"
1213352,1219542,6190,"མཉམ་གཞག་དང་རྗེས་ཐོབ་ཁྱད་པར་མེད་པ་ཆོས་ཉིད་ཀྱི་རང་ངོ་སྤྲད་སོང་ན་དེ་ལྟར་དུ་ཡིན།"
1219542,1224787,5245,"ནམ་མཁའ་ནས་བསེར་བུ་ཆུང་ཆུང་འོང་དུས་ནམ་མཁའ་ལ་འགྱུ་ན་བསེར་བུ་ཟེར།"
1224787,1227094,2307,"རླུང་བསེར་བུས་ནམ་མཁའ་ལ་ཕན་གནོད་མེད་པ་ལྟར།"
1227094,1231082,3988,"རྣམ་རྟོག་གི་མཚན་མ་རང་དངས་སུ་བཞག་བཞག་ན་རྣམ་རྟོག་གིས་ཕན་གནོད་མེད།"
1231082,1234396,3314,"སངས་རྒྱས་ཀྱི་སྐུ་ལ་བདུད་ཀྱིས་ཞེ་སྡང་བྱས་ཏེ་"
1234396,1237468,3072,"མཚོན་ཆའི་ཚོགས་འཕངས་པ་སངས་རྒྱས་ཀྱི་བྱམས་པའི་ཏིང་ངེ་འཛིན་གྱིས་"
1237468,1239694,2226,"མེ་ཏོག་གི་ཆར་བབས་པ་ལྟར་དུ།"
1239694,1243567,3873,"སྣང་བ་ཐམས་ཅད་ཆོས་སྐུའི་ལམ་དུ་གནས་ཤེས་ན་དེ་ལྟར་ཡིན།"
1243567,1247431,3864,"སེང་གེ་རྩལ་གསུམ་རྫོགས་ཚར་ན་གཅན་གཟན་གཅིག་ལ་སྐྲག་མི་དགོས་པ་ལྟར་དུ།"
1247431,1250407,2976,"རང་གི་ཆོས་ཉིད་ཀྱི་ལྟ་བ་འདི་རྩལ་རྫོགས་སོང་ན་"
1250407,1253486,3079,"རེ་དོགས་ཀྱི་མཚན་མ་ཐམས་ཅད་ཟིལ་གྱིས་མནན་ནུས་པ་ཡིན་པས།"
1253486,1255642,2156,"དེ་ལྟར་སུས་ཤེས་ཡང་ཟབ་གནད་ལ་མཁས།"
1255642,1260098,4456,"(344) །ཐེག་པའི་ལམ་ཁྱེར་དྲིལ་བའི་ཆོས་དྲུག་ནི། །སྣོད་བཅུད་འཁྲུལ་སྣང་ངོ་སྤྲད་དག་སྣང་ལམ་དུ་ཁྱེར། །"
1260098,1264837,4739,"འཁོར་བ་སྡུག་བསྔལ་ངོ་སྤྲད་སྙིང་རྗེ་ལམ་དུ་ཁྱེར། །འགྲོ་དྲུག་ཕ་མར་ངོ་སྤྲད་བྱམས་པ་ལམ་དུ་ཁྱེར། །"
1264837,1269788,4951,"རྒྱུ་འབྲས་རྟེན་འབྲེལ་ངོ་སྤྲད་སྡོམ་གསུམ་ལམ་དུ་ཁྱེར། །དབང་བཞི་སྒོ་གསུམ་ངོ་སྤྲད་བསྐྱེད་རྫོགས་ལམ་དུ་ཁྱེར། །"
1269788,1274190,4402,"སྣང་གྲགས་སེམས་ཉིད་ངོ་སྤྲད་ཆོས་ཉིད་ལམ་དུ་ཁྱེར། །དེ་དང་ལྡན་ན་གོལ་ས་སྒྲིབ་པ་མེད། །"
1274190,1282278,8088,"གསུངས་དུས། དེ་ནས་ཡང་སྣོད་བཅུད་འཇིག་རྟེན་གྱི་བདེ་སྡུག་གི་འཁྲུལ་སྣང་འདི་ཐམས་ཅད་"
1282278,1284790,2512,"སྒྱུ་མ་དང་རྨི་ལམ་ལྟ་བུ་ངོ་སྤྲད་པ་ཡིན་ན་"
1284790,1289022,4232,"ཐམས་ཅད་སྟོང་ཉིད་ཀྱི་སྟོང་གཟུགས་རེད་འགྲོ་དག་པ་རབ་འབྱམས་ཀྱི་ཤར་བ་དགོས་ཀྱི་ཡིན།"
1289022,1291617,2595,"ཁམས་གསུམ་འཁོར་བའི་སྡུག་བསྔལ་འདི་ངོ་སྤྲད་འོང་ན་"
1291617,1296463,4846,"འདི་སྡུག་བསྔལ་ཡོད་པ་ཤེས་དུས་ཕ་མ་གྱུར་པའི་ཐམས་ཅད་ལ་སྙིང་རྗེ་མི་སྐྱེ་བའི་ཐབས་མེད།"
1296463,1301553,5090,"ཕ་མ་ཐམས་ཅད་ལ་དགྲ་གཉེན་གཉིས་སུ་འཛིན་པ་མེད་པ་ཐམས་ཅད་"
1301553,1305087,3534,"ཕ་མ་ཡིན་པ་ངོ་སྤྲད་འོང་ན། དེ་ནས་བདེ་བ་དང་ལྡན་འདོད་ཀྱི་བྱམས་པ་"
1305087,1306954,1867,"གཞན་ཕན་གྱི་བསམ་པ་བཟང་པོ་འདི་འོང༌།"
1306954,1309862,2908,"རྒྱུ་འབྲས་རྟེན་འབྲེལ་བསླུ་བ་མེད་པ་འདི་ངོ་སྤྲད་ན་"
1309862,1312769,2907,"སོ་བྱང་སྔགས་གསུམ་གྱི་སྡོམ་པ་དང་མི་འགལ་བ་ཞིག་ཡིན།"
1312769,1320090,7321,"བུམ་པ་གསང་བ་ཤེས་རབ་ཡེ་ཤེས་བཞི་པ་ཚིག་གི་དབང་འདི།"
1320090,1323479,3389,"སྒོ་ལུས་ངག་ཡིད་གསུམ་ཆ་མཉམ་ལ་བསྐུར་འོང་བ་ཤེས་ན་"
1323479,1325700,2221,"བསྐྱེད་རྫོགས་སྒོམ་པ་ལམ་དུ་ཁྱེར་ནུས་པ་ཡིན།"
1325700,1329620,3920,"སྣང་གྲགས་ཐམས་ཅད་སེམས་ཉིད་ཀྱི་རོལ་བ་ཆོས་ཉིད་ཀྱི་རང་བཞིན་དུ་ངོ་ཤེས།"
1329620,1333919,4299,"དེ་དང་ལྡན་ན་ལམ་གོལ་ས་དང་སྒྲིབ་པ་མེད།"
1333919,1339371,5452,"(345) ལེ་ལོར་མི་འཇོག་གནད་ཀྱི་ཆོས་དྲུག་ནི། །དབེན་གནས་བས་མཐའ་བཙལ་འདོད་ཕྱི་ཐལ་འགྲོ། །"
1339371,1347279,7908,"སེམས་ལ་གཟུང་འཛིན་དབེན་པར་བྱ་བ་གནད། །གདམས་ངག་ཚིག་ལས་བཙལ་འདོད་ཕྱི་ཐལ་འགྲོ །"
1347279,1352041,4762,"ཐབས་ལམ་ཉམས་ལེན་ཟབ་མོ་བཙལ་བ་གནད། །འཚོ་བ་གསོག་བྲུན་ལྟོས་པ་ཕྱི་ཐལ་འགྲོ །"
1365354,1369354,4000,"བྱ་བྱེད་རྩོལ་འཕྲོ་བོར་ནས་བྱེད་པ་གནད། །ཉམས་རྟོགས་བསགས་སྦྱོང་བསྐྱལ་ཏེ་ཕྱི་ཐལ་འགྲོ །"
1369371,1373449,4078,"ཟབ་མོ་གནད་བསྣུན་བཙན་ཐབས་བསྐྱེད་པ་གནད། །ས་ལམ་རིམ་གྱིས་འཚོལ་བ་ཕྱི་ཐལ་འགྲོ །"
1373449,1377879,4430,"སེམས་ཉིད་སྐུ་གསུམ་བརྟན་ཞིང་གོམས་པ་གནད། །ཉམས་སུ་བླངས་ན་སངས་རྒྱས་བྱང་ཆུབ་འགྲུབ། །"
1391100,1397145,6045,"དབེན་པའི་གནས་སུ་སྒྲུབ་པ་བྱེད་རྒྱུ་འདི་རྗེས་ལ་ཕྱི་བཤོལ་ལྷག་མ་ཤོར།"
1397145,1401537,4392,"དེ་བས་ཀྱང་རང་གི་སེམས་ལ་གཟུང་འཛིན་གྱིས་དབེན་པ་ཞིག་བྱས་ན་"
1401537,1403841,2304,"ནང་གི་དབེན་པ་འཚོལ་དུས་གནད་ཆེ་རེད།"
1403841,1409166,5325,"གདམས་ངག་ཚིག་གི་སྟེང་དུ་ཡོད་པ་འདི་ཤི་ནས་ཚར་རེད་དུས་ཕན་ཐོགས་མེད།"
1409166,1413161,3995,"གདམས་ངག་གནད་དུ་བསྡུས་ཏེ་ནང་གི་ཐབས་གྲོལ་གྱི་ལམ་ཉམས་སུ་ལེན་ནས་"
1413161,1415066,1905,"ཟབ་མོ་རང་གི་སེམས་ལ་ཡོད་དགོས་རེད།"
1415066,1418184,3118,"ཡུན་རིང་པོ་ཚེ་རིང་པོ་ཐུབ་རྒྱུ་རེད་བསམ་ནས་"
1418184,1421942,3758,"འཚོ་བ་གསོག་འཇོག་བྱེད་པ་འདི་ཆོས་ལ་ཕྱི་ཐལ་དུ་འགྲོ་བ་ཡིན་པས།"
1421942,1431621,9679,"ལྟོ་གོས་གང་བྱུང་བས་ཆོག་ཤེས་པ། སྒོམ་སྒྲུབ་ཀྱི་བྱ་བ་ཐམས་ཅད་"
1431621,1435885,4264,"ག་ལེ་རྗེས་ནས་བྱེད་བསམ་ན་ཚེ་མི་རྟག་པས་བསྟུང་འོང་རྒྱུ་རེད་དུས།"
1435885,1440115,4230,"བྱ་བྱེད་ཅི་ཡོད་པ་ཐམས་ཅད་མཚམས་སུ་བཞག་སྟེ་སྒོམ་སྒྲུབ་ཀྱི་གནད་ལ་འདྲིལ།"
1440115,1445372,5257,"ཉམས་རྟོགས་བསགས་སྦྱོང་རྗེས་ནས་རིམ་པ་བཞིན་དུ་ནུར།"
1445372,1448244,2872,"དཔེར་ན་རྒྱུ་འབྱོར་པ་ཡོད་དུས་མཆོད་སྦྱིན་བྱ།"
1448244,1450912,2668,"ལོ་རྒས་འོང་དུས་རི་ཁྲོད་བསྡད་བསམ་ན་འདི་མ་རེད།"
1450912,1453730,2818,"ཟབ་མོ་གནད་དུ་བསྣུན་ཏེ་ད་ལྟ་བཙན་ཐབས་སུ་བྱེད་དགོས།"
1453730,1456581,2851,"ས་ལམ་རིམ་གྱིས་འཚོལ་བ་ག་ལེ་ག་ལེ་"
1456581,1458625,2044,"རྟོགས་པ་རྫོགས་རེད་བསམ་ན་ཕན་རྒྱུ་མ་རེད།"
1458625,1461210,2585,"རང་གི་སེམས་ཉིད་སྐུ་གསུམ་དུ་བརྟན་ཞིང་གོམས་པ་གནད།"
1461210,1464116,2906,"ཉམས་སུ་བླང་ན་སངས་རྒྱས་བྱང་ཆུབ་མྱུར་དུ་འགྲུབ་པ་ཡིན།"
1464116,1468293,4177,"(346) གནས་དྲུག་དོན་ལ་བསླབ་པའི་ཆོས་དྲུག་ནི། །ཉམས་པ་མེད་པའི་བྱང་ཆུབ་སེམས་ལ་གནས། །"
1468293,1472286,3993,"ཚོགས་གཉིས་མི་ངོམས་ཕ་རོལ་ཕྱིན་ལ་གནས། །ཤེས་རབ་སྦྱང་ཕྱིར་ཆོས་ཀྱི་གཏམ་ལ་གནས། །"
1472286,1475999,3713,"བསམ་གཏན་བསྒྲུབ་ཕྱིར་དགོན་པ་དབེན་ལ་གནས། །འདུ་བྱེད་སྐྱུང་ཕྱིར་སྦྱངས་པའི་དོན་ལ་གནས། །"
1475999,1479886,3887,"ས་མཆོག་བསྒྲུབ་ཕྱིར་བླ་མ་བཀུར་ལ་གནས། །དེ་ལྟར་སུ་གནས་ཐེག་མཆོག་ལམ་ཆེན་ཞུགས། །"
1479886,1485469,5583,"གསུངས་ནས་བཟུང༌། ད་ཉམས་ལེན་གནས་དྲུག་གི་དོན་ལ་བསླབ་དགོས།"
1485469,1488580,3111,"གནས་དྲུག་གང་རེད་ཟེར་ན། ཉམས་པ་མེད་པའི་བྱང་ཆུབ་ཀྱི་སེམས་འདི་"
1488580,1493265,4685,"དུས་རྒྱུན་དུ་སེམས་ལ་ཡོད་ན་ཆོས་ཐམས་ཅད་ཀྱི་གནད་འགག་གལ་ཆེ་བ་འདི་ཡིན།"
1493265,1497902,4637,"ཚོགས་གཉིས་བསག་རྒྱུ་ལ་སེམས་ངོམས་པ་མེད་ཡང་ནས་ཡང་དུ་བཟུང་ན་"
1497902,1500088,2186,"ཕ་རོལ་ཏུ་ཕྱིན་པ་དྲུག་རང་ཤུགས་ཀྱིས་རྫོགས།"
1500088,1503208,3120,"ཐོས་བསམ་སྒོམ་གསུམ་གྱི་ཤེས་རབ་སྦྱང་བར་བྱ་བའི་ཕྱིར་དུ་"
1503208,1508328,5120,"དུས་རྟག་ཏུ་ཆོས་ཀྱི་གཏམ་ཁོ་ན་ལ་འབད་པར་བྱས་ན་ཤེས་རབ་རྒྱས་འོང་བ་ཡིན།"
1508328,1512089,3761,"རང་རྒྱུད་ལ་བསམ་གཏན་ནམ་ཏིང་ངེ་འཛིན་བསྒྲུབ་པའི་ཕྱིར་དུ་"
1512089,1514991,2902,"དགོན་པ་དབེན་པ་རི་ཁྲོད་ཁོ་ན་ལ་བསྟེན་པ་གནས་ཡིན།"
1514991,1519646,4655,"ལས་ཀ་མང་པོ་བྱེད་རྒྱུའི་བྱ་བ་ཐམས་ཅད་སྤང་བའི་ཕྱིར་དུ་"
1519646,1523324,3678,"རང་གི་སྦྱངས་པའི་ཡོན་ཏན་བཅུ་གཉིས་ཀྱི་དོན་ལ་གནས་པ་ཡིན།"
1523324,1526121,2797,"ས་མཆོག་ཏུ་གྱུར་པ་སངས་རྒྱས་ཀྱི་གོ་འཕང་བསྒྲུབ་པའི་ཕྱིར་དུ་"
1526121,1528993,2872,"རང་གི་རྩ་བའི་བླ་མ་ལ་བཀུར་སྟི་བྱེད་པ་ཡིན།"
1528993,1534974,5981,"དེ་ལྟར་སུ་གནས་ཐེག་པ་ཆེན་པོའི་ལམ་ཆེན་ལ་ཞུགས་འགྲོ་བ་ཡིན།"
1534974,1539795,4821,"(347) ཉལ་ན་ལམ་དྲུག་ལེགས་པར་བསྟན་པ་ནི། །ལུས་སེམས་གཡོ་བ་སྤང་ཕྱིར་དགོན་པའི་ལམ། །"
1539795,1544446,4651,"བདག་གཞན་གདུང་བ་མེད་ཕྱིར་ཚངས་པའི་ལམ། །རང་བཞིན་འགྱོད་པ་མེད་ཕྱིར་ལེགས་པའི་ལམ། །"
1544446,1551547,7101,"ཡོན་ཏན་བསྒྲུབ་ཕྱིར་ཡང་དག་འཇོག་པའི་ལམ། །བརྩམས་པ་མཐར་ཕྱིན་བྱ་ཕྱིར་གྲུབ་པའི་ལམ། །"
1551547,1555800,4253,"སྔོན་ནས་ལེགས་པར་སྦྱང་ཕྱིར་ལྷུན་གྲུབ་ལམ། །མལ་དྲུག་སུ་ཉལ་བདེ་ཞིང་སྐྱིད་པ་ཡིན། །"
1566360,1571610,5250,"གསུངས་དུས། ལུས་དང་སེམས་འཁྲུལ་སྣང་གི་གཡོ་བ་སྤང་བའི་ཕྱིར་དུ་"
1571610,1574079,2469,"རི་ཁྲོད་དབེན་པ་ལ་བསྡད་དགོས་གསུངས་བ་ཡིན།"
1574079,1580804,6725,"དེ་ནས་བདག་གི་དོན་ལ་ཆགས་པ་གཞན་གྱི་དོན་ལ་ཁྲོ་བ་ལ་སོགས་པའི་གདུང་བ་མེད་ཕྱིར་ཏེ་"
1580804,1585441,4637,"ཚངས་པའི་ལམ་བསྟེན་དགོས། རང་གིས་བྱས་པ་ལ་འགྱོད་པ་མེད་ཕྱིར་དུ་"
1585441,1588351,2910,"ཐར་པ་དམ་པའི་ཆོས་ཀྱི་ལེགས་པའི་ལམ་བསྟེན་དགོས་པ་ཡིན།"
1588351,1593392,5041,"ཡོན་ཏན་བསྒྲུབ་པའི་ཕྱིར་དུ་ཐོས་བསམ་སྒོམ་གསུམ་ཡང་དག་པའི་ལམ་འཇོག་དགོས།"
1593392,1596692,3300,"སྒོ་ལུས་ངག་ཡིད་གསུམ་གྱི་བརྩམས་པ་མཐར་ཕྱིན་པ་བྱ་བའི་ཕྱིར་དུ་"
1596692,1600122,3430,"མཆོག་དང་ཐུན་མོང་གི་དངོས་གྲུབ་གྲུབ་པའི་ལམ་བསྟེན།"
1600122,1605094,4972,"སྔོན་ནས་ལེགས་པར་སྦྱང་བའི་ཕྱིར་ན་གསར་དུ་"
1605094,1607535,2441,"འཚོལ་མི་དགོས་པ་གྲུབ་ཕྱིར་ལྷུན་གྲུབ་ཀྱི་ལམ་སྟེ།"
1607535,1611244,3709,"མལ་དྲུག་དུས་སུ་འདི་ཉལ་ས་དྲུག་འདི་འཐོན་སོང་ན་"
1611244,1613993,2749,"དེའི་ནང་དུ་བདེ་ཞིང་སྐྱིད་པ་ཉལ་དུ་ཆོག་པ་ཡིན།"
1613993,1620028,6035,"(348) ཐེག་ཆེན་རྣམས་ཀྱི་འགྲོ་བའི་ས་དྲུག་ནི། །སངས་རྒྱས་ཆོས་འདོད་ཆོས་ཉིད་ངང་དུ་འགྲོ། །"
1620028,1624394,4366,"སེམས་ཅན་དོན་འདོད་གང་འཚམས་ཆོས་སྟོན་འགྲོ། །རང་སེམས་རྟོགས་འདོད་དུག་གསུམ་མེད་པར་འགྲོ། །"
1624394,1627956,3562,"ཤེས་རབ་ཐོབ་འདོད་ཆོས་ཀྱི་རྒྱུན་དུ་འགྲོ། །གདུལ་བྱའི་དབང་གིས་སྐྱེ་བ་ཀུན་ཏུ་འགྲོ། །"
1627956,1632230,4274,"ཐར་ལམ་འདོད་པས་བླ་མ་བསྟེན་དུ་འགྲོ། །དེ་ལྟར་སུ་འགྲོ་སངས་རྒྱས་ཆོས་བསླབ་ཡིན། །"
1632230,1636426,4196,"གསུངས་དུས། དེ་ཡང་ཐེག་པ་ཆེན་པོ་རྣམས་ཀྱི་འགྲོ་བའི་ཆོས་དྲུག་ཡོད།"
1636426,1642206,5780,"སངས་རྒྱས་ཀྱི་གོ་འཕང་སྤངས་རྟོགས་ཀྱི་ཡོན་ཏན་ཨེ་ཐོབ་བསམ་ན་ཆོས་ཉིད་ཀྱི་ངང་དུ་འགྲོ་ཟེར།"
1642206,1644557,2351,"ཆོས་ཉིད་ཀྱི་དོན་འདི་ལ་བསྒོམ་དགོས་ཡིན་གསུངས།"
1644557,1647672,3115,"སེམས་ཅན་རྣམས་ཀྱི་དོན་བྱེད་པ་བསམ་ན་"
1647672,1652329,4657,"སེམས་ཅན་གྱི་དབང་པོ་རབ་འབྲིང་ཐ་གསུམ་དང་ལྡན་པའི་ཆོས་སྟོན་ཕྱིར་དུ་འགྲོ་དགོས་པ་ཡིན།"
1652329,1656572,4243,"རང་སེམས་ཀྱི་གནས་ལུགས་འདི་རྟོགས་པར་འདོད་ན་"
1656572,1658923,2351,"ཉོན་མོངས་པ་དུག་གསུམ་སྤོང་ཅི་ཐུབ་བྱེད།"
1658923,1661581,2658,"ཐོས་བསམ་སྒོམ་གསུམ་གྱི་ཤེས་རབ་ཐོབ་པར་འདོད་ན་"
1661581,1666417,4836,"དུས་རྒྱུན་དུ་དམ་པའི་ཆོས་སྐད་ཅིག་ཀྱང་མ་ཡེངས་པ་ཆོས་དང་མཐུན་པ་བྱེད་དགོས།"
1666417,1671627,5210,"གདུལ་བྱའི་དབང་གིས་སེམས་ཅན་རྣམས་གང་ལ་གང་འདུལ་གྱིས་སྐྱེ་བ་ཀུན་ཏུ་འགྲོ།"
1671627,1674950,3323,"ཐར་པའི་ལམ་འདོད་པས་དུས་རྟག་ཏུ་བླ་མ་དགེ་བའི་བཤེས་གཉེན་བསྟེན།"
1674950,1677530,2580,"ཐར་ལམ་འབད་མེད་དུ་ཐོབ་པ་ཡིན།"
1677530,1679686,2156,"དེ་ལྟར་སུ་འགྲོ་སངས་རྒྱས་ཆོས་བསླབ་ཡིན།"
1679686,1685861,6175,"(349) ཡིད་གནས་དགོས་པའི་རྣམ་གྲངས་རྣམ་དྲུག་ནི། །དགེ་བའི་རྩ་བ་རྩོམ་ལ་ཡིད་གནས་དགོས། །"
1685861,1690227,4366,"ཆོས་ལ་ནན་ཏན་ལྷུར་བླང་ཡིད་གནས་དགོས། །བླ་མེད་བྱང་ཆུབ་ཡིད་ཞུགས་ཡིད་གནས་དགོས། །"
1690227,1694138,3911,"གཞན་དོན་བྱང་ཆུབ་སེམས་ལ་ཡིད་གནས་དགོས། །ཉིན་མཚན་ཆོས་ཉིད་དོན་ལ་ཡིད་གནས་དགོས། །"
1694138,1698613,4475,"ངེ་འབྱུང་སྐྱོ་ཤས་བསྐྱེད་ལ་ཡིད་གནས་དགོས། །དེ་ལྟར་གང་བྱེད་རྒྱལ་སྲས་ལམ་བཟང་ཞུགས། །"
1698613,1703420,4807,"ཞེས་པ་འདི་ཡིད་གནས་དགོས་པའི་རྣམ་གྲངས་དྲུག་ཡོད། གང་རེད་ཟེར་ན།"
1703420,1707590,4170,"དགེ་བའི་རྩ་བ་རྩོམ་པ་འདི་ལ་ཡིད་དྲན་ཤེས་བག་ཡོད་ཀྱི་ངང་དུ་གནས་དགོས།"
1707590,1710389,2799,"དགེ་བ་འདི་སྦྱོར་དངོས་རྗེས་གསུམ་ཚང་བ་ཞིག་ཡིན།"
1710389,1714680,4291,"ཆོས་ལ་ནན་ཏན་ལྷུར་བྱེད་པ་འདི་ཐོས་བསམ་སྒོམ་གསུམ་གྱི་སྟེང་དུ་"
1714680,1716375,1695,"ཡིད་གནས་པ་ཅན་ཞིག་དགོས།"
1716375,1719444,3069,"དེ་ནས་བླ་མེད་རྫོགས་པའི་བྱང་ཆུབ་ཐོབ་པར་འདོད་པ་འདི་ལ་"
1719444,1722359,2915,"ཡིད་དྲན་ཤེས་བག་ཡོད་ཀྱི་ངང་དུ་གནས་དགོས།"
1722359,1724712,2353,"གཞན་དོན་བྱང་ཆུབ་ཀྱི་སེམས་བསྐྱེད་པ་འདི་ལ་"
1724712,1728294,3582,"བྱམས་པ་དང་སྙིང་རྗེའི་ངང་དུ་ཡིད་གནས་པ་དགོས།"
1728294,1732430,4136,"ཉིན་མཚན་ཆོས་ཉིད་ཀྱི་དོན་ལ་མི་གཡོ་བའི་ཕྱིར་དུ་ཉིན་མོ་སྣང་བའི་ལམ་དུ་ཁྱེར།"
1732430,1734329,1899,"མཚན་མོ་འོད་གསལ་གྱི་སྣང་བ་ལམ་དུ་ཁྱེར།"
1734329,1738083,3754,"དེ་ནས་ངེས་འབྱུང་དང་སྐྱོ་ཤས་དུས་རྒྱུན་དུ་ཡོད་ན་རང་གིས་རང་ལ་"
1738083,1740607,2524,"ཆོས་ལ་བསྐུལ་མ་རང་ཤུགས་ཀྱིས་འོང་བ་ཡིད་གནས་དགོས།"
1740607,1744524,3917,"དེ་ལྟར་གང་བྱེད་པ་ཐམས་ཅད་རྒྱལ་བའི་སྲས་པོའི་ལམ་བཟང་དུ་ཞུགས་པ་ཡིན།"
1744524,1748890,4366,"(350) ངག་དྲུག་རྣམ་གྲངས་རབ་ཏུ་བསྟན་པ་ནི། །སེམས་ཅན་སྤྱོད་པ་མི་ཟད་སྟོན་པའི་ངག །"
1748890,1752732,3842,"ཆོས་ཚུལ་རྒྱ་མཚོ་རབ་ཏུ་སྟོན་པའི་ངག །སངས་རྒྱས་ཡོན་ཏན་བསྔགས་པ་བརྗོད་པའི་ངག །"
1752732,1757262,4530,"ཐེག་ཆེན་མི་ཟད་རབ་ཏུ་སྟོན་པའི་ངག །ཕྱོགས་བཅུའི་ནམ་མཁའ་ཆོས་སྒྲས་འགེངས་པའི་ངག །"
1757262,1761624,4362,"འཁོར་བ་འཇིག་ཅིང་མྱ་ངན་འདའ་སྟོན་ངག །དེ་དག་སུ་ལྡན་རྒྱལ་བའི་སྲས་པོ་ཆེ། །"
1761624,1765750,4126,"གསུངས་དུས། ད་ངག་གི་ཡོན་ཏན་རྣམ་པ་དྲུག་ཡོད་དགོས། གང་རེད་ཟེར་ན།"
1765750,1772176,6426,"སེམས་ཅན་གཞན་ཕན་གྱི་སྤྱོད་པ་ལ་བྱང་ཆུབ་སེམས་དཔའ་ཐབས་མཁས་"
1772176,1776569,4393,"ཐུགས་རྗེའི་ཚུལ་དུ་སྟོན་པར་བྱེད་པའི་ཁ་འདི་དུས་རྒྱུན་ངག་འདི་ཡོད་དགོས་གསུངས།"
1776569,1781857,5288,"དེ་ནས་ཟབ་པ་དང་རྒྱ་ཆེ་བའི་ཆོས་ཚུལ་རྒྱ་མཚོ་གང་བསྟན་ཐོགས་པ་མེད་པའི་ངག་ཅིག་ཡོད་དགོས།"
1781857,1784453,2596,"སངས་རྒྱས་ལ་སྤངས་རྟོགས་ཀྱི་ཡོན་ཏན་ཡོད་པ་"
1784453,1788616,4163,"སངས་རྒྱས་ཀྱི་གོ་འཕང་འཐོབ་ན་རྒྱུ་མཚན་ཡོད་པའི་བསྟོད་པ་"
1788616,1792732,4116,"དུས་རྒྱུན་དུ་བཤད་དགོས་པ་ཡིན། ཐེག་པ་ཆེན་པོའི་ཟབ་མོའི་སྟོང་པ་ཉིད་དང༌།"
1792732,1796323,3591,"ས་བཅུ་ལམ་ལྔའི་ཡོན་ཏན་རབ་ཏུ་སྟོན་པར་གྱུར་པའི་ངག་དགོས།"
1796323,1798738,2415,"ཕྱོགས་བཅུ་ནམ་མཁའི་ཁམས་ཐམས་ཅད་དམ་པའི་ཆོས་ཀྱིས་"
1798738,1801752,3014,"གང་བསྡད་ཡོད་བསམ་ཆོས་སྒྲ་སྒྲོག་པའི་ངག་དགོས།"
1801752,1805333,3581,"དེ་ལྟ་བུ་ཞིག་བྱས་ན་ཁམས་གསུམ་འཁོར་བ་འཇིག་ཅིང་"
1805333,1808812,3479,"མྱ་ངན་ལས་འདས་པ་ཐར་པའི་ལམ་སྟོན་པའི་ངག་དེ་དག་"
1808812,1811996,3184,"སུ་ལྡན་ཐམས་ཅད་རྒྱལ་བའི་སྲས་པོ་ཆེན་པོ་ཡིན་ནོ།"
1811996,1817668,5672,"(351) །ལུས་དྲུག་རྣམ་འཕྲུལ་རབ་ཏུ་བསྟན་པ་ནི། །མི་རྣམས་སྨིན་ཕྱིར་མི་ཡི་ལུས་དང་ནི། །"
1817668,1822688,5020,"ངན་སོང་གདུལ་ཕྱིར་མི་མ་ཡིན་པའི་ལུས། །ལྷ་དང་ལྷ་མིན་སྨིན་མཛད་ལུས་དང་ནི། །"
1822688,1827755,5067,"ཆུང་ངུ་འདུལ་ཕྱིར་ཉན་ཐོས་རང་རྒྱལ་ལུས། །ཐེག་ཆེན་འགོད་ཕྱིར་སེམས་དཔའི་ལུས་དང་ནི། །"
1827755,1831570,3815,"དབང་རྫོགས་བྱ་ཕྱིར་ལོངས་སྤྱོད་རྫོགས་པའི་ལུས། །མངའ་དབང་འབྱོར་བ་རྣམས་ལ་ལྷུན་གྱིས་གྲུབ། །"
1831570,1836286,4716,"གསུངས་དུས། ད་སངས་རྒྱས་རྣམས་ཀྱིས་གང་ལ་གང་འདུལ་གྱི་ཚུལ་དུ་བསྟན་ན་"
1836286,1838880,2594,"ལུས་རྣམ་པ་དྲུག་ཏུ་ཡོད། འདི་གང་རེད་ཟེར་ན།"
1838880,1844587,5707,"དཔེར་ན་གདུལ་བྱ་སེམས་ཅན་སངས་རྒྱས་དང་བྱང་ཆུབ་སེམས་དཔའ་"
1844587,1847177,2590,"དངོས་སུ་མཇལ་མི་ནུས་པའི་མི་རྣམས་སྨིན་པའི་ཕྱིར་དུ་"
1847177,1850584,3407,"དགེ་བའི་བཤེས་གཉེན་མིའི་ལུས་སུ་བསྟན་པར་འགྱུར་བ་དང༌།"
1850584,1853209,2625,"ངན་སོང་གི་འགྲོ་བ་ཐར་པའི་ལམ་དུ་བགྲོད་པའི་ཕྱིར་"
1853209,1857003,3794,"བདག་ཅག་གི་སྟོན་པའི་སྐྱེས་རབས་རྣམས་ཡོད་པ་ལྟར་དུ་རི་དྭགས་དང༌།"
1857003,1862248,5245,"སེང་གེ་ཤ་ར་བྷ་དང༌། རྨ་བྱ་རྒྱལ་པོ་གསེར་དུ་སྣང་བ་ལ་སོགས་པ་དང་ནི།"
1862248,1867913,5665,"དེ་ནས་ཡང་མི་མ་ཡིན་པའི་ལུས་ཚུལ་བཞིན་དུ་བསྟན་པ་དང༌།"
1867913,1870778,2865,"ལྷ་དང་ལྷ་མིན་རྣམས་སྨིན་པར་མཛད་པའི་ཕྱིར།"
1870778,1873282,2504,"ད་ལྟ་དཔལ་མགོན་བདུན་བཅུ་རྩ་ལྔ་ཐམས་ཅད་ཀྱང་"
1873282,1875870,2588,"བྱང་ཆུབ་སེམས་དཔའ་ཚོགས་སྦྱོར་ལ་གནས་པ་ཡིན་གསུངས་རེད།"
1875870,1880275,4405,"དེ་ལྟ་བུའི་ལུས་དང། གང་ཟག་དབང་པོ་ཐ་མ་ཆུང་ངུ་འདུལ་བའི་ཕྱིར་དུ་"
1880275,1884688,4413,"ཉན་ཐོས་དགྲ་བཅོམ་པ་དང༌། མུན་པའི་བསྐལ་པ་ལ་ཆོས་ཀྱི་སྣང་བ་མེད་སོང་རེད།"
1884688,1888154,3466,"རང་སངས་རྒྱས་བྱོན་ནས་ངག་གིས་ཆོས་བསྟན་རྒྱུ་མ་རེད་དེ།"
1888154,1891708,3554,"རྫུ་འཕྲུལ་མང་པོ་བསྟན་ནས་སེམས་ཅན་ཐར་ལམ་ལ་བཀོད་འགྲོ་དུས་"
1891708,1895832,4124,"རང་སངས་རྒྱས་ཀྱི་ལུས་དང༌། ཐེག་པ་ཆེན་པོ་ལ་འགོད་པར་བྱ་བའི་ཕྱིར་དུ་"
1895832,1899026,3194,"དག་པའི་ཞིང་ཁམས་རྣམས་སུ་བྱང་ཆུབ་སེམས་དཔའ་སྤྱན་རས་གཟིགས།"
1899026,1900939,1913,"འཇམ་དཔལ་དབྱངས་ལ་སོགས་པའི་ལུས་དང༌།"
1900939,1904646,3707,"དབང་རྫོགས་པར་བྱ་བའི་ཕྱིར་དུ་གསང་སྔགས་རྡོ་རྗེ་ཐེག་པའི་ལམ་གྱི་"
1904646,1907034,2388,"གསང་དབང༌། ཤེར་དབང༌། ཚིག་དབང་ཐམས་ཅད་བསྐུར་ན་"
1907034,1911840,4806,"དངོས་སུ་ཡིན་ན་འདི་ལོངས་སྤྱོད་རྫོགས་པ་རྡོ་རྗེ་སེམས་དཔའ་དང༌།"
1911840,1916022,4182,"རིགས་ལྔ་ལྟ་བུའི་ལུས་དང༌། མངའ་དབང་འབྱོར་བ་རྣམས་ལ་ཟེར་ཏེ་"
1916022,1918288,2266,"རྫུ་འཕྲུལ་ལ་མངའ་དབང་འབྱོར་བ་རྣམས་ཀྱིས་"
1918288,1922449,4161,"སེམས་ཅན་གང་ལ་གང་འདུལ་བ་འདི་དེ་ལྟར་དུ་སྟོན་ཏེ་ལྷུན་གྱིས་གྲུབ་པ་ཡིན།"