1600,4101,2501,"(393) གཞན་དོན་བསྒྲུབས་པའི་ཕན་ཡོན་རྣམ་དྲུག་ནི། །འཇིགས་ཀུན་བསྐྱབ་པའི་སྐྱེལ་མ་བྱེད་པ་དང༌། ། གདོན་བགེགས་རྣམས་ཀྱི་སྲུང་བ་བྱེད་པ་དང༌། །འདུ་བའི་ནད་སེལ་སྨན་པ་བྱེད་པ་དང༌། ། བར་ཆད་བདུད་སེལ་དཔའ་བོ་བྱེད་པ་དང༌། །ལས་དང་ཉོན་མོངས་རྩད་ནས་གཅོད་པ་དང༌། ། ཚོགས་གཉིས་རྫོགས་ནས་བྱང་ཆུབ་ཐོབ་པ་སྟེ། །དཔག་མེད་ཕན་ཡོན་ནམ་མཁའི་དབྱིངས་བཞིན་ནོ། །"
4101,8235,4134,"གསུངས་དུས། གཞན་སེམས་ཅན་གྱི་དོན་བསྒྲུབས་པའི་ཕན་ཡོན་དྲུག་ཡོད། གང་རེད་ཟེར་ན།"
8235,11435,3200,"དགྲ་དང་རྐུན་མས་སྲོག་ལ་སོགས་པའི་འཇིགས་པ་ལས་བསྐྱབ་པའི་ཆེད་དུ།"
11435,15073,3638,"དེ་འཇིགས་པ་འདི་ལས་རྒྱབ་སྐྱོར་བྱེད་དེ་སྐྱེལ་མ་བྱེད་པ་དང༌།"
15073,17775,2702,"དེ་ནས་གདོན་བགེགས་ཀྱིས་གནོད་པ་བྱེད་དེ་འཕྲོག་མི་ཡོད་ན་"
17775,22831,5056,"གདོན་བགེགས་ཀྱི་བར་ཆད་ཐམས་ཅད་དེ་སྲུང་འཕྲོག་སྲུང་བར་བྱེད་པ་དང་ནི།"
22831,26530,3699,"དེ་ནས་འདུ་བའི་ནད་སེལ་བ་ཡིན་ན་ནད་ཀྱིས་མནར་བསྡད་པ་ཡིན་ན།"
26530,29999,3469,"ནད་འདི་ལ་ཕན་པའི་སྨན་སྤྲད་ནས་བཟུང་སྟེ་ཕན་ཡོན་ཆེ་བ་དང༌།"
29999,33667,3668,"བར་ཆད་ཀྱི་བདུད་སེལ་བར་བྱ་བའི་ཆེད་དུ་དཀའ་ཚེགས་ངལ་དུབ་མེད་པ་"
33667,36596,2929,"བདུད་དེ་དང་མཉམ་པོ་དཔའ་བོ་བྱེད་པ་དང༌།"
36596,39329,2733,"ལས་དང་ཉོན་མོངས་པ་ཐམས་ཅད་རྩད་ནས་གཅོད་པ་དང༌།"
39329,44263,4934,"བསོད་ནམས་ཡེ་ཤེས་ཀྱི་ཚོགས་གཉིས་བྱང་ཆུབ་འཐོབ་པར་བྱེད་པའི་ཐབས་དེ་ལ་"
44263,47703,3440,"བསོད་ནམས་དཔག་ཏུ་མེད་པའི་ཕན་ཡོན་ནམ་མཁའི་དབྱིངས་དང་འདྲ་བ་ཡིན།"
47703,51899,4196,"(394) རབ་ཏུ་བསྔགས་པའི་ཕན་ཡོན་རྣམ་དྲུག་ནི། །སྡིག་ཆེན་མ་ལུས་འཇོམས་པར་བྱེད་པ་དང༌། །"
51899,57515,5616,"སངས་རྒྱས་ཅན་གྱིས་བསྔགས་པར་འགྱུར་བ་དང༌། །འཁོར་བ་སྤང་ཞིང་ཕན་བདེ་འགྲུབ་པ་དང༌། །"
57515,62416,4901,"རྒྱལ་སྲས་ས་ཐོབ་མཆོད་སྡོང་འགྱུར་བ་དང༌། །ཚད་མེད་འགྲོ་བའི་དེད་དཔོན་འགྱུར་བ་དང༌། །"
62416,64312,1896,"གནས་སྐབས་མཐར་ཐུག་དོན་གཉིས་ཕུན་སུམ་ཚོགས། །"
64312,70352,6040,"གསུངས་དུས། ཕན་ཡོན་ཆེན་པོའི་ཡོན་གང་རེད་ཟེར་ན།"
70352,74528,4176,"སེམས་ཅན་གཞན་གྱི་རྒྱུད་ཀྱི་སྡིག་པ་མ་ལུས་པ་ཐམས་ཅད་འཇོམས་པར་བྱས་ན་"
74528,78941,4413,"དེའང་ཕན་ཡོན་ཚད་མེད་པ་ཡིན། སེམས་ཅན་གཞན་གྱི་དོན་གྱི་སྡིག་པ་བསལ་བར་བྱས་ན་"
78941,82632,3691,"སངས་རྒྱས་ཐམས་ཅད་ཀྱིས་ཀྱང་རིགས་ཀྱི་བུ་འདིས་སེམས་ཅན་གྱི་དོན་བྱེད་རེད་ཟེར།"
82632,85743,3111,"རང་ལ་བསྔགས་པའམ་བསྟོད་པ་བརྗོད་པར་འགྱུར་བ་དང༌།"
85743,89362,3619,"ཁམས་གསུམ་འཁོར་བའི་ལས་དང་བྱ་བ་ཐམས་ཅད་སྤང་ན་གནས་སྐབས་ཕན་པ་དང༌།"
89362,94635,5273,"མཐར་ཐུག་བདེ་བའི་གོ་འཕང་འགྲུབ་པ་དང༌། རྒྱལ་སྲས་བྱང་ཆུབ་སེམས་དཔའི་ས་ཐོབ་ནས་བཟུང་སྟེ་"
94635,98986,4351,"འཇིག་རྟེན་ལྷ་མི་བཅས་པ་ཐམས་ཅད་ཀྱིས་མཆོད་པའི་ཡུལ་དུ་འགྱུར་ཏེ་མཆོད་སྡོང་འགྱུར་བ་དང༌།"
98986,103863,4877,"མཐའ་ཡས་པའི་སེམས་ཅན་ཐམས་ཅད་འགྲོ་བའི་དོན་ག་ཚོད་བརྩོན་ཐུབ་བྱས་ན།"
103863,107738,3875,"དཔེར་ན་རྒྱ་མཚོའི་གླིང་ནས་ནོར་བུ་ལེན་པའི་དེད་དཔོན་ལྟ་བུ་འགྱུར་བ་དང༌།"
107738,110805,3067,"གནས་སྐབས་ལྷ་མིའི་གོ་འཕང༌། མཐར་ཐུག་ངེས་པ་ལེགས་པའི་"
110805,113328,2523,"རང་གཞན་གྱི་དོན་གཉིས་ཕུན་སུམ་ཚོགས་པ་འགྱུར་བ་ཡིན།"
113328,117682,4354,"(395) གནས་ལུགས་གཏན་ལ་དབབ་པའི་ཆོས་དྲུག་ནི། །གནས་ལུགས་འགྱུར་མེད་ནམ་མཁའ་ལྟ་བུ་དང༌། །"
117682,121185,3503,"མི་གཡོ་འགག་མེད་རྒྱ་མཚོ་ལྟ་བུ་དང༌། །རྟོག་མེད་འདོད་འབྱུང་ནོར་བུ་ལྟ་བུ་དང༌། །"
121185,128175,6990,"རྐྱེན་གྱིས་ཐ་དད་ག་བུར་ལྟ་བུ་དང༌། །གསལ་སྟོང་རྙོག་མེད་མེ་ལོང་ལྟ་བུ་དང༌། །"
128175,131987,3812,"ཀུན་ཁྱབ་ཕྱོགས་མེད་ཏིལ་མར་ལྟ་བུ་དང༌། །རྣམ་པ་དྲུག་ཏུ་གཏན་ལ་དབབ་པ་གཅེས། །"
131987,135093,3106,"གསུངས་དུས། གནས་ལུགས་ཀྱི་ངོ་བོ་དེ་ཚུལ་བཞིན་དུ་བལྟ་ན་"
135093,139525,4432,"དེ་ལ་བྱིང་རྒོད་ཀྱི་སྐྱོན་མེད་པ་ནམ་མཁའ་ལྟ་བུ་རང་བཞིན་དུ་འགྱུར་བ་དང༌།"
139525,144064,4539,"ཆོས་ཉིད་དེའི་ངང་དུ་མཉམ་པར་བཞག་བསྡད་ན་དགོངས་པ་ཆོས་ཉིད་ལས་མི་གཡོ།"
144064,148487,4423,"ཚོགས་དྲུག་གི་སྣང་བ་འགག་པ་མེད་པ་རྒྱ་མཚོ་ལ་གཟའ་སྐར་ཤར་བ་ལྟ་བུ་དང༌།"
148487,153466,4979,"རྣམ་རྟོག་མེད་པའི་དབང་དུ་བཞག་ན་མཐར་ཐུག་གི་འདོད་རྒུ་འབྱུང་བ་"
153466,155771,2305,"ནོར་བུ་ལས་དགོས་འདོད་འབྱུང་བ་ལྟ་བུ་དང༌།"
155771,162185,6414,"དཔེར་ན་ག་བུར་ཞེས་བྱ་བ་འདི་ཚད་པའི་ནད་ལ་སྨན་དུ་འགྱུར་རྒྱུ་རེད་དེ།"
162185,164195,2010,"གྲང་བའི་ནད་ལ་དུག་ཏུ་འགྱུར་འགྲོ་རྒྱུ་རེད་དུས།"
164195,167211,3016,"དེ་ལྟ་བུ་ཡུལ་གྱི་རྐྱེན་གྱིས་ཐ་དད་དུ་འགྱུར་བ་དང༌།"
167211,172965,5754,"གསལ་སྟོང་རྙོག་པ་མེད་པའི་ཆོས་ཉིད་ཀྱི་ངོ་བོ་མེ་ལོང་ལྟ་བུ་ལ་དུས་རྒྱུན་དུ་སྒོམ་པར་བྱེད་པ་དང༌།"
172965,177525,4560,"དེ་ནས་སྒོམ་པ་དེའང་ཀུན་ལ་ཁྱབ་ཅིང་ཕྱོགས་མེད་ཏིལ་གྱི་མར་ལྟ་བུ་ཡིན་ན།"
177525,180729,3204,"ཏིལ་ཆེ་ཆུང་ག་ཚོད་ཡོད་ན་མར་མེད་མཁན་ཞིག་གཏན་ནས་ཡོད་མ་རེད།"
180729,182882,2153,"དེ་རྣམ་པ་དྲུག་ཏུ་གཏན་ལ་དབབ།"
182882,189571,6689,"དང་པོ་ནམ་མཁའ་ལྟ་བུའི་ཆོས་དྲུག་ནི། །ཕྱོགས་ལྷུང་མེད་པས་ནམ་མཁའ་ལྟ་བུ་དང༌། །"
189571,193119,3548,"རྒྱ་ཆད་མེད་པས་ནམ་མཁའ་ལྟ་བུ་དང༌། །ཡངས་དོག་མེད་པས་ནམ་མཁའ་ལྟ་བུ་དང༌། །"
193119,196680,3561,"མཐོ་དམན་མེད་པས་ནམ་མཁའ་ལྟ་བུ་དང༌། ཁ་དོག་དབྱིབས་མེད་ནམ་མཁའ་ལྟ་བུ་དང༌། །"
196680,198720,2040,"འཁོར་འདས་ཀུན་འབྱུང་ནམ་མཁའ་ལྟ་བུའོ། །"
198720,201798,3078,"གསུངས་དུས། ད་ཆོས་ཉིད་ནམ་མཁའ་ལྟ་བུའི་དོན་འདི་བསྟན་ན།"
201798,204537,2739,"འདི་ནི་ཆོས་ཉིད་གཏོགས་ཀྱི་རེད། འདི་ནི་མ་གཏོགས་རེད་ཅེས་"
204537,206318,1781,"ཕྱོགས་རིས་མེད་པ་ནམ་མཁའ་ལྟ་བུ་ཡིན།"
206318,209635,3317,"དེ་ནས་དེ་ལ་རྒྱ་ཆེ་ཆུང་མཐོ་དམན་འདི་ཚད་རེད་ཟེར།"
209635,212398,2763,"ཚོད་གཟུང་རྒྱུ་མེད་པ་ནམ་མཁའ་ལྟ་བུ་དང༌།"
212398,216467,4069,"དེ་ནས་དེ་ནང་དུ་དཔེར་ན་ནམ་མཁའ་ལ་སྣོད་བཅུད་རེས་ནི་ཚུར་ཆགས་ན་"
216467,220812,4345,"ནམ་མཁའ་དོག་གུ་འགྲོ་ཡི་མ་རེད། ཕར་འཇིག་སོང་ན་རྒྱ་ཆེ་རུ་འགྲོ་རྒྱུ་ཡོད་མ་རེད་དུས།"
220812,224791,3979,"དཔེ་དེ་ལྟ་བུ་ལུས་སེམས་སྐྱེས་འདྲ་མི་འདྲ་ག་ཚོད་སླེབས་ན་"
224791,228536,3745,"དགོངས་པ་ལ་ཡངས་དོག་མེད་པ་དང༌། ནམ་མཁའ་ལ་མཐོ་བ་འདི་རེད།"
228536,232940,4404,"དམའ་བ་འདི་རེད་ཟེར་ཡོད་མ་རེད། དེ་ཕྱིར་ན་མཐོ་དམན་མེད་པ་ནམ་མཁའ་ལྟ་བུ་དང༌།"
232940,236628,3688,"ཆོས་ཉིད་ཀྱི་དོན་རྟོགས་སོང་ན་ཁ་དོག་དབྱིབས་མེད་ནམ་མཁའ་ལྟ་བུ་དང༌།"
236628,240130,3502,"ནམ་མཁའ་ལ་སྣོད་བཅུད་ཐམས་ཅད་བརྟེན་ཡོད་པ་བཞིན།"
240130,244195,4065,"སེམས་ཉིད་རྟོགས་མ་རྟོགས་ལས་འཁོར་འདས་ཐམས་ཅད་བྱུང་བས་ན་ནམ་མཁའ་ལྟ་བུའོ། །"
244195,248194,3999,"གཉིས་པ་རྒྱ་མཚོ་ལྟ་བུའི་ཆོས་དྲུག་ནི། །གནས་ལུགས་ཡངས་ཤིང་རྒྱ་ཆེ་རྒྱ་མཚོ་འདྲ། །"
248194,255344,7150,"དངོས་མེད་ཟང་ཐལ་གཏིང་ཟབ་རྒྱ་མཚོ་འདྲ། །བློ་ཡིས་དཔག་དཀའ་ཚད་མེད་རྒྱ་མཚོ་འདྲ། །"
255344,259166,3822,"མཐའ་གཉིས་མི་གཡོ་དྭངས་པ་རྒྱ་མཚོ་འདྲ། །ཀློང་ཡངས་མ་འགགས་རང་གསལ་རྒྱ་མཚོ་འདྲ། །"
259166,261069,1903,"རྟོག་པའི་རྦ་རླབས་རང་གྲོལ་རྒྱ་མཚོ་འདྲ། །"
261069,266925,5856,"གསུངས་དུས། ད་འདི་ཡང་རྒྱ་མཚོ་ལྟ་བུའི་ཆོས་དྲུག་རེད། གང་རེད་ཟེར་ན།"
266925,271193,4268,"གནས་ལུགས་འདི་རྟོགས་སོང་ན་རྒྱ་ཆེན་པོ། ཡངས་པོ་རེད།"
271193,274826,3633,"རྒྱ་མཚོས་གླིང་བཞི་ཐམས་ཅད་ཁྱབ་ཡོད་རེད་དེ་དང་འདྲ་བ་དང༌།"
274826,277250,2424,"དེ་ནས་སེམས་ཀྱི་གནས་ལུགས་འདི་ནི་དངོས་པོ་འདི་རེད་ཟེར་"
277250,281490,4240,"དམིགས་བསལ་གཟུང་རྒྱུ་མ་རེད། ཆུ་དྭངས་པ་རླན་ཞིང་གཤེར་བ་ཙམ་ལས་མེད་པས་"
281490,285737,4247,"ཏིང་གསལ་རྒྱ་མཚོ་དང་འདྲ་བ་དང༌། རྒྱ་མཚོ་ལྟ་བུའི་དོན་འདི་"
285737,290649,4912,"སོ་སོ་སྐྱེ་བོའི་བློས་དཔག་དགོས་ན་དཔག་དཀའ་བས་ཚད་མེད་པ་རྒྱ་མཚོ་བསྟན་པ་དང༌།"
290649,293897,3248,"འཁོར་འདས་ཀྱི་མཐའ་གཉིས་ལ་མི་གཡོ་བ་དྭངས་པ་རྒྱ་མཚོ་འདྲ་བ།"
293897,297754,3857,"དགོངས་པ་ཀློང་ཆེན་པོ་འདི་རྒྱ་ཆེན་པོ་ཡུལ་སྣང་"
297754,299940,2186,"མ་འགགས་པའི་རང་གསལ་རྒྱ་མཚོ་འདྲ་བ་དང༌།"
299940,303293,3353,"རྟོག་པའི་རྦ་རླབས་ཐམས་ཅད་རང་གྲོལ་བ་རྒྱ་མཚོ་དང་འདྲ་བ་ཡིན།"
303293,307429,4136,"གསུམ་པ་ནོར་བུ་འདྲ་བའི་ཆོས་དྲུག་ནི། །རྟོག་མེད་དགོས་འདོད་འབྱུང་བས་ནོར་བུ་འདྲ། །"
307429,311312,3883,"བྱུང་ཡང་ཕྱོགས་ལྷུང་མེད་པས་ནོར་བུ་འདྲ། །གནས་ལུགས་རང་བཞིན་དག་པས་ནོར་བུ་འདྲ། །"
311312,315350,4038,"རྩལ་ལས་རྒྱན་དུ་ཤར་བས་ནོར་བུ་འདྲ། །དངས་གསལ་སྤྲོས་པ་མེད་པས་ནོར་བུ་འདྲ། །"
315350,317956,2606,"ཐམས་ཅད་དབྱིངས་གཅིག་རང་བཞིན་ནོར་བུ་འདྲ། །"
317956,321679,3723,"གསུངས་ནས་བཟུང༌། ད་ཡང་ནོར་བུ་འདྲ་བའི་ཆོས་དྲུག་པོ་འདི་ག་རེ་ཟེར་ན་ནི།"
321679,327596,5917,"དེ་ཡང་ནོར་བུ་འདི་ལ༌། དེ་ལ་གོས་སྟེར་དགོས་འདུག །"
327596,330445,2849,"དེ་ལ་ཟས་སྟེར་དགོས་འདུག་བསམ་རྣམ་རྟོག་ཡོད་མ་རེད་དེ།"
330445,334105,3660,"མེད་ནའང་ནོར་བུ་ཁོ་རང་གིས་ཟས་གོས་ནོར་ལོངས་སྤྱོད་སློང་བ་པོ་"
334105,336644,2539,"དེའི་ཡིད་ལ་ག་རེ་འདོད་པ་འདི་རང་ཤུགས་ཀྱིས་འབྱུང་རེད།"
336644,338694,2050,"དཔེ་དེ་བཞིན་དུ་ཆོས་ཉིད་ཀྱི་དགོངས་པ་འདི་"
338694,342513,3819,"མངོན་སུམ་དུ་རྟོགས་སོང་ན་དེ་ལ་བརྟེན་ནས་ཚེ་རིང་བ། ནོར་མང་བ།"
342513,345681,3168,"སྙན་གྲགས་ཆེ་བ་ཆེད་དུ་སྒྲུབ་མ་བསྡད་ནའང་རང་ཤུགས་ཀྱིས་འབྱུང་འོང༌།"
345681,351546,5865,"ནོར་བུ་དགོས་འདོད་འབྱུང་བ་དེ་ལ་ནོར་བུས་ཡ་འབྱོར་པ་ལྡན་པ་"
351546,355778,4232,"གོ་ས་མཐོ་བ་ལ་དགོས་འདོད་འབྱུང༌། དམའ་བ་ལ་མི་འབྱུང་བ་ཕྱོགས་ལྷུང་ཡོད་རྒྱུ་མ་རེད།"
355778,358873,3095,"དཔེ་དེ་བཞིན་ཉམས་དང་རྟོགས་པ་འདི་རྒྱུད་ལ་སྐྱེ་སོང་ན་"
358873,361206,2333,"དེ་ཕྱོགས་དང་རིས་སུ་ཕྱེད་པ་མེད་པ་ཡིན།"
361206,364838,3632,"ནོར་བུ་ཁོ་རང་གི་གནས་ལུགས་འདི་ནོར་བུ་ཆུ་ཤེལ་ཤིན་ཏུ་དངས་པ་"
364838,368723,3885,"ཤེལ་ལྟ་བུ་ཞིག་ཡོད་རྒྱུ་རེད་དུས། དཔེ་དེ་ལྟར་དུ་གནས་ལུགས་ཀྱི་དོན་འདི་རྟོགས་སོང་ན།"
368723,371862,3139,"སྒྲིབ་གཉིས་རང་བཞིན་གྱིས་དག་པས་ནོར་བུ་དང་འདྲ་བ་ཡིན།"
371862,374949,3087,"དེ་ནས་ནོར་བུ་དེ་ལས་དགོས་འདོད་མ་ལུས་པ་འབྱུང་དུས།"
374949,378671,3722,"ཡུལ་ཁམས་གང་ན་ནོར་བུ་འདི་ཡོད་ན་དེ་ཡུལ་ཁམས་ཀྱི་རྒྱན་རེད།"
378671,383580,4909,"དཔེ་དེ་བཞིན་རིག་པའི་རྩལ་ལས་དགོས་འདོད་ཐམས་ཅད་འབྱུང་བས་རྒྱན་དང་འདྲ་བ་ཡིན།"
383580,386250,2670,"ནོར་བུ་འདིའི་དྭངས་གསལ་སྤྲོས་པ་མེད་པ་བཞིན་དུ་"
386250,389062,2812,"རང་གི་སེམས་ཀྱི་ངོ་བོ་དྭངས་གསལ་སྤྲོས་པ་མེད་པ་ཡིན།"
389062,392326,3264,"དགོས་འདོད་འབྱུང་ན། འཇའ་ཚོན་ཅི་འདྲ་ཤར་ན་"
392326,396724,4398,"ཐམས་ཅད་གཅིག་མ་གཏོགས་ནོར་བུ་ལས་གཞན་དུ་གྱུར་པ་མེད་པས་ན་"
396724,399679,2955,"རང་བཞིན་ནོར་བུ་འདྲ་བ་ཡིན་ནོ། །"
399679,406596,6917,"བཞི་པ་ག་བུར་འདྲ་བའི་ཆོས་དྲུག་ནི། །མ་རྟོགས་འཁོར་བ་འབྱུང་བས་ག་བུར་འདྲ། །"
406596,410466,3870,"རིགས་དྲུག་སྡུག་བསྔལ་མྱོང་བས་ག་བུར་འདྲ། །རྟོགས་ནས་སངས་རྒྱས་འབྱུང་བས་ག་བུར་འདྲ། །"
410466,414767,4301,"སྐུ་གསུམ་ཞི་བདེ་འགྲུབ་པས་ག་བུར་འདྲ། །གཞི་ལ་གཉིས་ཀ་མེད་པས་ག་བུར་འདྲ། །"
414767,417363,2596,"རྐྱེན་གྱིས་ཐ་དད་སྣང་བས་ག་བུར་འདྲ། །"
417363,426888,9525,"བཞི་པ་གཞིའི་གནས་ལུགས་ག་བུར་འདྲ་བའི་ཆོས་དྲུག་ཡོད།"
426888,429165,2277,"དེ་ནས་མ་རྟོགས་ན་ཁམས་གསུམ་འཁོར་བ་འབྱུང༌།"
429165,431058,1893,"རྟོགས་ན་མྱ་ངན་ལས་འདས་པ་འབྱུང་སྟེ།"
431058,437689,6631,"དཔེར་ན་ག་བུར་འདི་ཚ་བའི་ནད་ལ་ལྷའི་བདུད་རྩི་ལྟ་བུ་ཡོད་དེ།"
437689,440801,3112,"གྲང་བའི་ནད་ཅིག་གིས་འདི་ཟོས་བཞག་ན་དུག་གི་བདུད་རྩི་འདྲ་རེད་འགྲོ།"
440801,444195,3394,"གང་ཡང་རྐྱེན་གྱིས་འགྱུར་འགྲོ་ཆོག་གསུངས་རེད། དེ་ནས།"
444195,447234,3039,"རིགས་དྲུག་སྡུག་བསྔལ་མྱོང་བས་ག་བུར་འདྲ། །ཟེར་ག་བུར་འདི་"
447234,451634,4400,"ནད་ཐམས་ཅད་ལ་ཕན་པའི་སྨན་མ་རེད། ཚ་བ་གྲང་བ་སོ་སོ་འགྲོ་བ་ལྟར་དུ་"
451634,455635,4001,"གཞིའི་ཆོས་ཉིད་ཉོན་མོངས་པ་དྲུག་གིས་བག་ཆགས་བཞག་བཞག་དུས་དེ་ནས་"
455635,457756,2121,"སེམས་ཅན་སྡུག་བསྔལ་མྱོང་བས་ག་བུར་འདྲ།"
457756,460755,2999,"རྟོགས་ནས་སངས་རྒྱས་འབྱུང་བས་ག་བུར་འདྲ། །ཟེར་དུས།"
460755,464234,3479,"ག་བུར་ཁོ་རང་ཚ་བའི་ནད་ཀྱི་གཉེན་པོ་རེད་དུས།"
464234,469758,5524,"དེ་ལ་ནི་ཡང་ག་བུར་གྱི་དྲི་བྲོ་བ་ཙམ་ཞིག་གིས་ཚ་བའི་ནད་འདི་འཇོམས་འགྲོ་དུས་ག་བུར་འདྲ།"
469758,473759,4001,"ག་བུར་དེས་ཚ་བའི་ཟུག་རྔུ་ཐམས་ཅད་འཇོམས་པར་བྱེད་པས་ན་"
473759,476967,3208,"སྐུ་གསུམ་གྱི་ཞི་བདེ་འགྲུབ་པས་ག་བུར་དང་འདྲ།"
476967,481416,4449,"དེ་ནས་ག་བུར་འདི་རླུང་གིས་ཁུར་སོང་ན་གཏན་ནས་གནོད་བྱེད་ཀྱང་ཡོད་རྒྱུ་མ་རེད།"
481416,484478,3062,"དེ་ཕྱིར་ན་གཞིའི་ཆོས་ཉིད་འདི་འཁྲུལ་གྲོལ་གཉིས་ཀ་"
484478,487041,2563,"འཁོར་འདས་གཉིས་ཀ་མེད་པས་ག་བུར་དང་འདྲ།"
487041,492751,5710,"རྐྱེན་གྱིས་ཐ་དད་པ་སྣང་ཚུལ་ནི། ཁམས་གསུམ་འཁོར་བའི་འཁྲུལ་པས་བསླད་སོང་ན་འཁོར་བ།"
492751,495628,2877,"མ་འཁྲུལ་པས་བསླད་སོང་ན་མྱ་ངན་ལས་འདས་པ་འབྱུང་བ་ལྟར་"
495628,499206,3578,"ག་བུར་འདིའང་ཚ་བ་དང་གྲང་མོའི་རྐྱེན་སོ་སོ་འདྲ་བ་ཡིན།"
499206,503486,4280,"ལྔ་པ་མེ་ལོང་ལྟ་བུའི་ཆོས་དྲུག་ནི། །གནས་ལུགས་གཞི་ནས་གསལ་བས་མེ་ལོང་འདྲ། །"
503486,507875,4389,"སྒྲིབ་གཡོགས་གཡའ་དང་བྲལ་བས་མེ་ལོང་འདྲ། །རོལ་པ་འགག་མེད་འཆར་བས་མེ་ལོང་འདྲ། །"
507875,511575,3700,"མཚན་ཉིད་གཉིས་སུ་མེད་པས་མེ་ལོང་འདྲ། །རྟོག་མེད་ངང་དངས་གནས་པས་མེ་ལོང་འདྲ། །"
511575,514238,2663,"རང་གསལ་ཡེ་ནས་དག་པས་མེ་ལོང་འདྲ། །"
514238,518596,4358,"གསུངས་དུས། གཞི་གནས་ལུགས་ཡང་མེ་ལོང་འདྲ་བའི་ཆོས་དྲུག་རེད། གང་རེད་ཟེར་ན།"
518596,522181,3585,"གཞི་ཁོ་རང་གི་གནས་ལུགས་འདི་དང་པོའི་དུས་ནས་དངས་སིང་ངེ་སོང་རེད་མ་གཏོགས་"
522181,526698,4517,"གཡའ་འདྲ་བ་མེད་པ་ཞིག་ཡོད་རྒྱུ་རེད། དེ་ཕྱིར་ན་མེ་ལོང་དང་འདྲ་བ་ཡིན།"
526698,532772,6074,"མེ་ལོང་འདི་ས་རློན་པ་ལ་ངད་ཕོག་པ་ལྟ་བུ་གཡའ་སོང་ནའང་"
532772,536143,3371,"གཡའ་འདི་ཕ་ཕྱིས་བཞག་ན་མེ་ལོང་འདིའང་"
536143,539134,2991,"ཁ་དོག་མི་དངས་པ་རེད་རྒྱུ་མ་རེད་དུས་གཞི་དེ་དང་འདྲ།"
539134,542774,3640,"མེ་ལོང་འདི་ནང་ལ་གཟུགས་བརྙན་བཟང་ངན་ཐམས་ཅད་ཤར་འགྲོ་རེད་མ་གཏོགས།"
542774,547153,4379,"བཟང་པོ་ཤར་ན་དགའ་བ། ངན་པ་ཤར་ན་མི་དགའ་བ་ཡོད་རྒྱུ་མ་རེད་དུས་"
547153,549628,2475,"འཁོར་འདས་ཀྱི་རོལ་པ་འགག་མེད་ཤར་བས་མེ་ལོང་འདྲ།"
549628,552027,2399,"མེ་ལོང་གི་ནང་ལ་བཟང་ངན་གཉིས་ཤར་ན་"
552027,555218,3191,"མེ་ལོང་བཟང་ངན་གཉིས་སུ་ཡོད་རྒྱུ་མ་རེད་དུས་མེ་ལོང་འདྲ།"
555218,558304,3086,"དེ་ནས་སེམས་རྣམ་པར་རྟོག་པའི་འཁྲུལ་པ་མེད་པ་"
558304,560863,2559,"ངང་དངས་ཀྱིས་གནས་པས་མེ་ལོང་དང་འདྲ།"
560863,564740,3877,"དེ་ནས་སེམས་ཀྱི་རང་བཞིན་འོད་གསལ་བ་ཡེ་ནས་དག་པས་མེ་ལོང་དང་འདྲ།"
564740,568271,3531,"དྲུག་པ་ཏིལ་མར་འདྲ་བའི་ཆོས་དྲུག་ནི། །སེམས་ཅན་སངས་རྒྱས་ཁྱབ་པས་ཏིལ་མར་འདྲ། །"
568271,572354,4083,"རྒྱུ་འབྲས་སྐྱེ་ཤི་སྣང་བས་ཏིལ་མར་འདྲ། །སེམས་ཉིད་ཡུལ་ལ་སྣང་བས་ཏིལ་མར་འདྲ། །"
572354,576730,4376,"ཡུལ་རྟོག་སེམས་ཉིད་གྲོལ་བས་ཏིལ་མར་འདྲ། །བསྒོམས་ན་ཆོས་སྐུར་འཆར་བས་ཏིལ་མར་འདྲ། །"
576730,581723,4993,"འབྲས་བུ་རྒྱུར་མི་ལྡོག་པས་ཏིལ་མར་འདྲ། །དེ་ལྟར་རྟོགས་ན་གནས་ལུགས་དོན་ལ་མཁས། །"
581723,584988,3265,"གསུངས་ནས་བཟུང་སྟེ། དཔེར་ན་ཏིལ་གྱི་འབྲུ་ཆེ་ཆུང་གང་ཡོད་ན་"
584988,587244,2256,"མར་གྱིས་མ་ཁྱབ་པ་གཅིག་ཀྱང་ཡོད་རྒྱུ་མ་རེད།"
587244,590107,2863,"གཞིའི་གནས་ལུགས་འདི་མ་རྟོགས་པའི་སེམས་ཅན་དང༌།"
590107,594107,4000,"རྟོགས་པའི་སངས་རྒྱས་གཉིས་ཀ་ལ་ཁྱབ་ཡོད་པས་ན་ཏིལ་དང་མར་འདྲ་བ་ཡིན།"
594107,599662,5555,"དེ་ནས་ཏིལ་མར་འདི་ཞིང་ས་ལ་སོགས་པ་ལ་བཏབ་བཞག་ན།"
599662,603126,3464,"ཁོ་རང་འབྲུ་གཅིག་གིས་འབྲུ་མང་པོ་འཕེལ་འོང་རེད།"
603126,607304,4178,"དཔེ་དེ་བཞིན་དུ་རྒྱུ་འབྲས་སྐྱེ་འཆི་མ་འགགས་པར་སྣང་བས་ན་ཏིལ་མར་དང་འདྲ་བ་ཡིན།"
607304,611088,3784,"ཏིལ་མར་དེ་ཉིད་ཀྱི་མར་མེ་བཟོས་བཞག་ན་"
611088,613525,2437,"སྣང་བ་ཐམས་ཅད་གསལ་ཏེ་དངོས་པོ་མཐོང་རེད།"
613525,617057,3532,"དཔེ་དེ་བཞིན་སེམས་ཉིད་ཡུལ་གྱི་སྟེང་དུ་འཁྲུལ་འོང་བའི་ཚེ་ན་"
617057,619783,2726,"བཟང་ངན་ཐམས་ཅད་ཤེས་པས་ཏིལ་མར་འདྲ་བ་ཡིན།"
619783,624513,4730,"ཡུལ་གྱི་རྟོག་པ་དེ་ཐམས་ཅད་སེམས་ཉིད་གཉུག་མ་གཅིག་གི་ངང་དུ་གྲོལ་སོང་ན་"
624513,627668,3155,"འཁྲུལ་གྲོལ་གཉིས་སུ་མེད་པས་ཏིལ་མར་དང་འདྲ་བ་ཡིན།"
627668,631049,3381,"ཏིལ་མར་འདི་མ་བཙིར་བཞག་ན་དེ་ལས་མར་འབབ་འོང་དང་འདྲ།"
631049,634575,3526,"སེམས་ཉིད་གཉུག་མའི་དོན་འདི་བསྒོམས་ན་ཆོས་སྐུར་འཆར་བས་ཏིལ་མར་འདྲ།"
634575,641859,7284,"འབྲས་བུ་སངས་རྒྱས་ཀྱི་གོ་འཕང་འདི་སླར་ཡང་ཡང་འཁོར་བ་ལ་ལྡོག་སྲིད་ཀྱི་མ་རེད།"
641859,645659,3800,"ཏིལ་མར་ལས་མར་བབས་ཚར་ཡོད་ན་འདི་སླར་ཡང་ས་བོན་སྐྱེ་རྒྱུ་མ་རེད་དུས་"
645659,648988,3329,"ཏིལ་མར་དང་འདྲ་བས། དེ་ལྟར་རྟོགས་ན་གནས་ལུགས་དོན་ལ་མཁས།"
648988,652791,3803,"(396) གཉིས་སྣང་ཞེན་པ་གཅོད་པའི་ཆོས་དྲུག་ནི། །རྨི་ལམ་དཔེས་མཚོན་སྣང་བ་སེམས་སུ་སྤྲད། །"
652791,657008,4217,"རྨི་ལམ་སད་པས་སྟོང་ལྟར་སྣང་བ་ཡང༌། །རང་བཞིན་གྱིས་སྟོང་མ་རིག་སངས་ཚེ་དག །"
657008,660829,3821,"ཕྱི་རོལ་ཡུལ་གྱི་བདེན་འཛིན་འཇིག་པ་ཡིན། །སྒྱུ་མའི་དཔེས་མཚོན་སྣང་སེམས་ནུས་མཐུར་སྤྲད། །"
660829,668952,8123,"གང་སྣང་གིས་སྟོང་བག་ཆགས་འཁྲུལ་པར་ཤེས། །གཟུགས་བརྙན་དཔེས་མཚོན་སེམས་ཉིད་རང་བཞིན་སྤྲད། །"
668952,673239,4287,"སྣང་བས་སྟོང་སྟེ་གཟུང་འཛིན་བྲལ་བར་ཤེས། །ན་བུན་དཔེས་མཚོན་སེམས་ཀྱི་རོལ་པར་སྤྲད། །"
673239,677821,4582,"ཡུལ་སྣང་རང་ཡལ་སྟོང་པར་རྟོགས་པ་ཡིན། །འཇའ་ཚོན་དཔེས་མཚོན་སེམས་ཀྱི་རྒྱན་དུ་སྤྲད། །"
677821,682163,4342,"མཁའ་ལ་ཐིམ་ལྟར་རང་སྣང་ཡེ་ཤེས་གྲོལ། །མན་ཤེལ་དཔེས་མཚོན་སེམས་ཀྱི་རང་གདངས་སྤྲད། །"
682163,684591,2428,"རང་ངོ་རང་གདངས་གཉིས་མེད་ཡེ་ཤེས་གྲོལ། །"
684591,692015,7424,"གསུངས་ནས་བཟུང༌། ད་འདི་ཡང་གཉིས་སྣང་གི་ཞེན་པ་གཅོད་པའི་ཆོས་དྲུག་ཡོད་དེ།"
692015,695741,3726,"ད་ལྟ་འཁོར་འདས་ཀྱི་སྣང་བ་འདི་ཐམས་ཅད་རྨི་ལམ་ལྟ་བུ་མ་གཏོགས་"
695741,701475,5734,"བདེན་པར་གྲུབ་པ་མེད་པའི་ཕྱིར་ན། རྨི་ལམ་འདི་ཐམས་ཅད་སེམས་ཀྱིས་བཟོས་བཞག་པ་ངོ་སྤྲད།"
701475,705029,3554,"རྨི་ལམ་བཟང་ངན་གང་ཡིན་ན་གཉིད་སད་དུས་སྟོང་པ་ལྟར་དུ་"
705029,708818,3789,"འཁོར་འདས་ཀྱི་སྣང་བ་འདིའང་འཁྲུལ་པ་དག་སོང་ན་སྟོང་པ་མ་གཏོགས་འགྲོ་རྒྱུ་མེད།"
708818,712604,3786,"རང་བཞིན་གྱིས་སྟོང་པ་ཉིད་ཀྱི་དོན་འདི་རྟོགས་སོང་ན་"
712604,716160,3556,"མ་རིག་པའི་སྒྲིབ་པ་རང་ཤུགས་ཀྱིས་དག་འགྲོ་རེད་མ་གཏོགས་ཆེད་དུ་སྤོང་མི་དགོས།"
716160,720912,4752,"ཕྱི་རོལ་ཡུལ་གཟུགས་སྒྲ་དྲི་རོ་རེག་བྱ་ཡིད་དུ་འོང་བ་ལ་ཆགས།"
720912,726068,5156,"ཡིད་དུ་མི་འོང་བ་ལ་སྡང༌། དེ་ཞེན་རྒྱུའི་འཛིན་པ་འདི་རང་བཞིན་སྟོང་པར་ཞིག་སོང་ན་"
726068,730708,4640,"རང་ཤུགས་ཀྱིས་དག་འགྲོ་བ་ཡིན། དངོས་སྣང་འདི་ཐམས་ཅད་སྒྱུ་མའི་དཔེས་མཚོན་པས་ན།"
730708,735239,4531,"སྒྱུ་མ་མཁན་གྱིས་རྡེའུ་ལ་རྟ་དང་གླང་པོ་མང་པོ་སྤྲུལ།"
735239,737736,2497,"དམག་སྤྲུལ་དགྲ་འདུལ་དེ་འདྲ་བྱེད་རྒྱུ་ཡོད་རེད།"
737736,743655,5919,"དཔེ་དེ་བཞིན་སེམས་ཀྱི་ནུས་མཐུ་ལ་དེ་ལྟར་དུ་མང་པོ་ཞིག་དག་མ་དག་གི་སྣང་བ་བྱེད་ཀྱི་ཡིན།"
743655,747326,3671,"གང་སྣང་ཐམས་ཅད་སྟོང་པ་ཉིད་ཀྱི་རང་བཞིན་དུ་ཤེས་ན།"
747326,751436,4110,"འཁོར་འདས་ཀྱི་སྣང་བ་ཐམས་ཅད་བག་ཆགས་ཀྱིས་འཁྲུལ་པ་ཡིན་པ་ངོ་ཤེས་པ་ཡིན།"
751436,757301,5865,"སྣང་བའི་གཟུགས་བརྙན་དེའི་དཔེས་མཚོན་ཏེ་སེམས་ཉིད་རང་བཞིན་ངོ་སྤྲད།"
757301,760477,3176,"སྣང་བ་འདི་དག་ཐམས་ཅད་དངོས་སུ་བདེན་པ་གྲུབ་པ་མེད་པ་"
760477,763629,3152,"སྟོང་པ་སྣང་སྟོང་ཟུང་འཇུག་གི་ངོ་བོ་སྤྲད་ན་"
763629,766032,2403,"གཟུང་འཛིན་དང་བྲལ་བའི་ཡེ་ཤེས་འདི་ཤེས་པ་ཡིན།"
766032,771369,5337,"དེ་ཕྱིར་ན་ཕྱི་རོལ་དུ་དཔེར་ན། རི་ལས་ས་གཞི་རླན་པ་དང་དྲོད་གཉིས་འཛོམས་འོང་དུས་"
771369,773664,2295,"ན་བུན་ནམ་མཁའ་ལ་དཔེ་མང་བ་བཞིན་དུ།"
773664,777450,3786,"ཕྱི་རོལ་གྱི་སྣང་བ་འདི་ཐམས་ཅད་ཕྱི་རོལ་གྱི་ཡུལ་འདི་དང༌།"
777450,781817,4367,"ནང་གི་སེམས་གཉིས་ཕྲད་དེ་སེམས་ཀྱི་རོལ་པ་ལས་དེ་ལྟར་ཤར་འོང་བ་ཡིན།"
781817,785135,3318,"སེམས་ཀྱི་རོལ་པ་ཤར་ནའང་སྐྱེ་འགག་གནས་གསུམ་དང་བྲལ་བའི་"
785135,788686,3551,"ཡུལ་སྣང་སྟོང་པ་ཉིད་དུ་གྲུབ་ན་སྟོང་ཉིད་ཀྱི་དོན་འདི་རྟོགས་པ་ཡིན།"
788686,792394,3708,"ནམ་མཁའ་ལ་འཇའ་ཚོན་ཤར་ནའང༌། འཇའ་ཚོན་གྱིས་བེད་སྤྱོད་གཏོང་གི་མ་རེད།"
792394,796383,3989,"སྣང་ནི་སྣང་གི་རེད། དཔེ་དེ་བཞིན་དུ་ཕྱི་རོལ་གྱི་སྣང་བ་འདི་ཐམས་ཅད་"
796383,799471,3088,"ཞེན་མེད་དུ་ཤེས་སོང་ན་སེམས་ཀྱི་རྒྱན་དུ་རེད།"
799471,801370,1899,"ནམ་མཁའ་འཇའ་ཚོན་གྱིས་བརྒྱན་པ་ལྟ་བུ་ཡིན།"
801370,805768,4398,"འཇའ་ཚོན་འདི་ཡལ་སོང་ན་ནམ་མཁའ་ལ་ཐིམ་འགྲོ་བ་ལྟར།"
805768,810919,5151,"ཕྱི་རོལ་གཟུང་འཛིན་གྱི་སྣང་བ་འདི་ཡལ་སོང་ནས་བཟུང་སྟེ་ཡེ་ཤེས་ཀྱི་ངང་དུ་གྲོལ་བ་ཡིན།"
810919,814993,4074,"དཔེར་ན་མན་ཤེལ་འཇའ་འོད་འཕྲོ་བའི་ཤེལ་འདི།"
814993,818935,3942,"ཉི་མ་དང་ཟེར་འཕྲད་འོང་ན་གཞི་ནས་འཇའ་འོད་མང་པོ་འཕྲོ་རེད།"
818935,821838,2903,"འཇའ་འོད་འཕྲོ་ནའང་ཤེལ་ཁོ་རང་གི་ཆོ་འཕྲུལ་རེད་དུས།"
821838,824754,2916,"ཤེལ་ཚུར་བསྡུས་བཞག་ན་འཇའ་འོད་ཤུགས་ཀྱིས་བསྡུ་འགྲོ་རྒྱུ་རེད།"
824754,828536,3782,"དེ་ལྟ་བུའི་དཔེས་མཚོན་ཏེ་སེམས་ཀྱི་རང་གདངས་ངོ་སྤྲད་པ་ཡིན།"
828536,832867,4331,"སེམས་ཀྱི་རང་ངོ་སྟོང་པ་ཉིད་དང༌། རང་གདངས་བཟང་ངན་གཉིས་སུ་ཤར་བ་འདི་"
832867,836328,3461,"གཉིས་སུ་མེད་པ་ཡེ་ནས་གྲོལ་བསྡད་ཡོད་མ་གཏོགས་མ་གྲོལ་བའི་ཆོས་མེད།"
836328,840659,4331,"(397) ངོ་སྤྲོད་དྲུག་གི་བསྡུ་བའི་ཆོས་དྲུག་ནི། །དོན་གྱི་ཀུན་གཞི་གཉིས་མེད་རིས་བྲལ་དང༌། །"
840659,844317,3658,"དེ་ལ་འཁྲུལ་སྣང་འཁོར་བའི་རང་བཞིན་དང༌། །འཁྲུལ་སྣང་འཁྲུལ་འཛིན་རང་སེམས་ཆོ་འཕྲུལ་དང༌། །"
844317,848327,4010,"དེ་ལས་བཟློག་པ་གཞི་མེད་རྩལ་སྦྱོང་དང༌། །སྣང་སེམས་རང་ལོག་ཡེ་ཤེས་གྲོལ་བ་དང༌། །"
848327,853158,4831,"ཡེ་ཤེས་རང་དངས་གདོད་མར་བཙན་ས་ཟིན། །འདི་དྲུག་ཆོས་ཀྱི་སྤྱི་ཆིངས་གལ་པོ་ཆེ། །"
853158,855238,2080,"རྟོགས་པ་ཙམ་གྱིས་རང་བཞིན་འཚེངས་པ་ཡིན། །"
855238,860374,5136,"གསུངས་ནས་བཟུང༌། ད་ཡང་སེམས་ཀྱི་གནས་ལུགས་ངོ་སྤྲད་པར་བྱ་བའི་ཆོས་དྲུག་ཡོད།"
860374,862825,2451,"གང་རེད་ཟེར་ན། ཡེ་དོན་གྱི་ཀུན་གཞི་ཟེར་མཁན་འདི།"
862825,866504,3679,"འཁོར་འདས་གང་དུའང་མ་ཕྱེ་བའི་ཐོག་མའི་སྤྱི་གཞི་ཞིག་རེད།"
866504,872035,5531,"དེ་ནི་འཁོར་འདས་གཉིས་སུ་མེད་པ་དང་རྒྱ་ཆད་ཕྱོགས་ལྷུང་དང་བྲལ་བའི་ཕྱོགས་རིས་བྲལ་བ་ཞིག་ཡིན།"
872035,877102,5067,"དེ་རྩལ་དེ་ལས་རིག་པའི་རྩལ་འདི་ཤར་འོང་དུས་རྩལ་དེ་ལ་ཡུལ་དུ་བཟུང༌།"
877102,880156,3054,"ཡུལ་ཅན་ཤེས་པས་ཡུལ་ཡུལ་ཅན་གཉིས་འཛིན་འོང་དུས་དེ་ནས་"
880156,882541,2385,"འཁོར་བའི་འཁྲུལ་སྣང་གི་རང་བཞིན་འདི་ཤར་བ་རེད།"
882541,888530,5989,"འཁྲུལ་སྣང་འདི་ཕ་རྩད་གཅོད་བཞག་ན། འཁྲུལ་སྣང་གིས་ཆགས་སྡང་མི་འཛིན་པ་འདི།"
888530,890115,1585,"རང་གི་སེམས་ཀྱི་ཆོ་འཕྲུལ་ཡིན་མ་གཏོགས།"
890115,892662,2547,"ཕྱི་རོལ་ཡུལ་གྱི་སྟེང་བདེན་པར་གྲུབ་པ་མེད།"
892662,895167,2505,"འཁྲུལ་སྣང་དེ་ལས་བཟློག་བཞག་ནས་བཟུང་སྟེ།"
895167,898942,3775,"འཁྲུལ་སྣང་འདི་སྐྱེ་འགག་གནས་གསུམ་བྲལ་བ་རྨི་ལམ་སྒྱུ་མ་ལྟ་བུ་ཤེས་སོང་ན་"
898942,902199,3257,"སེམས་ཉིད་གཞི་མེད་རྩ་བྲལ་གྱི་སྟེང་དུ་འཐིམ་འགྲོ་བ་ཡིན།"
902199,907995,5796,"དེ་ཡིན་ན་ཕྱི་སྣང་བ་ཡུལ་དང༌། ནང་འཛིན་པའི་སེམས་གཉིས་ཀ་ལ་གཟུང་འཛིན་གྱི་རྟོག་པ་"
907995,910665,2670,"རང་ཤར་དུ་ལུས་ཡེ་ཤེས་སུ་གྲོལ་བ་ཡིན།"
910665,914967,4302,"ཡེ་ཤེས་ཀྱི་ངོ་བོ་འདི་གདོད་མའི་ཆོས་སྐུའི་ངང་གྲོལ་སོང་བ་ཡིན་པས་ན།"
914967,920844,5877,"འདི་དྲུག་ནི་ཆོས་ཀྱི་སྤྱི་ཆིངས་རྫོགས་པ་ཆེན་པོ་གཞིའི་གནས་ལུགས་བསམ་པ་གལ་པོ་ཆེ་ཡིན།"
920844,923527,2683,"དེ་སེམས་ཀྱིས་རྟོགས་པ་ཙམ་རང་བཞིན་འཚེངས་ཏེ།"
923527,926195,2668,"རྟོགས་པ་ཙམ་གྱིས་འཁོར་བའི་འཁྲུལ་སྣང་ཡལ་འགྲོ་བ་ཡིན།"
926195,930227,4032,"(398) ཟབ་དོན་མཐར་ཐུག་སྐུ་གསུམ་ངོ་སྤྲོད་ནི། །རྣམ་པ་དྲུག་ལས་དང་པོ་ལྷུན་གྲུབ་ནི། །"
930227,935480,5253,"ཤེལ་གོང་མེ་ལོང་ཉི་ཟེར་རྣམ་པ་དང༌། །ངང་དངས་རང་བཞིན་བདག་ཉིད་གསུམ་ཉིད་དོ། །"
935480,938917,3437,"ཆོས་སྐུ་རང་བཞིན་རྣམ་པར་དག་པའི་ངང༌། །ཤེལ་གོང་དྲི་མེད་གདོད་ནས་དག་པ་འདྲ། །"
938917,944390,5473,"ལོངས་སྐུ་འདུག་ཚུལ་འོད་གསལ་རང་བཞིན་ཏེ། །མེ་ལོང་དག་པའི་ནང་ན་གཟུགས་བརྙན་འདྲ། །"
944390,948265,3875,"སྤྲུལ་སྐུ་སྣང་ཚུལ་ཕྱི་ནང་མེད་བདག་ཉིད། །ཉི་ཟླའི་ཟེར་བཞིན་ཕྱོགས་བཅུར་འཕྲོ་བ་ཡིན། །"
948265,953459,5194,"འདི་དག་རང་ལ་ཡེ་ནས་ལྷུན་གྲུབ་པས། །གཞན་ནས་མ་ཚོལ་རང་ཆས་ཤེས་པར་གྱིས། །"
953459,958361,4902,"གཉིས་པ་ནོར་བུ་འགག་མེད་ངོ་སྤྲད་པ། །རང་བཞིན་གྱིས་དག་ངོ་བོ་ཆོས་ཀྱི་སྐུ། །"
958361,962916,4555,"འོད་གསལ་མ་འགགས་རང་བཞིན་ལོངས་སྤྱོད་རྫོགས། །ཡེ་ཤེས་མ་འགགས་ཐུགས་རྗེ་སྤྲུལ་པའི་སྐུ། །"
962916,967608,4692,"རང་ཆས་ཉིད་དེ་གྱད་ཀྱི་ནོར་བུ་བཞིན། །གསུམ་པ་ཉི་མ་རང་ཤར་ངོ་སྤྲད་པ། །"
967608,971467,3859,"ཉི་མའི་སྙིང་པོ་ཟང་ཐལ་མི་རྟོག་ལྟར། །རིག་པའི་ཡེ་ཤེས་མི་རྟོག་ཆོས་ཀྱི་སྐུ། །"
971467,976384,4917,"སྤྲིན་གྱིས་མ་བསྒྲིབས་རང་གསལ་དག་པ་བཞིན། །སྒོ་ལྔ་ཧར་སངས་གསལ་བ་ལོངས་སྤྱོད་རྫོགས། །"
976384,982169,5785,"ཟེར་རྣམས་ཀུན་ཏུ་འཆར་ཞིང་སྣང་བ་ལྟར། །ཡུལ་དྲུག་འཆར་བ་མ་འགགས་སྤྲུལ་པའི་སྐུ། །"
982169,986164,3995,"ནམ་ལངས་ཉི་ཤར་འདྲ་བའི་རང་རིག་ལ། །སྐུ་གསུམ་རང་ཆས་རང་ངོ་ཤེས་པར་གྱིས། །"
986164,990837,4673,"བཞི་པ་དབྱིངས་ཤར་ཉི་མས་ངོ་སྤྲད་པ། །མཁའ་ལྟར་རྣམ་དག་ཆོས་ཉིད་ཆོས་སྐུ་ལ། །"
990837,994571,3734,"ཉི་ལྟར་རང་བྱུང་འོད་གསལ་ལོངས་སྤྱོད་རྫོགས། །རང་བཞིན་གཉིས་མེད་རིག་སྟོང་སྤྲུལ་པའི་སྐུ། །"
994571,1000816,6245,"རང་ལ་ཡོད་པ་རང་ངོ་ཤེས་པར་གྱིས། །ལྔ་པ་དཔེ་དོན་རྟགས་གསུམ་ངོ་སྤྲད་པ། །"
1000816,1005030,4214,"དཔེ་ནི་མཁའ་ལྟར་རྣམ་དག་ཆོས་ཀྱི་སྐུ། །རྒྱ་ཆད་ཕྱོགས་ལྷུང་ཀུན་ལས་འདས་པ་ཡིན། །"
1005030,1009751,4721,"དོན་ནི་འོད་གསལ་རང་དག་ལོངས་སྤྱོད་རྫོགས། །ཡེ་ནས་ལྷུན་གྲུབ་འདུས་མ་བྱས་པ་ཡིན། །"
1009751,1013651,3900,"རྟགས་ནི་རང་འོད་ངོས་སྣང་སྤྲུལ་པའི་སྐུ། །སྒྲོན་མ་རང་གསལ་ཡིད་ཆེས་བསྐྱེད་པ་ཡིན། །"
1013651,1017431,3780,"དྲུག་པ་དབྱིངས་རིག་མཐར་ཐུག་སྤྲད་པ་ནི། །མཁའ་ལྟར་ཆོས་དབྱིངས་ཀ་དག་ཆོས་ཀྱི་སྐུ། །"
1017431,1023431,6000,"དབྱིངས་ལྟར་འདུག་ཚུལ་འོད་གསལ་ལོངས་སྤྱོད་རྫོགས། །ཕྱོགས་དང་བྲལ་ལྟར་རིག་སྟོང་སྤྲུལ་པའི་སྐུ། །"
1023431,1028635,5204,"རང་རིག་ངང་འདིར་ཡེ་ནས་གྲུབ་ཟིན་པས། །གཞན་དུ་མ་ཚོལ་རྙེད་པའི་དུས་མེད་དོ། །"
1028635,1035571,6936,"དེ་ལྟར་མ་ཤེས་རྡོ་བ་གསེར་སྒྲུབ་དང༌། །དམུས་ལོང་གསེར་ཚོལ་ཉི་མ་སྤྲིན་བསྒྲིབས་དང༌། །"
1035571,1039887,4316,"རྐང་མེད་སྐས་འཛེག་ལོང་བས་ལྷ་ཁང་ཕྱིན། །མུན་ནག་ཟླ་ཤར་ལྟ་བུར་འགྲོ་བ་སྟེ། །"
1039887,1043810,3923,"གསལ་གསལ་འདྲ་ཡང་མ་རིག་བག་ཞར་ཡོད། །དེ་བས་མ་ནོར་ལེགས་པར་ཐག་བཅད་ནས། །"
1043810,1046092,2282,"སེམས་ཉིད་དོན་ལ་བརྟན་པ་ཐོབ་པ་གཅེས། །"
1046092,1055756,9664,"གསུངས་ནས་བཟུང༌། ཟབ་དོན་མཐར་ཐུག་སྐུ་གསུམ་དུ་ངོ་སྤྲོད་པ་ལས་"
1055756,1061488,5732,"ནང་གསེས་ཀྱི་རྣམ་པ་དྲུག་ཡོད་པས། དང་པོ་ལྷུན་གྲུབ་ཀྱི་ངོ་བོ་ངོ་སྤྲོད་པ་ཡིན་དུས།"
1061488,1067550,6062,"དཔེར་ན་ཤེལ་གྱི་གོང་བུ་འདི་དང་གཅིག །མེ་ལོང་དངས་པ་རུ་གཉིས་ཉི་མ་ཤར་བསྡད་ཡོད་ན་"
1067550,1071512,3962,"དེ་ལ་ཉི་མའི་ཟེར་གྱིས་ཤེལ་གོང་དང་མེ་ལོང་གཉིས་ཀ་ལ་འཇའ་ཤར་བ་བཞིན།"
1071512,1076496,4984,"རིག་པའི་རང་དངས་འཁོར་འདས་ལམ་གསུམ་གྱི་སྣང་བ་ཤར་ནའང་"
1076496,1080069,3573,"ངོ་བོ་རང་བཞིན་ཐུགས་རྗེ་གསུམ་གྱི་བདག་ཉིད་འདི་ཡིན།"
1080069,1083915,3846,"ཆོས་ཀྱི་སྐུའི་ངོ་བོ་འདི་དཔེར་ན། ཤེལ་གོང་མེ་ལོང་གང་ཡིན་ན་ཡང་"
1083915,1088694,4779,"དག་ཅིང་གསལ་བ་མ་གཏོགས་སྒྲིབ་གཡོགས་མེད་པ་རེད་དུས།"
1088694,1095083,6389,"དེ་ཕྱིར་ན་ཤེལ་གོང་དྲི་མ་དག །གདོད་ནས་ཆོས་སྐུའི་ངོ་བོ་ལ་གློ་བུར་གྱི་དྲི་མས་མ་གོས་པ་ཡིན།"
1095083,1097550,2467,"དེ་ནས་ལོངས་སྐུ་ཡེ་ཤེས་ལྔ་ལྡན་གྱི་འདུག་ཚུལ་འདི་"
1097550,1100001,2451,"འོད་གསལ་བའི་རང་བཞིན་མེ་ལོང་ལྟ་བུ་ཡིན།"
1100001,1103472,3471,"མེ་ལོང་དག་པའི་ནང་ལ་གཟུགས་བརྙན་ཤར་བ་ལྟ་བུ་འདི་སྤྲུལ་སྐུ་ཡིན་པས་"
1103472,1108447,4975,"སྣང་ཚུལ་དེ་གསུམ་ཀ་ཕྱི་དང་ནང་གང་དུ་མེད་པ་ཐམས་ཅད་ཁྱབ་པའི་བདག་ཉིད།"
1108447,1114090,5643,"ཉི་ཟླའི་འོད་ཟེར་བཞིན་དུ་དག་པ་དང་མ་དག་པ་གདུལ་བྱའི་སྣང་བ་ཕྱོགས་བཅུ་རུ་འཕྲོ་བ་ཡིན།"
1114090,1116881,2791,"འདི་དག་རང་ལ་ཡེ་ནས་ལྷུན་གྱིས་གྲུབ་བསྡད་ཡོད་མ་གཏོགས།"
1116881,1125519,8638,"སྔར་མེད་གསར་དུ་འཚོལ་བ་མ་ཡིན་པས་གཞན་ནས་མ་ཚོལ་"
1125519,1128404,2885,"རང་ལ་རང་ཆས་སུ་ཡོད་པ་ཤེས་པར་གྱིས།"
1128404,1131767,3363,"གཉིས་པ་ནོར་བུ་འགག་མེད་དུ་ངོ་སྤྲད་པ་ནི།"
1131767,1134867,3100,"ནོར་བུ་འདི་ཉིད་རང་བཞིན་གྱིས་ཤེལ་ལྟར་དངས་པ་ཞིག་ཡིན་རྒྱུ་རེད།"
1134867,1138038,3171,"དེ་ཕྱིར་ན་རང་བཞིན་གྱིས་དག་པ་ངོ་བོ་ཆོས་སྐུ་ཡིན།"
1138038,1142563,4525,"ནོར་བུ་དེ་ལས་འོད་ཟེར་མང་པོ་འཕྲོ། འོད་ཟེར་དེ་སྒྲོམ་གྱི་ནང་བཅུག་བཞག་ན་"
1142563,1146306,3743,"འོད་ཟེར་འགག་པ་ཡོད་མ་རེད་དུས། དེ་རང་བཞིན་ལོངས་སྤྱོད་རྫོགས་སྐུ་ཡིན།"
1146306,1149173,2867,"དེ་ནས་འོད་ཟེར་འདི་ཐམས་ཅད་ལ་ཁྱབ་འགྲོ་དུས་"
1149173,1151628,2455,"ཡེ་ཤེས་མ་འགགས་པ་ཐུགས་རྗེ་སྤྲུལ་པའི་སྐུ་ཡིན།"
1151628,1156103,4475,"སྐུ་གསུམ་གྱི་འོད་ཟེར་དེ་དག་ཐམས་ཅད་ཡེ་ནས་ཡོད་པ་རེད་མ་གཏོགས།"
1156103,1158794,2691,"གསར་དུ་སྒྲུབ་མི་དགོས་པས་རང་ཆས་ཉིད་དེ་ཡིན་པའི་ཕྱིར།"
1158794,1162164,3370,"གྱད་སྟོབས་པོ་ཆེའི་ཁོག་པ་ལ་ནོར་བུ་ཡོད་དུས་སྟོབས་པོ་ཆེ་འདི་"
1162164,1164827,2663,"གཞན་དང་མ་འདྲ་བའི་ཤུགས་ཆེན་པོ་ཡོད་པ་ལྟ་བུ་ཡིན།"
1164827,1168156,3329,"གསུམ་པ་ཉི་མ་ཤར་ན་ཉི་མ་ཁོ་རང་གི་འོད་ཀྱིས་"
1168156,1170903,2747,"གླིང་བཞི་ཐམས་ཅད་རང་གིས་རང་ཤར་འགྲོ་རེད།"
1170903,1175091,4188,"དེ་ནས་ཉི་མ་དེ་ཉིད་ཀྱི་སྙིང་པོ་འདི་ཀུན་ལ་ཁྱབ་སོང་བས་ཟང་ཐལ།"
1175091,1181094,6003,"ཉི་མའི་འོད་ཟེར་འདི་བཟང་པོ་རིའི་རྩེ་ལ་སོགས་མཐོ་ས་གཙང་ས་ལ་འཕོག་དགོས།"
1181094,1183747,2653,"མ་དམའ་ས་མི་གཙང་བ་ལ་སོགས་འཕོག་མི་འོང་"
1183747,1186869,3122,"བསམ་རྒྱུའི་རྣམ་པར་རྟོག་པ་ཡོད་རྒྱུ་མ་རེད་དུས།"
1186869,1191432,4563,"རིག་པའི་ཡེ་ཤེས་མི་རྟོག་པ་ཆོས་ཀྱི་སྐུ། ཉི་མ་སྤྲིན་གྱིས་མ་བསྒྲིབས་ན་"
1191432,1198749,7317,"རང་གསལ་བ་དག་པ་བཞིན་དུ་མིག་རྣ་བ་སྣ་ལྕེ་ལུས་ཀྱི་སྒོ་ལྔ་པོ་དེ་དག་ཐམས་ཅད་"
1198749,1200846,2097,"ཡུལ་གྱི་སྟེང་དུ་ཕར་ཆགས་སྡང་མ་ཤོར་ན་"
1200846,1203240,2394,"ཧར་སངས་གསལ་བ་འདི་ལོངས་སྤྱོད་རྫོགས་སྐུ་ཡིན།"
1203240,1208452,5212,"ཟེར་རྣམས་ཟེར་ཉི་མ་འདི་ལ་ཟེར་ཡོད་པ་བཞིན་དུ་ཀུན་ཏུ་འཆར་ཞིང་སྣང་བ་ལྟར་དུ།"
1208452,1212859,4407,"ཡུལ་དྲུག་པོ་ལ་རིག་པའི་རྩལ་འདི་འཆར། འཆར་བ་འདི་ཡུལ་ཕར་འགག་མི་དགོས།"
1212859,1216642,3783,"ཡུལ་མ་འགགས་ན་རིག་པའི་གསལ་འདེབས་སུ་འོང་རྒྱུ་ཡིན་པས་སྤྲུལ་པའི་སྐུ་ཡིན།"
1216642,1220494,3852,"ནམ་ལངས་ན་ཉི་མ་ཤར་བ་ལྟར་རང་གི་རིག་པ་འདི་"
1220494,1224871,4377,"བླ་མའི་མན་ངག་གིས་རྟོགས་ནས་མཐོང་ན་སྐུ་གསུམ་རང་ཆས་སུ་ཤར་བར་འགྱུར་བ་ཡིན།"
1224871,1230702,5831,"སྐུ་གསུམ་རང་ཆས་སུ་ཤར་བ་དེའང་ཆོས་དབྱིངས་སྤྲོས་པ་དང་བྲལ་བ་ལ་ཤར་བ་ཡིན།"
1230702,1233137,2435,"ཉི་མའི་བརྡ་ཡིས་ངོ་སྤྲད་པར་བྱེད་པ་ནི།"
1233137,1238244,5107,"ནམ་མཁའ་ལྟར་དུ་རྣམ་པར་དག་པའི་ཆོས་ཉིད་ཀྱི་ངོ་བོ་ཆོས་སྐུ་དེ།"
1238244,1241789,3545,"ཉི་ཟླ་ལྟར་རང་བྱུང་འོད་གསལ་བས་ལོངས་སྤྱོད་རྫོགས་པའི་སྐུ་ཡིན།"
1241789,1246664,4875,"ནམ་མཁའ་དང་ཉི་ཟླ་གཉིས་སྟོང་གསལ་ཟུང་འཇུག་ཡིན་པ་ལྟར་དུ་"
1246664,1249097,2433,"རང་བཞིན་གཉིས་མེད་ཀྱི་རིག་སྟོང་སྤྲུལ་པའི་སྐུ་ཡིན།"
1249097,1255150,6053,"དེ་སྐུ་གསུམ་པོ་འདི་རང་ལ་ཡོད་པ་རང་གིས་ངོ་ཤེས་དགོས། མ་ཤེས་ན་ཕན་པ་མེད།"
1255150,1257739,2589,"ལྔ་པ་དཔེ་དོན་རྟགས་གསུམ་གྱི་སྒོ་ནས་ངོ་སྤྲད་པ།"
1257739,1260997,3258,"གཞི་མ་བཅོས་པའི་གནས་ལུགས་དཔེ་འདི་གང་འདྲ་ཡིན་ཟེར་ན།"
1260997,1264825,3828,"ནམ་མཁའ་ལྟ་བུ་རྣམ་པར་དག་པ། རྒྱ་ཆེ་བ། ཡངས་པ།"
1264825,1267837,3012,"དངོས་པོ་ཕྱོགས་ལྷུང་མེད་པ་ཞིག་ཡོད་དེ་ཆོས་ཀྱི་སྐུ་ཡིན།"
1267837,1270946,3109,"ཆོས་སྐུ་འདི་འཁོར་འདས་ཐམས་ཅད་ཁྱབ་སོང་རེད་མ་གཏོགས།"
1270946,1276272,5326,"ཁ་ཤས་ལ་ཁྱབ། ཁ་ཤས་ལ་མ་ཁྱབ་པ་མིན་པ་རྒྱ་ཆད་ཕྱོགས་ལྷུང་དང་བྲལ་བ།"
1276272,1279739,3467,"འཁོར་འདས་ཐམས་ཅད་ལ་ཁྱབ་ཀྱང་འཁོར་འདས་ཀུན་ལས་འདས་སོང་བ་མ་གཏོགས།"
1279739,1282201,2462,"འཁོར་འདས་གང་གི་ཕྱོགས་སུའང་གཏོགས་པ་མེད།"
1282201,1286141,3940,"དེའི་དོན་ནི་འོད་གསལ་བ་རང་བཞིན་གྱིས་དག་པའི་ཡེ་ཤེས་ལྔ་འདི་"
1286141,1290189,4048,"ཡེ་ནས་ལྷུན་གྱིས་གྲུབ་པ་ཡིན། ལོངས་སྤྱོད་རྫོགས་པའི་སྐུའི་གོ་འཕང་ཐོབ་པ་ཡིན།"
1290189,1293331,3142,"ཡེ་ནས་ལྷུན་གྲུབ་འདུས་མ་བྱས་པ་ཆོས་ཀྱི་ངོ་བོ་འདི་"
1293331,1297008,3677,"གསར་དུ་བཟོ་མི་དགོས་པ་ཡེ་ནས་ལྷུན་གྱིས་གྲུབ་པ་ཡིན།"
1297008,1305012,8004,"དེ་ལྟར་ཡིན་པའི་རྟགས་དེ་ནི་གང་རེད་ཟེར་ན། ནོར་བུ་ཡོད་ན་འོད་ཟེར་ཡོད་པ་བཞིན་དུ།"
1305012,1309740,4728,"རང་ངོས་ནས་བཟུང་སྟེ་འོད་གསལ་བ་འགག་པ་མེད་འདི་སྤྲུལ་པའི་སྐུ་ཡིན།"
1309740,1312873,3133,"འོད་གསལ་བ་དེ་ཡང་གསར་དུ་བཟོ་དགོས་མ་རེད།"
1312873,1316482,3609,"དཔེར་ན་སྒྲོན་མེ་ཞིག་འབྱུང་ན་ཁང་པའི་མུན་པ་ཐམས་ཅད་སེལ་འགྲོ་རྒྱུ་རེད་དུས།"
1316482,1318401,1919,"དཔེ་དེ་ལྟ་བུ་འོད་གསལ་བའི་གནས་ལུགས་འདི་"
1318401,1323584,5183,"སོ་སོ་རང་རིག་པའི་ཡེ་ཤེས་ཀྱིས་ཤར་འོང་ན་རང་ཤུགས་ཀྱིས་ཡིད་ཆེས་བསྐྱེད་པ་ཡིན།"
1323584,1325925,2341,"དྲུག་པ་དབྱིངས་རིག་མཐར་ཐུག་ངོ་སྤྲད་པ་ནི།"
1325925,1328979,3054,"གཞི་སྟོང་པའི་ཆ་ནས་བྱས་ན་མཁའ་ལྟར་དུ་"
1328979,1331591,2612,"ཆོས་དབྱིངས་ཀ་ནས་དག་པ་ཡིན་པས་དེ་ཆོས་སྐུ་ཡིན།"
1331591,1336952,5361,"དེ་ཆོས་སྐུ་ངོ་བོ་འདི་སྟོང་པ་སྟོང་རྐྱང་མ་ཡིན་པ་དབྱིངས་སྣང་ཆ་ནས་བྱས་ན་"
1336952,1341522,4570,"འོད་གསལ་བའི་རང་བཞིན་ཡེ་ཤེས་ལྔ་དང་ལྡན་པ་ཡིན་པས་ལོངས་སྤྱོད་རྫོགས་སྐུ་ཡིན།"
1341522,1346750,5228,"དེ་སྣང་སྟོང་འདི་གཉིས་པོ་ཕྱོགས་རིས་དང་བྲལ་བས་རིག་སྟོང་སྤྲུལ་པའི་སྐུ་ཡིན།"
1346750,1351461,4711,"རང་གི་རིག་པ་འདི་རང་ལ་ཡེ་ནས་ཡོད་པར་ཤེས་པ་གྲུབ་ཟིན་པ་ཡིན་པས་ན་"
1351461,1356404,4943,"གཞན་དུ་མ་ཚོལ་མ་གཏོགས་གཞན་དུ་འཚོལ་ན་ཤེས་པའི་དུས་མེད།"
1356404,1363032,6628,"དེ་ལྟར་མ་ཤེས་ནས་བཟུང་སྟེ་དཔེར་ན་རྡོ་བོང་ཞིག་གསེར་རེད་འོང་བསམ་"
1363032,1368503,5471,"མེ་ལ་བསྲེག་སྟེ་ཁོ་རྡོ་བ་རེད་ཚར་དུས། གསེར་ཡོད་རྒྱུ་མ་རེད་དཔེ་དེ་ལྟ་བུ་དང༌།"
1368503,1373426,4923,"དམུས་ལོང་ཟེར་ནས་མའི་ཁོག་པ་ནས་མིག་ལོང་སོང་བ་ཞིག་ཡིན་ན།"
1373426,1377162,3736,"དེས་གསེར་མང་པོ་ཞིག་རུག་དགོས་བསམ་བཙལ་ན་མིག་གིས་མཐོང་གི་མ་རེད།"
1377162,1379929,2767,"ནུས་པ་ཡོད་རྒྱུ་མ་རེད་དུས་དེ་བཞིན་དུ་ཉི་བསྒྲིབས་དང༌།"
1379929,1383464,3535,"རྐང་པ་མེད་པའི་གང་ཟག་ཅིག་སྐས་ཐོག་ནས་འགྲོ་དུས་"
1383464,1388094,4630,"ཁང་པའི་སྟེང་དུ་འགྲོ་དགོས་བསམ་ན་ཐར་མི་སྲིད་པ་རེད་དུས།"
1388094,1394976,6882,"དེ་ཕྱིར་ན་མུན་ནག་གི་ནང་དུ་ཟླ་བ་བྱུང་ན་ཟླ་བ་དེས་ཐམས་ཅད་ཤར་འོང་དུས་འགྲོ་བ་ལྟ་བུ་སྟེ།"
1394976,1403184,8208,"གསལ་གསལ་དྲ་ཡང་མ་རིག་བག་ཞར་ཡོད། །ཟེར་གསལ་གསལ་འདྲ་ནའང་"
1403184,1407756,4572,"མ་རིག་པ་བག་ལ་ཞར་བ་ཡོད་པས་ན། དེ་བས་གཞི་མ་ནོར་བ་ལེགས་པར་ཐག་བཅད།"
1407756,1410944,3188,"སེམས་ཉིད་ཀྱི་དོན་ལ་བརྟན་པ་ཐོབ་པ་གཅེས་པ་ཡིན།"
1410944,1415418,4474,"(399) མཉམ་རྗེ་འབྲལ་མེད་དགོངས་པ་རྣམ་དྲུག་ནི། །དཔེ་རྣམས་དྲུག་གིས་ཤེས་པར་བྱ་བ་ལས། །"
1415418,1419260,3842,"དང་པོ་བར་སྣང་བ་སེར་བུའི་དཔེས་མཚོན་ནས། །གསལ་དག་ཡེ་ཤེས་ནམ་མཁའ་ལྟ་བུའི་ངང༌། །"
1419260,1426715,7455,"འགྱུ་བ་དག་གྲོལ་རང་དངས་ཉམས་སུ་བླང༌། །ཟང་ཐལ་འཛིན་མེད་ཉམས་སུ་མྱོང་བ་ཡིན། །"
1426715,1430696,3981,"དེ་ལྟར་མ་ཤེས་རྩེ་གཅིག་ཏིང་འཛིན་ནི། །མར་མེ་རླུང་གིས་བསྐྱོད་བཞིན་རྐྱེན་མི་ཐུབ། །"
1430696,1439098,8402,"གཉིས་པ་ནམ་ལངས་ཉི་ཤར་དཔེས་མཚོན་ནས། །ངང་དངས་གསལ་འགྲིབ་མཐའ་བྲལ་ཉམས་སུ་བླང༌། །"
1439098,1445548,6450,"རང་དག་གསལ་དངས་ཡེ་ཤེས་མྱོང་བ་ཡིན། །དེ་ལྟར་མ་ཤེས་རིམས་ནད་ཐེབས་པ་ལྟར། །"
1445548,1454204,8656,"བྱིང་རྨུགས་འཕྲོ་རྒོད་གནས་ལུགས་དོན་ལ་སྒྲིབ། །གསུམ་པ་རླུང་མེད་མར་མེའི་དཔེས་མཚོན་ནས། །"
1454204,1459231,5027,"སྣང་སེམས་གཡོ་འགུལ་མེད་པར་ཉམས་སུ་བླང༌། །མ་བཅོས་མཉམ་པ་ཆེན་པོ་མྱོང་བ་ཡིན། །"
1459231,1464152,4921,"དེ་ལྟར་མ་ཤེས་བུ་ཆུང་ངན་པ་ལྟར། །ཐུན་མཚམས་བསྒོམས་པས་དགོས་དུས་མི་བསྟོངས་ཉིད། །"
1464152,1471513,7361,"བཞི་པ་ནམ་མཁའ་ཀློང་ཡངས་དཔེས་མཚོན་ནས། །གསལ་ཁྱབ་མཐའ་སྟོང་ཕྱམ་གདལ་ཉམས་སུ་བླང༌། །"
1471513,1475298,3785,"རེ་དོགས་འཛིན་གྲོལ་དགོངས་པ་ཉམས་སུ་མྱོང༌། །དེ་ལྟར་མ་ཤེས་བྱ་བྲན་གཤོག་ཆག་གིས། །"
1475298,1480456,5158,"མཁའ་ལ་འཕུར་བཞིན་བརྩོན་འགྲུས་གཡང་སར་ལྷུང༌། །ལྔ་པ་རྒྱ་མཚོ་རྦ་རླབས་དཔེས་མཚོན་ནས། །"
1480456,1484445,3989,"རང་བྱུང་ཀློང་ཐིམ་ངང་དུ་ཉམས་སུ་བླང༌། །སྐྱེ་འགག་གནས་གསུམ་ཆོས་ཉིད་ཀློང་འདྲེས་མྱོང༌། །"
1484445,1492223,7778,"དེ་ལྟར་མ་ཤེས་གཞི་ལ་གཉིས་བཟུང་ན། །དགག་སྒྲུབ་གཟུང་འཛིན་ཡུལ་དང་འབྲལ་མི་ནུས། །"
1492223,1496447,4224,"དྲུག་པ་ཆུ་ཕྲན་རྒྱ་མཚོ་དཔེས་མཚོན་ནས། །རྟོག་ཚོགས་སེམས་ཉིད་ངང་འདུས་ཉམས་སུ་བླང༌། །"
1496447,1500757,4310,"དུ་མ་རོ་གཅིག་ཐིག་ལེ་ཉག་གཅིག་མྱོང༌། །དེ་ལྟར་མ་ཤེས་ཡུངས་ཀར་པང་འཐོར་ལྟར། །"
1500757,1505864,5107,"རྟོག་པའི་རྣམ་གྲངས་སྙིང་པོས་འདུལ་མི་ནུས། །དེ་འདྲའི་མན་ངག་གནད་དུ་བསྣུན་ཤེས་ན། །"
1505864,1510367,4503,"ཆུ་བོ་རྒྱུན་གྱི་རྣལ་འབྱོར་ཆེན་པོ་ཡིན། །དེ་ལྟར་མ་ཤེས་ཆུ་ཕྲན་སྐམ་པ་ལྟར། །"
1510367,1512713,2346,"ལྟ་སྒོམ་སྤྱོད་པས་རྐྱེན་མི་ཐུབ་པ་ཡིན། །"
1512713,1518887,6174,"གསུངས་ནས་བཟུང་སྟེ་ད་འདི་ཡང༌། མཉམ་རྗེས་འདུ་འབྲལ་མེད་པ་"
1518887,1523106,4219,"མཉམ་བཞག་གི་ཉམས་མྱོང་དང་རྗེས་ཐོབ་གཉིས་ཁྱད་པར་མེད་པ་སྡོད་པ་ནི།"
1523106,1526955,3849,"དཔེ་དྲུག་གི་སྒོ་ནས་ཤེས་པར་བྱ་བ་ལས། དང་པོ་དཔེར་ན་བར་སྣང་དུ་"
1526955,1530562,3607,"བསེར་བུ་རླུང་འདི་གཡོ་ཡོང་དུས་བར་སྣང་ལ་ཡངས་དོག་འགྲོ་ཡི་མ་རེད།"
1530562,1537073,6511,"རླུང་ལའང་ཐོགས་པ་མེད་པ་བཞིན། རིག་པའི་རང་རྩལ་གསལ་དག་ཡེ་ཤེས་ནམ་མཁའ་ལྟ་བུའི་ངང་དུ།"
1537073,1540888,3815,"རྣམ་རྟོག་གིས་འགྱུ་བ་བྱས་ནའང་རྣམ་རྟོག་རང་གྲོལ་དུ་འགྲོ་བ་མ་གཏོགས་"
1540888,1544049,3161,"རྣམ་རྟོག་གིས་ལས་བསག་རྒྱུ་མ་རེད་དུས་རང་དངས་སུ་ཉམས་སུ་བླང༌།"
1544049,1549870,5821,"ཡེ་ཤེས་དེ་ཉིད་ཀུན་ལ་ཁྱབ་སྟེ་ཟང་ཐལ་བ་དང༌། དེ་ལ་གསལ་དུ་གཏོང་"
1549870,1552424,2554,"བསམ་རྒྱུའི་འཛིན་པ་མེད་པ་ཉམས་སུ་མྱོང་བ་ཡིན།"
1552424,1556929,4505,"དེ་གསལ་སྟོང་འཛིན་མེད་དུ་མ་ཤེས་ན་ཞི་གནས་རྩེ་གཅིག་པའི་ཏིང་ངེ་འཛིན་དེ་ནི་"
1556929,1559286,2357,"མར་མེ་རླུང་གིས་བསྐྱོད་པ་བཞིན་དུ་ཡིན་པས་ན།"
1559286,1563297,4011,"ཞི་གནས་ཀྱིས་དཔེར་ན་ཉོན་མོངས་པ་མགོ་གནོན།"
1563297,1565367,2070,"ལྷག་མཐོང་གིས་དྲུང་ནས་འབྱིན་དགོས་རྒྱུ་རེད།"
1565367,1569791,4424,"ལྷག་མཐོང་མེད་ན་ཉོན་མོངས་དྲུང་ནས་འབྱིན་མི་ཐུབ་པས་རྐྱེན་མི་ཐུབ།"
1569791,1573309,3518,"གཉིས་པ་ནམ་ལངས་ན་ཉི་མ་རང་ཤུགས་ཀྱིས་ཤར་བ་ལྟར་དུ་"
1573309,1577309,4000,"སེམས་ཉིད་ཀྱི་རང་དངས་གསལ་འགྲིབ་མེད་པ་མཐའ་བྲལ་འདི་ཤར་འོང་ན།"
1577309,1579618,2309,"དེ་རྩེ་གཅིག་ཏུ་ཉམས་སུ་བླང་བ་ཡིན།"
1579618,1583738,4120,"རང་དག་གསལ་དངས་ཡེ་ཤེས་ཉམས་མྱོང་གི་སྒོ་ནས་ངོ་སྤྲད་པ་ཡིན།"
1583738,1589180,5442,"དེ་ཕྱིར་རང་དག་གསལ་དངས་ཀྱི་ཡེ་ཤེས་འདི་མ་ཤེས་ན་རིམས་ནད་ཀྱིས་ཐེབས་པའི་སྐྱེས་བུ་ལྟར་དུ།"
1589180,1592664,3484,"རེས་འགའ་བྱིང༌། རེས་འགའ་རྨུགས། རེས་འགའ་རྣམ་རྟོག་འཕྲོ།"
1592664,1595919,3255,"རེས་འགའ་རྒོད་གནས་ལུགས་ཀྱི་དོན་མཐོང་བའི་དུས་མེད།"
1595919,1601161,5242,"གསུམ་པ་རླུང་མེད་པའི་མར་མེའི་དཔེས་མཚོན་ནས། སྣང་སེམས་གཡོ་འགུལ་མེད་ཟེར།"
1601161,1605759,4598,"ཕྱི་རོལ་གྱི་སྣང་བ་དང༌། སེམས་ནང་གི་རིག་པ་གཡོ་འགུལ་མེད་པ་ཉམས་སུ་བླང༌།"
1605759,1610254,4495,"མ་བཅོས་མཉམ་པ་ཆེན་པོའི་གནས་ལུགས་འདི་ཉམས་སུ་མྱོང་བ་ཡིན།"
1610254,1615980,5726,"མཉམ་པ་ཆེན་པོ་དེ་ལྟར་མ་ཤེས་ན་ནི་བུ་ཆུང་ངན་པ་སྟེ་"
1615980,1618763,2783,"རིགས་དམན་པའི་པུ་གུ་སྐྱག་ལང་ཤོར་སོང་བ་ལྟར་དུ།"
1618763,1621151,2388,"ཐུན་མཚམས་བསྒོམས་པས་དགོས་པའི་དུས་སུ་"
1621151,1624318,3167,"གཉེན་པོས་མི་སླེབས་པས་མི་བསྟོངས་པ་ཉིད་ཡིན།"
1624318,1628724,4406,"བཞི་པ་དེའི་ཏིང་ངེ་འཛིན་འདི་ནམ་མཁའ་ཀློང་རྒྱ་ཆེ་བ་ལྟ་བུའི་དཔེས་མཚོན་ནས།"
1628724,1632231,3507,"གསལ་ཁྱབ་མཐའ་སྟོང་ཕྱམ་གདལ་གྱིས་ཉམས་སུ་བླང་བ་ཡིན།"
1632231,1637540,5309,"དེ་ལྟར་གསལ་ཁྱབ་མཐའ་སྟོང་ཕྱམ་གདལ་ཉམས་སུ་ལེན་ཤེས་ན།"
1637540,1640393,2853,"རེ་དོགས་ཀྱི་འཛིན་པ་བྲལ་བའི་དགོངས་པ་ཉམས་སུ་མྱོང་བ་ཡིན།"
1640393,1643294,2901,"དེ་ལྟར་མ་ཤེས་ན་བྱ་གཤོག་པ་ཆག་སོང་བ་ཞིག་གིས་"
1643294,1645467,2173,"ནམ་མཁའི་མཐའ་སྐོར་བསམ་འཕུར་བསྡད་ན།"
1645467,1648392,2925,"ཁོ་རང་དཀའ་ངལ་ཆེ་བ་མ་གཏོགས་སླེབ་རྒྱུ་མ་རེད་དུས།"
1648392,1655193,6801,"མཐའ་མ་དེ་ཕྱིར་ན་བརྩོན་འགྲུས་གཡང་ལ་ལྷུང་སོང་དུས་"
1655193,1658045,2852,"ལམ་མཐར་མ་ཕྱིན་འགྱོད་པས་གདུང་དགོས་པ་ཡིན།"
1658045,1662338,4293,"ལྔ་པ་རྒྱ་མཚོ་ནས་རྦ་རླབས་ཤར་ན་རྒྱ་མཚོ་ཁོ་རང་ལས་རྦ་རླབས་གཞན་དུ་མེད་པ་བཞིན།"
1662338,1670126,7788,"རང་བྱུང་ཡེ་ཤེས་ཀྱི་རྩལ་ལས་ཅི་ཤར་འོང་ན་རིག་པའི་རང་རྩལ་ཡིན་པ་ཉམས་སུ་བླང་སྟེ།"
1670126,1673931,3805,"དེ་ཉམས་སུ་ལེན་ཐུབ་ན་རིག་པའི་ངོ་བོ་སྟོང་པ་ཡིན་པ་བཞིན་དུ་"
1673931,1678167,4236,"རང་གདངས་ཀྱི་སྣང་བ་དེ་ཡང་སྐྱེ་འགག་གནས་གསུམ་དང་བྲལ་བའི་ཆོས་ཉིད་ཀྱི་ཀློང་དུ་འདྲེས་དགོས།"
1678167,1682877,4710,"དེ་ལྟར་མ་ཤེས་ན། གཞི་ལས་དེ་ངོ་ཤེས་མཁན་གཅིག །"
1682877,1686025,3148,"ཤེས་ཡུལ་གཅིག་ཡུལ་དང་ཡུལ་ཅན་གཉིས་སུ་བཟུང་ན་"
1686025,1688674,2649,"དགག་སྒྲུབ་གཟུང་འཛིན་དང་འབྲལ་བར་མི་ནུས།"
1688674,1692862,4188,"དྲུག་པ་ཆུ་ཕྲན་ཐམས་ཅད་མཐའ་ཡས་རྒྱ་མཚོའི་ཆེད་དུ་རྩོལ་མི་དགོས་པ་"
1692862,1695798,2936,"ངང་ཤུགས་ཀྱིས་འབབ་པ་ལྟར་དུ། འཁྲུལ་པའི་རྟོག་ཚོགས་ཐམས་ཅད་"
1695798,1700657,4859,"སེམས་ཉིད་ཀྱི་ངང་དུ་འདུས་ཏེ་ཉམས་སུ་བླང་ན། ལྟ་སྒོམ་དུ་མ་རོ་གཅིག་ཟེར།"
1700657,1703626,2969,"ལྟ་བ་སྒོམ་པ་སྤྱོད་པ་ལྟ་བུ་མང་པོ་བཤད་བསྡད་ནའང་"
1703626,1707047,3421,"དོན་ལ་ཆོས་ཉིད་གཅིག་ལ་ཕྱེ་བ་མ་གཏོགས་ལོགས་སུ་གྱུར་པ་མེད།"
1707047,1712448,5401,"གཞི་ལམ་འབྲས་ཕྱིར་ཡིན་ན་དེ་ཡིན་པས་ན་ངོ་བོ་རོ་གཅིག་ཐིག་ལེ་ཉག་གཅིག་མྱོང༌།"
1712448,1715200,2752,"དེ་ལྟར་མ་ཤེས་ན་ཡུངས་ཀར་མང་པོ་ཞིག་གཡུག་བཞག་ཡོད་ན་"
1715200,1718113,2913,"དེ་ལ་རྒྱུག་པ་ཞིག་ཞུས་བཞག་ན། ཕྱོགས་ཐམས་ཅད་ལ་འཐོར་འགྲོ་"
1718113,1722495,4382,"བདག་པོ་སྤྲད་རྒྱུ་ཡོད་མ་རེད་དུས་དེ་ཡིན། རྟོག་པའི་རྣམ་གྲངས་སྙིང་པོས་འདུལ་མི་ནུས།"
1722495,1727053,4558,"དེ་འདྲའི་མན་ངག་གནད་དུ་བསྣུན་ཤེས་ན། །ཆུ་བོ་རྒྱུན་གྱི་རྣལ་འབྱོར་ཆེན་པོ་ཡིན། །"
1727053,1729552,2499,"དེ་ལྟ་བུའི་མན་ངག་ཚུལ་བཞིན་དུ་བསྒོམ་ཤེས་ན་"
1729552,1734503,4951,"མཉམ་གཞག་དང་རྗེས་ཐོབ་ཁྱད་པར་མེད་པ་ཆུ་འབབ་པ་ལྟ་བུ་ཆུ་བོ་རྒྱུན་གྱི་རྣལ་འབྱོར་ཡིན།"
1734503,1739562,5059,"དེ་ལྟར་མ་ཤེས་ན་ནི་སོས་ཀ་ཉི་མ་མང་པོ་ཚ་འོང་དུས་ཆུ་ཕྲན་སྐམ་སོང་བ་ལྟར།"
1739562,1744253,4691,"ལྟ་བ་སྒོམ་པ་སྤྱོད་པ་གསུམ་གང་འདི་ཡིན་སོང་ན།"
1744253,1750625,6372,"དེ་ཡུལ་གྱི་རྐྱེན་སླུ་བྱེད་ཀྱི་རྐྱེན། བཟང་རྐྱེན། ངན་རྐྱེན་ཐམས་ཅད་འཕྲད་འོང་ན་"
1750625,1753839,3214,"རང་ཤར་རང་གྲོལ་དུ་མི་ཐུབ་པས་རྐྱེན་མི་ཐུབ་པ་ཡིན་ནོ། །"
1753839,1757939,4100,"(400) ལྟ་བ་རང་ས་གཟུང་བའི་གནད་དྲུག་ལས། །དང་པོ་གཟུང་འཛིན་མེད་པའི་ལྟ་བ་ལ། །"
1757939,1762784,4845,"རང་རིག་གཉིས་མེད་རང་ས་གཟུང་བ་ནི། །ཡུལ་དྲུག་སྟོང་པས་གཟུང་བའི་མཐའ་ལས་གྲོལ། །"
1762784,1768656,5872,"རང་གསལ་ཡེ་ཤེས་འཛིན་པའི་མཐའ་ལས་གྲོལ། །གཟུང་འཛིན་གཉིས་མེད་གཉིས་ཀའི་མཐའ་ལས་གྲོལ། །"
1768656,1773682,5026,"མཐའ་གྲོལ་མིང་ཙམ་གཉིས་མེད་མཐའ་ལས་གྲོལ། །དེ་ལྟར་རྟོགས་པས་གང་ལའང་ཞེན་འཛིན་མེད། ། རྫོགས་པ་ཆེན་པོའི་ལྟ་བ་མངོན་སུམ་དུ་ཟིན་ན་ཆོས་ཉིད་ཀྱི་ངོ་བོ་"
1773682,1776921,3239,"རང་ས་དེ་ལས་བཙན་ས་གཟུང་བར་འགྱུར་པའི་གནད་དྲུག་ཡོད།"
1776921,1782486,5565,"དེ་གང་ཡིན་ཟེར་ན། གནད་དང་པོ་ཆོས་ཉིད་ཀྱི་ངང་ལྟ་བ་ལ་བཞག་པའི་ཚེ།"
1782486,1787434,4948,"ཕྱི་གཟུང་བའི་ཡུལ། ནང་འཛིན་པའི་སེམས་གཉིས་ལ་ཞེན་ཆགས་མེད་པའི་ལྟ་བ་དེ་རེད།"
1787434,1792731,5297,"རང་གི་རིག་པའི་ངོ་བོ་བལྟས་ནས་ཡུལ་དང་ཡུལ་ཅན་གཉིས་སུ་མེད་པ་རང་ས་བཟུང་བཞག་ན།"
1792731,1798478,5747,"ཡུལ་གཟུགས་སྒྲ་དྲི་རོ་རེག་བྱ་དྲུག་འདི་རིགས་པས་དཔྱད་བཞག་ན་"
1798478,1803596,5118,"བདེན་པར་མ་གྲུབ་པ་སྟོང་པ་ཡིན་པས་ན་ཕྱི་གཟུང་བའི་ཡུལ་ལ་འཛིན་པ་ཞུགས་ས་མེད།"
1803596,1810134,6538,"ནང་རྣམ་ཤེས་མིག་རྣ་བ་སྣ་ལྕེ་ལུས་ཀྱི་རྣམ་ཤེས་ལྔ་པོ་དེ་ཡང་"
1810134,1813814,3680,"ཤར་གྲོལ་དུས་མཉམ་ཡིན་པས་ཡེ་ཤེས་འཛིན་གཟུང་མཐའ་ལས་གྲོལ།"
1813814,1818900,5086,"ཕྱི་གཟུང་བ་དང་ནང་འཛིན་པ་གཉིས་མེད་པ་ཡོད་མེད་གཉིས་ཀའི་མཐའ་ལས་གྲོལ།"
1818900,1823813,4913,"མཐའ་གྲོལ་ཞེས་བྱ་བ་མིང་ཙམ་ཡིན་མ་གཏོགས་ངོ་བོ་ཞེས་"
1823813,1826297,2484,"གང་ཡང་མེད་པས་གཉིས་མེད་ཀྱི་མཐའ་ལས་གྲོལ།"
1826297,1830431,4134,"དེ་ལྟར་རྟོགས་པས་འཁོར་འདས་ཀྱི་སྣང་བ་གང་ལའང་འཛིན་ཞེན་མེད་པ་ཡིན།"
1830431,1834233,3802,"གཉིས་པ་ཡོད་མེད་རྟག་ཆད་ལས་གྲོལ་བའི། །ལྟ་བས་རང་ས་གཟུང་བའི་མན་ངག་ནི། །"
1834233,1840489,6256,"རང་བྱུང་ཡེ་ཤེས་ཡིན་པས་མེད་པའི་མཐའ་ལས་གྲོལ། །རྟོག་པའི་དྲི་མ་མེད་པས་ཡོད་པའི་མཐའ་ལས་གྲོལ། །"
1840489,1846664,6175,"ཡུལ་མེད་མིང་དང་བྲལ་བས་གཉིས་ཀའི་མཐའ་ལས་གྲོལ། །རོལ་པ་གཉིས་ཀར་སྣང་བས་གཉིས་མེད་མཐའ་ལས་གྲོལ། །"
1846664,1849425,2761,"ཡེ་གྲོལ་ཡོངས་གྲོལ་ཆེན་པོར་ཤེས་པར་གྱིས། །"
1849425,1853890,4465,"གསུངས་ནས་བཟུང༌། གཉིས་པ་ཆོས་ཉིད་ཀྱི་ལྟ་བ་དེ་ལས།"
1853890,1857932,4042,"ཡོད་པ་དངོས་པོ་རྟག་པ་ཕྱི་རོལ་མུ་སྟེགས་པའི་གཙོ་བོ་དང༌།"
1857932,1863271,5339,"དབང་ཕྱུག་ཁྱབ་འཇུག་ལྟ་བུ་དང༌། མེད་པ་རྒྱང་འཕེན་པའི་ལས་རྒྱུ་འབྲས་མེད་པ་ལྟ་བུ་ཞིག་གྲོལ་བ།"
1863271,1867038,3767,"གང་རེད་ཟེར་ན། ཆོས་ཉིད་ཀྱི་ལྟ་བ་རང་ས་གཟུང་བའི་མན་ངག་ནི།"
1867038,1871695,4657,"ཆོས་ཉིད་ཀྱི་ལྟ་བ་འདི་རྒྱུ་རྐྱེན་གྱིས་གསར་དུ་མ་སྐྱེས་པ་ཡེ་ནས་ཡིན་པ་"
1871695,1875362,3667,"རང་བྱུང་གི་ཡེ་ཤེས་ཡིན་པས་ན་མེད་པ་ཆད་པའི་མཐའ་ལས་གྲོལ་བ་ཡིན།"
1875362,1878913,3551,"ཆོས་ཉིད་ཀྱི་ལྟ་བ་འདི་ལ་རྣམ་རྟོག་གི་དྲི་མ་མེད་པའི་ཕྱིར་ན།"
1878913,1881805,2892,"ཡོད་པ་རྟག་པའི་མཐའ་ལས་ཀྱང་གྲོལ་བ་ཡིན།"
1881805,1884805,3000,"ཆོས་ཉིད་ཀྱི་ཡུལ་ཡུལ་ཅན་ཟེར་གཉིས་མེད་པའི་ཕྱིར་ན་"
1884805,1888721,3916,"ཡུལ་མེད་མིང་དང་བྲལ་བས་ཡོད་མེད་གཉིས་ཀའི་མཐའ་ལས་གྲོལ་བ་ཡིན།"
1888721,1892000,3279,"ཆོས་ཉིད་རོལ་པ་དེ་ལས་ཡུལ་དང་ཡུལ་ཅན་གཉིས་ཀར་སྣང་བས་"
1892000,1896099,4099,"གཉིས་མེད་ཀྱི་མཐའ་ལས་གྲོལ་བ་ཡིན། འདི་གྲོལ་བ་འདིའང་གསར་དུ་གྲོལ་སོང་བ་མ་རེད།"
1896099,1899337,3238,"ཡེ་ནས་གྲོལ་བས་ཡོངས་གྲོལ་ཆེན་པོ་ཤེས་པར་གྱིས། "