0,3961,3961,"(372) བར་ཆད་དྲུག་གི་རང་བཞིན་སྤང་བ་ནི། །ཐོས་ཉུང་གྲོང་ལ་སོགས་པར་འཇུག་པ་སྤང༌། ། སྲུང་སྡོམ་མི་ལྡན་གཞན་གྱི་བཀུར་སྟི་སྤང༌། །དབང་པོ་མ་བསྡམས་བུད་མེད་ལྟ་བ་སྤང༌། ། མཉམ་པར་མ་བཞག་དབང་པོའི་འཇུག་པ་སྤང༌། །ལུས་སེམས་རྩུབ་པས་མི་མཐུན་གནས་པ་སྤོང༌། །"
3961,9179,5218,"འཚོ་བ་མ་དག་ཚུལ་འཆོས་བཅོས་མ་སྤང༌། །དེ་དག་མ་སྤངས་བདུད་ཀྱིས་བསླུས་པར་འགྱུར། །"
9179,13782,4603,"ཡང་དམ་པའི་ཆོས་ལ་བར་ཆད་དྲུག་ཡོད། གང་རེད་ཟེར་ན།"
13782,18947,5165,"ཐོས་པ་ཉུང་བའི་གང་ཟག་གྲོང་པ་ལ་སོགས་པ་མི་མང་པོ་ཡོད་པའི་ནང་དུ་སྡོད་མི་ཉན།"
18947,23106,4159,"རི་ཁྲོད་ལ་བསྡད་དགོས། དྲན་ཤེས་བག་ཡོད་ཀྱིས་སྲུང་སྡོམ་དང་མི་ལྡན་ན་ནི་"
23106,25366,2260,"གཞན་ཡོན་བདག་གི་མཆོད་གནས་བྱེད་མི་ཉན་མ་གཏོགས།"
25366,30724,5358,"དེ་ག་བྱ་བྲལ་རྒན་པོ་གསོག་འཇོག་ལ་ལྷུང་འོང༌།"
30724,34985,4261,"དབང་པོ་སྒོ་ལྔ་པོ་མ་བསྡམས་པ་བུད་མེད་ཀྱི་ནང་དུ་སྡོད་པ་སྤང་དགོས་ཏེ།"
34985,37321,2336,"དེ་དང་ཁ་གཏུགས་ནས་འཁོར་བར་བྱིང་འགྲོ།"
37321,41551,4230,"མཉམ་པར་མ་གཞག་པ་དབང་པོ་ཕྱི་རོལ་ཡུལ་གྱི་སྟེང་ལ་སེམས་གཡེང་བ་སྤང༌།"
41551,45174,3623,"ལུས་དང་སེམས་ཐམས་ཅད་ཀུན་སྤྱོད་རྩུབ་པོ་དང་གྱོང་པོ་བྱེད་དུས།"
45174,50072,4898,"སུ་དང་མི་མཐུན་པ་མི་འཐད་པ་གཟེ་མ་ར་མགོ་ལྟ་བུ་མི་བྱེད་པའི་གནས་པ་སྤོང་དགོས།"
50072,53844,3772,"དེ་ནས་འཚོ་བ་མ་དག་པ་དཀོར་དང་ལོག་འཚོ་ལ་སོགས་པ་"
53844,57753,3909,"དེ་དག་ཐམས་ཅད་འཐོབ་པར་བྱ་བའི་ཕྱིར་དུ། ཆོས་པ་ཡིན་མདོག་དང༌།"
57753,60654,2901,"མངོན་ཤེས་མཁྱེན་མདོག་སྟེ་ཚུལ་འཆོས་བཅོས་མ་སྤངས་ཏེ་"
60654,62971,2317,"དེ་དག་མ་སྤངས་ན་བདུད་ཀྱིས་བསླུས་པ་ཡིན།"
62971,67126,4155,"(373) ངན་པའི་གྲོགས་དྲུག་སྤང་བར་གདམས་པ་ནི། །འཇིག་རྟེན་རྒྱང་ཕན་མུ་སྟེགས་ཅན་མི་འགྲོགས། །"
67126,71442,4316,"སོ་སོ་སྐྱེ་བོ་འདི་དོན་གཉེར་མི་འགྲོགས། །བརྩེ་མེད་རང་དོན་ཉན་ཐོས་རྣམས་མི་འགྲོགས། །"
71442,75187,3745,"གཞན་ཕན་བློ་བྲལ་རང་རྒྱལ་འདོད་མི་འགྲོགས། །ཟང་ཟིང་རྙེད་སྡུད་གཡེང་བར་འགྱུར་མི་འགྲོགས། །"
75187,79874,4687,"རྙེད་བཀུར་གྲགས་འདོད་འཁོར་མང་བསྟེན་མི་འགྲོགས། །ངན་པ་འགྲོགས་ན་དེ་བས་ཆེས་ངན་འགྱུར། །"
79874,84361,4487,"གསུངས་དུས། ངན་པའི་ཆོས་དྲུག་ཡོད་དེ་དེ་སྤོང་དགོས། གང་རེད་ཟེར་ན།"
84361,88594,4233,"འཇིག་རྟེན་རྒྱང་ཕན་པས་ཚེ་ཕྱི་མ་ལས་རྒྱུ་འབྲས་མེད་ཟེར་རྒྱུ་"
88594,90449,1855,"འདིའི་ལྟ་བ་དང་འགྲོགས་མི་ཉན་གསུངས།"
90449,94635,4186,"སོ་སོ་སྐྱེ་བོ་མཉམ་དུ་བསྡད་ན་ཚེ་འདིའི་ནོར་འབྱོར་པ་གསོག་ཐབས།"
94635,99840,5205,"ཐོབ་གོ་ས་སྒྲུབ་ཐབས། དགྲ་བོ་ཆམ་ལ་ཕབ་ཡ་ལ་སོགས་པ་དེ་ལྟ་བུ་བྱེད་རྒྱུ་རེད་དུས།"
99840,101701,1861,"དེ་དང་ལྷན་ཅིག་ཏུ་འགྲོགས་མི་ཉན།"
101701,106811,5110,"རང་ཉིད་གཅིག་པུའི་དོན་ལ་སྙིང་རྗེ་མེད་པའི་ཉན་ཐོས་ཀྱི་སྤྱོད་པ་དེའང་བྱེད་མི་ཉན།"
106811,111822,5011,"གཞན་ལ་ཕན་འདོད་ཀྱི་བློ་དང་བྲལ་བ་རང་རྒྱལ་གྱི་ལྟ་བ་འདིའང་མི་ཉན།"
111822,117385,5563,"ཟང་ཟིང་གི་རྙེད་པ་མང་པོ་སྡུད་དེ་རྣམ་གཡེང་མང་པོ་འཕེལ་འོང་རྒྱུ་རེད་དེ་དང་མི་འགྲོགས།"
117385,121331,3946,"རང་ལ་རྙེད་པ་བཀུར་སྟི་གྲགས་པ་འདོད་པའི་ཕྱིར་འཁོར་མང་པོ་བསྟེན།"
121331,124760,3429,"དེ་ངོ་སྲུང་ཡག་ལེ༌བྱས་ན་རང་ཉིད་ཆོས་བརྒྱད་ཀྱི་གཟེབ་ཏུ་ལྷུང་ཡོད།"
124760,129646,4886,"ངན་པ་འགྲོགས་ན་དེ་བས་ཆེས་ངན་པ་རུ་འགྱུར་བས་དེ་དག་སྡིག་པའི་གྲོགས་པོ་ཡིན།"
129646,134625,4979,"(374) གཅེས་པའི་ཡོན་ཏན་རྣམ་དྲུག་བསྟན་པ་ནི། །བདག་མེད་རྟོགས་ལ་སེམས་ཅན་སྙིང་རྗེ་གཅེས། །"
134625,138461,3836,"སྟོང་ཉིད་མོས་ལ་ལས་འབྲས་ཡིད་ཆེས་གཅེས། །ཞི་བར་གནས་ལ་སྲིད་པར་མི་གནས་གཅེས། །"
138461,142067,3606,"སྦྱིན་པ་གཏོང་ལ་རྣམ་སྨིན་མི་རེ་གཅེས། །ཚུལ་ཁྲིམས་སྲུང་ལ་རློམ་སེམས་སྤང་བ་གཅེས། །"
142067,145814,3747,"དགོན་པར་གནས་ལ་ཡོ་བྱད་སྐྱུང་བ་གཅེས། །འདི་དྲུག་ལྡན་ན་དམ་ཆོས་ཚུལ་བཞིན་འགྲུབ། །"
145814,148545,2731,"གསུངས་དུས། ད་རང་ལ་གཅེས་པའི་ཡོན་ཏན་རྣམ་པ་དྲུག་ཡོད།"
148545,153864,5319,"གང་རེད་ཟེར་ནས་བཟུང་སྟེ། བདག་མེད་རྟོགས་པའི་ཤེས་རབ་ཅིག་རྒྱུད་ལ་སྐྱེ་ཨེ་འོང་བསམ་ན་"
153864,155846,1982,"སེམས་ཅན་ལ་སྙིང་རྗེ་འདི་བསྒོམ་པ།"
155846,158856,3010,"དེ་སྙིང་རྗེའི་ཤུགས་ཀྱིས་སྟོང་ཉིད་འདི་རང་ཤུགས་ཀྱིས་རྒྱུད་ལ་འོང་བ་ཡིན།"
158856,163167,4311,"སྟོང་པ་ཉིད་ལ་ཡིད་ཆེས་ཇི་ཙམ་ཞིག་ཡོད་ན་ལས་རྒྱུ་འབྲས་དེ་ལྟར་དུ་"
163167,165512,2345,"བག་ཡོད་བྱེད་རྒྱུ་རེད་དུས་དེ་ལྟ་བུ་གཅེས།"
165512,169790,4278,"ཞི་བ་མྱ་ངན་ལས་འདས་པའི་གོ་འཕང་ཐོབ་པར་འདོད་པ་འདི་ལ་"
169790,172854,3064,"སྲིད་པ་ཁམས་གསུམ་འཁོར་བའི་ལས་ཐམས་ཅད་ལ་མི་གནས་པ་སྟེ།"
172854,178127,5273,"སྦྱིན་པ་རྒྱ་ཆེན་པོ་གཞན་ལ་གཏོང་ན། ངས་ད་ལྟ་དཔེར་ན་ཕ་སྦྱིན་པ་གཏོང་ཡ་འདི་"
178127,181718,3591,"སྐྱེ་བ་ཕྱི་མ་ལ་ང་འདི་བས་ནོར་ཕྱུག་རྒྱུ་རེད་བསམ་པ་དང༌།"
181718,185699,3981,"དེ་དག་གི་རྣམ་སྨིན་ལ་མི་རེ་བ་གཅེས། དེ་ནས་ཚུལ་ཁྲིམས་བསྲུངས་བཞག་ན་"
185699,187565,1866,"ངས་སོ་བྱང་སྔགས་གསུམ་གྱི་སྡོམ་པ་བསྲུངས།"
187565,190822,3257,"ང་འདྲའི་ཚུལ་ཁྲིམས་གཙང་བ་ཡོད་རྒྱུ་མ་རེད་བསམ་སྟེ་"
190822,192856,2034,"གཞན་ལ་ཁྱད་གསོད་སྤོང་བ་གཅེས་པ་ཡིན།"
192856,196198,3342,"རི་ཁྲོད་དགོན་པ་དབེན་པའི་གནས་སུ་གནས་ན་"
196198,198829,2631,"ཆོག་ཤེས་བག་ཡོད་བྱེད་པ་ཟེར་དུས་དབེན་པ་ལ་བསྡད།"
198829,201874,3045,"ཐམས་ཅད་ཀྱིས་རི་ཁྲོད་པ་ཟེར་མཆོད་སྦྱིན་མང་པོ་ཕུལ་འོང་ན་"
201874,204649,2775,"གསེར་དངུལ་དང་ནོར་གསོག་འཇོག་ཐམས་ཅད་སྤོང་དགོས་པ་ཡིན།"
204649,206655,2006,"འདི་དྲུག་ལྡན་ན་དམ་ཆོས་ཚུལ་བཞིན་འགྲུབ།"
206655,210433,3778,"(375) དམ་ཆོས་བསྟེན་པའི་དགོས་པ་རྣམ་དྲུག་ནི། །རང་གཞན་ཀུན་གྱི་ཤེས་རབ་སྦྱང་བ་དང༌། །"
210433,214586,4153,"འཁོར་དུ་འདུས་པའི་ཐེ་ཚོམ་བཅད་པ་དང༌། །བསྟན་པ་སྐྱོང་ཞིང་དམ་ཆོས་འཛིན་པ་དང༌། །"
214586,218334,3748,"བླང་དོར་དམིགས་ཤེས་ལོག་པའི་ལམ་ལྡོག་དང༌། །མཐོ་དམན་ཁྱད་ཤེས་ཟབ་མོའི་ལམ་འཇུག་དང༌། །"
218334,222119,3785,"གྲུབ་པའི་མཐའ་ཤེས་གོལ་སྒྲིབ་ཆོད་པ་སྟེ། །ཆོས་སྨྲ་རྣམས་ཀྱིས་བརྩོན་པའི་དགོས་པ་ཡིན།"
222119,228846,6727,"གསུངས་དུས། དེ་ནས་ཡང་རང་གཞན་ཀུན་ལ་དམ་པའི་ཆོས་ལ་བསྟེན་པའི་དགོས་པ་དྲུག་ཡོད།"
228846,234111,5265,"གང་རེད་ཟེར་ན། རང་དང་གཞན་ཀུན་གྱིས་ཐོས་བསམ་སྒོམ་པའི་ཤེས་རབ་སྦྱང་བ་དང༌།"
234111,236872,2761,"འཁོར་དུ་འདུས་པ་ཐམས་ཅད་ལ་ལྟ་སྒོམ་སྤྱོད་པའི་དོན་ལ་"
236872,239688,2816,"གདམས་ངག་གིས་ཐེ་ཚོམ་གྱི་སྒྲོ་འདོགས་གཅོད་ཤེས་པ།"
239688,244203,4515,"སངས་རྒྱས་ཀྱི་བསྟན་པ་སྐྱོང་ཞིང་ལུང་རྟོགས་ཀྱི་དམ་པའི་ཆོས་ཀྱི་མཛོད་འཛིན་པ།"
244203,247662,3459,"དགེ་སྡིག་བླང་དོར་ཚུལ་བཞིན་དུ་ཤེས་ཤིང་ཉན་རང་དང་ནི་"
247662,251663,4001,"མུ་སྟེགས་པ་ལ་སོགས་པ་ལམ་ལོག་པ་ལས་ལྡོག་པ།"
251663,255827,4164,"ལྟ་བ་མཐོ་དམན་གྱི་ཁྱད་པར་ཤེས་ནས་སྔོན་འགྲོ་དངོས་གཞིའི་"
255827,259060,3233,"ཟབ་མོའི་ལམ་སྐས་ཐེམ་འཛུགས་པ་བཞིན་དུ་སྒྲུབ་པ་དང༌།"
259060,263252,4192,"རང་གཞན་གྱི་གྲུབ་པའི་མཐའ་ཐམས་ཅད་ཤེས་ཏེ་གྲུབ་མཐའི་སྐྱོན་ཐམས་ཅད་བསལ།"
263252,266427,3175,"ལྟ་བའི་ཡོན་ཏན་ཐམས་ཅད་སྒྲུབ་པས་གོལ་སྒྲིབ་ཆོད་པ་སྟེ།"
266427,268910,2483,"ཆོས་སྨྲ་བ་རྣམས་ལ་བརྩོན་པའི་དགོས་པ་ཡིན།"
268910,272920,4010,"(376) སངས་རྒྱས་རྣམས་དང་ཕྲད་པའི་ཆོས་དྲུག་ནི། །བསླབ་གསུམ་ཚུལ་ཁྲིམས་རྣམ་དག་བསྲུང་བ་དེ། །"
272920,276695,3775,"རྩེ་གཅིག་ཏིང་འཛིན་རྒྱལ་བའི་སྐུར་བསྒོམ་དང༌། །མོས་གུས་མཆོད་བསྟོད་བཟླས་པ་རྟག་བརྩོན་དང༌། །"
276695,280270,3575,"བྱ་བྱེད་གཡེང་བོར་སེམས་ཉིད་བལྟ་བ་དང༌། །ཉོན་མོངས་མེད་ཀྱང་སྲིད་ན་སྐྱེ་བ་ལེན། །"
280270,283926,3656,"གཡེལ་མེད་བརྩོན་པར་དགེ་བའི་ཕྱོགས་ལ་འབད། །ལྷག་བསམ་རྣམ་དག་བཟང་པོའི་སྨོན་ལམ་འདེབས། །"
283926,285935,2009,"འདི་དྲུག་བརྩོན་ན་རྒྱལ་བས་རྗེས་སུ་འཛིན། །"
285935,290161,4226,"སྐྱེ་བ་ཚེ་རབས་ཐམས་ཅད་དུ་སངས་རྒྱས་མཐོང་བ་དང་མི་འབྲལ་བའི་ཆོས་དྲུག་ཡོད།"
290161,293062,2901,"གང་རེད་ཟེར་ན། ཚུལ་ཁྲིམས་ཏིང་འཛིན་ཤེས་རབ་ཀྱི་བསླབ་པ་གསུམ་"
293062,298499,5437,"རྣམ་དག་ཅིག་སྲུང་བསྡད་ན་འདི། སངས་རྒྱས་ཀྱིས་སྐྱེ་བ་ཚེ་རབས་ཐམས་ཅད་དུ་རྗེས་སུ་འཛིན་འགྲོ།"
298499,301219,2720,"ཞི་གནས་དང་ལྷག་མཐོང་རྩེ་གཅིག་པའི་སྒོ་ནས་"
301219,303994,2775,"སངས་རྒྱས་ཀྱི་སྐུ་ལ་བརྟེན་ཏེ་ཞི་གནས་བསྒྲུབས་ནས་བཟུང་"
303994,307697,3703,"སངས་རྒྱས་རྗེས་སུ་དྲན་པའི་ཏིང་ངེ་འཛིན་ཡིན་པས་བསྒོམ་པ་དང༌།"
307697,310230,2533,"དེ་ནས་སངས་རྒྱས་དང་བླ་མ་ལ་མོས་གུས་མཆོད་བསྟོད།"
310230,313689,3459,"དེའི་མཚན་ནས་བརྗོད་པའི་བཟླས་བརྗོད་རྟག་ཏུ་བྱེད་ནས་བརྩོན་པ་དང༌།"
313689,316953,3264,"བྱ་བྱེད་འཇིག་རྟེན་འཁྲུལ་པའི་གཡེང་བ་ཐམས་ཅད་སྤངས་ཏེ་"
316953,322110,5157,"སེམས་ཀྱི་རང་ངོ་ལ་བལྟ་བ་དང༌། ཉོན་མོངས་རང་རྒྱུད་པ་རྒྱུད་ལ་མེད་ནའང་"
322110,323772,1662,"སྲིད་པ་ཁམས་གསུམ་འཁོར་བ་ནས་བཟུང༌།"
323772,326857,3085,"སྐྱེ་བོ་ཐམས་ཅད་ཐར་པའི་ལམ་ལ་འདྲེན་པའི་དོན་ཆེད་དུ་"
326857,329340,2483,"འཁོར་བ་ལ་ཡོང་ནས་ད་ལྟ་བཟང་སྤྱོད་ན།"
329340,331300,1960,"ཇི་ཙམ་ལས་དང་ཉོན་མོངས་མཐར་གྱུར་པ། །"
331300,334354,3054,"བདག་གི་སྨོན་ལམ་མཐའ་ཡང་དེ་ཙམ་མོ། །ཟེར་བ་ལྟ་བུ་ཡོད་པ།"
334354,340673,6319,"དུས་རྟག་ཏུ་གཡེལ་བ་མེད་པ་ལུས་ངག་ཡིད་གསུམ་གྱིས་བརྩོན་པ་དགེ་བའི་ཕྱོགས་ལ་འབད་པ།"
340673,344463,3790,"ལྷག་བསམ་རྣམ་པར་དག་པའི་སྒོ་ནས་སངས་རྒྱས་ཀྱི་བསྟན་པ་དར་བར་ཤོག །"
344463,346095,1632,"སེམས་ཅན་གྱི་དོན་བྱེད་པར་ཤོག །"
346095,348298,2203,"རང་གིས་བྱང་ཆུབ་སེམས་དཔའ་འཇམ་དཔལ་དབྱངས་དང་"
348298,351557,3259,"ཀུན་ཏུ་བཟང་པོའི་སྤྱོད་པ་ལྟ་བུ་ཤོག་ཅིག་བསམ་པ་སྨོན་ལམ་འདེབས་པ་སྟེ།"
351557,353838,2281,"འདི་དྲུག་བརྩོན་ན་ཚེ་རབས་ཐམས་ཅད་དུ་"
353838,356845,3007,"རྒྱལ་བས་རྗེས་སུ་བཟུང་འགྲོ་དུས་སངས་རྒྱས་མཐོང་བ་དང་མི་འབྲལ།"
356845,360992,4147,"(377) སྲོག་ལ་བབས་ཀྱང་མི་གཏོང་རྣམ་དྲུག་ནི། །གཞན་དོན་རྫོགས་པའི་བྱང་ཆུབ་སེམས་མི་གཏོང༌། །"
360992,364897,3905,"ཐུབ་པའི་བསྟན་པ་དམ་པའི་ཆོས་མི་གཏོང༌། །འཁོར་བར་འཁྱམས་པའི་སེམས་ཅན་བློས་མི་གཏོང༌། །"
364897,368453,3556,"སྒྲིབ་སྦྱོང་སྙིང་པོ་དགེ་བའི་རྩ་མི་གཏོང༌། །ལམ་འདྲེན་བླ་མ་ཡི་དམ་ལྷ་མི་གཏོང༌། །"
368453,370359,1906,"འཕགས་ལམ་ས་སྦྱོང་མཐོན་པོའི་ལམ་མི་གཏོང༌། །"
370359,374549,4190,"གསུངས་ནས་བཟུང་སྟེ། ད་སྲོག་ལ་བབས་ཀྱང་དམ་པའི་ཆོས་མི་གཏོང་བའི་ཆོས་དྲུག་ཡོད།"
374549,379448,4899,"གང་རེད་ཟེར་ན། སེམས་ཅན་ཐམས་ཅད་སངས་རྒྱས་གོ་འཕང་ཐོབ་པའི་བྱང་ཆུབ་སེམས་འདི་"
379448,382419,2971,"རང་གི་སྲོག་ལ་བབས་འོང་ནའང་མི་གཏོང་བ་དང༌།"
382419,387148,4729,"དཔེར་ན་གྲོང་ཁྱེར་ཆེན་པོ་ཞིག་མེས་ཚིག །ཆུང་ཆུང་ཞིག་མེས་འཚིག་འགྲོ་བྱས་ན།"
387148,389530,2382,"ཆུང་ངུ་འདི་གཡུག་ནས་ཆེན་པོ་འདི་ལ་བལྟ་དགོས་གསུངས།"
389530,393354,3824,"དཔེར་ན་ཡང་གྲོང་ཁྱེར་ཆེན་པོ་ཞིག་དགྲས་བརླག་འགྲོ་ཡོད།"
393354,398871,5517,"དགོན་པ་ཞིག་གི་གཙུག་ལག་ཁང་ཆེན་པོ་ཞིག་དགྲས་བརླག་འགྲོ་ཡོད་ན།"
398871,401253,2382,"གཙུག་ལག་ཁང་འདི་བསྲུང་ཨེ་ཐུབ་བལྟ་དགོས།"
401253,404740,3487,"དམ་པའི་ཆོས་འཇིག་འགྲོ་ཡོད་ན་རང་གི་སྲོག་ཀྱང་གཏོང་བ་དགོས་གསུངས་རྒྱུ།"
404740,407359,2619,"དེ་ལྟ་བུ་དམ་པའི་ཆོས་མི་གཏོང་བ་བྱེད།"
407359,411138,3779,"འཁོར་བར་འཁྱམས་པའི་སེམས་ཅན་ཐམས་ཅད་ཀྱི་དོན་ལ་བློས་མི་གཏོང་སྟེ།"
411138,413878,2740,"ཐམས་ཅད་རང་གི་ཕ་མ་ཡིན་པའི་འདུ་ཤེས་བཞག་སྟེ་"
413878,416457,2579,"སེམས་ཅན་གྱི་དོན་དུ་དངོས་དང་བརྒྱུད་ནས་བྱེད་དགོས།"
416457,423033,6576,"སྒྲིབ་སྦྱོང་གི་གཉེན་པོ་དམ་པ་རྣམ་པ་གསུམ་གྱིས་རྩིས་ཟིན་པའི་དགེ་བའི་རྩ་བ་"
423033,425326,2293,"ཆེ་ཐོན་ཆུང་ཐོན་བྱེད་དེ་བློས་མི་གཏོང༌།"
425326,429100,3774,"ལྷག་པར་དུ་ཐར་པའི་ལམ་ལ་འདྲེན་པའི་བླ་མ་དང་ཡི་དམ་ལྷག་པའི་ལྷ་འདི་"
429100,431484,2384,"རང་གི་སྲོག་ལས་ཀྱང་གཅེས་པ་བལྟས་ཏེ་མི་གཏོང༌།"
431484,434713,3229,"འཕགས་པའི་ལམ་སྦྱོང་བ་འདི་ལ་མཐོན་པོའི་ལམ་"
434713,439227,4514,"ཞི་གནས་ལྷག་མཐོང་བྱང་ཆུབ་སེམས་དཔའི་སྤྱོད་པ་མི་གཏོང་དགོས།"
439227,443231,4004,"(378) གཉེན་པོ་སྟོབས་སུ་གྱུར་པའི་ཆོས་དྲུག་ནི། །ཇི་ལྟར་ཕོངས་ཀྱང་དགེ་སྦྱོར་མི་འདོར་དང༌། །"
443231,447307,4076,"ཇི་ལྟར་བཟང་ཡང་ངན་པ་མི་བརྙས་དང༌། །བསྐུལ་མཁན་མེད་ཀྱང་གཞན་གྱི་ཐར་ལམ་འདྲེན། །"
447307,451750,4443,"ཕན་པ་བཏགས་ཀྱང་ལན་ལ་རེ་བ་མེད། །གནོད་པ་བསྐྱལ་ཡང་གནོད་ལན་ཁོང་ཁྲོ་མེད། །"
451750,454780,3030,"དྲན་དང་ཤེས་བཞིན་གཉེན་པོ་སྤྱོད་པའོ། །"
454780,457848,3068,"གསུངས་ནས་བཟུང་སྟེ། གཉེན་པོ་སྟོབས་སུ་གྱུར་པའི་ཆོས་དྲུག་ཡོད།"
457848,460234,2386,"ཇི་ལྟར་ལྟོ་གོས་ཀྱིས་ཕོངས་པར་བྱས་ན་ཡང་"
460234,463499,3265,"རང་གིས་དགེ་སྦྱོར་བྱེད་པ་འདི་བློས་གཏན་ནས་གཏོང་མི་ཉན་གསུངས་རེད།"
463499,465843,2344,"རང་ལ་ཡོན་ཏན་གྱིས་ཇི་ལྟར་བཟང་ནའང་"
465843,469063,3220,"ཡོན་ཏན་མེད་པའི་གང་ཟག་ངན་པ་ལ་བརྙས་བཅོས་བྱེད་མི་ཉན།"
469063,471773,2710,"ཆེད་དུ་ཆོས་སྒྲུབ་ཐོས་བསམ་སྒོམ་གསུམ་བྱེད་ཟེར་"
471773,476004,4231,"བསྐུལ་མ་འདེབས་མཁན་མེད་ནའང་གཞན་ཐམས་ཅད་ལ་ཐར་པའི་ལམ་ལ་ཁྲིད།"
476004,479087,3083,"སེམས་ཅན་ཐམས་ཅད་ལ་མ་འདྲིས་པའི་མཛའ་བཤེས་རེད།"
479087,481596,2509,"སེམས་ཅན་གྱི་དོན་ལ་རྟག་ཏུ་བརྩོན་དགོས།"
481596,483534,1938,"ཕ་རོལ་སེམས་ཅན་ལ་ཕན་བཏགས་བཞག་ན།"
483534,487767,4233,"འདིས་ང་ལ་སང་ཉིན་དྲིན་ལན་ལ་གཅིག་ཕན་པ་བྱེད་འོང་རྒྱུ་རེད་བསམ་ནས་"
487767,491637,3870,"རེ་བ་མེད་པ་བྱེད་དགོས། ཚུར་ལ་དགྲ་ལ་སོགས་པས་གནོད་པ་བྱས་ན།"
491637,496744,5107,"དེའི་གནོད་ལན་འདི་ཡང་ཁོང་ཁྲོ་ཆེ་བ་ཞིག་ཡིན་ན་ཕ་འཇོམས་དགོས་བསམ་པ་མེད་པ་བྱས་"
496744,499611,2867,"དྲན་པ་དང་ཤེས་བཞིན་གཉེན་པོ་སྤྱོད་པར་འགྱུར་བ་ཡིན།"
499611,504011,4400,"(379) བྱང་ཆུབ་ཆོས་འགྲུབ་ཐབས་མཁས་རྣམ་དྲུག་ནི། །སེམས་ཅན་ཀུན་ལ་བྱམས་དང་སྙིང་རྗེ་ལྟ། །"
504011,508888,4877,"འདུ་བྱེད་ཐམས་ཅད་ཇི་ལྟར་ཤེས་པ་དང༌། །ཉོན་མོངས་མེད་ཀྱང་སྲིད་ན་སྐྱེ་བ་ལེན། །"
508888,512304,3416,"དེ་ཡང་འགྲོ་ལ་ཕན་པ་མི་འདོར་དང༌། །སངས་རྒྱས་ཡེ་ཤེས་འདོད་ལ་རབ་ཏུ་བརྩོན། །"
512304,515937,3633,"ཐམས་ཅད་དམིགས་མེད་མཁའ་ལྟར་ཤེས་པ་དང༌། །བྱང་ཆུབ་བསྔོ་བ་ཐབས་མཁས་སྤྱོད་པ་ཡིན། །"
515937,521010,5073,"གསུངས་དུས། བྱང་ཆུབ་སངས་རྒྱས་ཀྱི་གོ་འཕང་སྒྲུབ་པའི་ཐབས་ལ་མཁས་པའི་སྤྱོད་པ་རྣམ་པ་དྲུག་ཡོད།"
521010,525936,4926,"གང་རེད་ཟེར་ན། སེམས་ཅན་ཀུན་དགྲ་གཉེན་མེད་པ་བདེ་བ་དང་ལྡན་འདོད་ཀྱི་བྱམས་པ།"
525936,528650,2714,"སྡུག་བསྔལ་དང་འབྲལ་འདོད་ཀྱི་སྙིང་རྗེ་བསྒོམ་དགོས་པ་ཡིན།"
528650,533911,5261,"དགེ་སྡིག་གི་ལས་འདུ་བྱེད་ཐམས་ཅད་ཤེས་ཏེ་དུས་རྟག་ཏུ་ཆོས་ལ་བརྩོན་དགོས་པ་ཡིན།"
533911,537694,3783,"རང་རྒྱུད་ལ་ཉོན་མོངས་མེད་ནའང་སེམས་ཅན་སྡུག་བསྔལ་ཅན་ག་ན་ཡོད་ན་"
537694,541006,3312,"དེའི་ཕྱོགས་ལ་གཞན་དོན་བྱ་བའི་ཕྱིར་དུ་སྐྱེ་བ་ལེན་དགོས་ཀྱི་ཡིན།"
541006,545440,4434,"དེ་ལྟར་འགྲོ་བ་སེམས་ཅན་ཐམས་ཅད་ལ་ཕན་བསམ་པའི་ལྷག་བསམ་འདི་"
545440,548704,3264,"ཉིན་དང་མཚན་དུ་བློ་ལ་མི་འདོར་བ་དང༌།"
548704,552651,3947,"རང་གཞན་སེམས་ཅན་ཐམས་ཅད་སངས་རྒྱས་ཀྱི་ཡེ་ཤེས་འདི་འཐོབ་པར་ཤོག་ཅིག་"
552651,555074,2423,"སྙམ་པའི་དེ་ལ་རེ་བ་བྱེད་པ་ལ་བརྩོན་པ་དང༌།"
555074,560106,5032,"དེ་ནས་ཚོགས་གཉིས་ཀྱི་དགེ་བ་ཇི་ལྟར་བྱས་ན་དམིགས་མེད་སྒྱུ་མ་ལྟ་བུ་ཤེས་པ་དང༌།"
560106,563906,3800,"དགེ་རྩ་བྱེད་པ་འདི་བྱང་ཆུབ་མཆོག་གི་སེམས་རྒྱུ་རུ་བསྔོ་བ་བྱེད་པ།"
563906,566649,2743,"འཇམ་དཔལ་དབྱངས་དང་ཀུན་ཏུ་བཟང་པོའི་སྨོན་ལམ་ལྟ་བུ་བཏབ་ན་"
566649,568015,1366,"ཐབས་མཁས་ཀྱི་སྤྱོད་པ་ཡིན།"
568015,571950,3935,"(380) ཐབས་ཆེན་དྲུག་གི་རིམ་པ་བསྟན་པ་ནི། །དགེ་བ་ཆུང་ངུ་ཆེན་པོར་བསྒྱུར་བའི་ཐབས། །"
571950,575543,3593,"ཅུང་ཟད་བསྔོ་དང་རྗེས་སུ་ཡི་རང་བྱེད། །ཚེགས་ཆུང་བསོད་ནམས་ཆེན་པོ་བསྒྲུབ་པའི་ཐབས། །"
575543,580069,4526,"འཕགས་པའི་གཉེན་གནས་གཞན་དག་ལམ་དུ་འཇུག །གཞན་གྱི་ཞེ་འགྲས་ཁོང་ཁྲོ་སེལ་བའི་ཐབས། །"
594219,599060,4841,"སེམས་ཅན་མཐུན་འཇུག་ལས་བཞིས་ཕན་འདོགས་བྱེད། །ཐ་མལ་འགྲོ་བ་བསྟན་ལ་དྲང་བའི་ཐབས། །"
599060,602739,3679,"མཐུན་པའི་གཏམ་སྨྲ་ཟས་གོས་ལོངས་སྤྱོད་སྦྱིན། །ལམ་ཞུགས་སྐྱེ་བོ་སྨིན་པར་བྱེད་པའི་ཐབས། །"
602739,607725,4986,"གང་མོས་བློ་ཁྲིད་ཐེག་ཆེན་བསྔགས་པ་བརྗོད། །སྨིན་པ་དེ་དག་གྲོལ་བར་བྱེད་པའི་ཐབས། །"
607725,612285,4560,"ཟབ་ཅིང་རྒྱ་ཆེན་གནད་འགྲོའི་ཆོས་རབ་བསྟན། །དེ་དག་དང་ལྡན་གཞན་དོན་དཀའ་བ་མེད། །"
612285,619348,7063,"གསུངས་ནས་བཟུང་སྟེ། བྱང་ཆུབ་སེམས་དཔའ་ཐབས་ལ་མཁས་པའི་སྤྱོད་པ་དྲུག་ཡོད།"
619348,623544,4196,"གང་རེད་ཟེར་ན། དགེ་བ་ཆུང་ངུ་དེའང་ཆེན་པོ་ལ་བསྒྱུར་བར་བྱ་བའི་ཆེད་དུ།"
627919,634008,6089,"བསྔོ་བ་དང༌། གཞན་གྱི་དགེ་བ་ལ་རྗེས་སུ་ཡི་རང་བ་བྱེད་པ་དེ་ཡིན།"
634008,637156,3148,"དཀའ་ཚེགས་ངལ་དུབ་ཆུང་ཆུང་གི་སྒོ་ནས་བསོད་ནམས་ཆེན་པོ་"
637156,639697,2541,"རྒྱ་ཆེ་བ་བསྒྲུབ་པའི་ཐབས་ནི་གང་རེད་ཟེར་ན།"
639697,644549,4852,"འཕགས་པའི་ས་ལ་བཞུགས་པའི་བཤེས་གཉེན་ཐམས་ཅད་ལ་དད་པ་དང་གསོལ་བ་བྱེད།"
644549,646945,2396,"གཞན་དག་ཐམས་ཅད་ཀྱང་དེའི་ས་ལ་འཇུག་པ་དང༌།"
646945,651404,4459,"གཞན་ཕ་རོལ་པོ་ལ་ཞེ་འགྲས་པའི་ཁོང་ཁྲོ་སེལ་བའི་ཐབས་ལ་མོས་པ་དང༌།"
651404,655645,4241,"སེམས་ཅན་རྣམས་ཀྱི་ཁམས་དབང་བསམ་པ་མོས་པ་དང་མཐུན་པར་འཇུག་ཅིང༌།"
655645,658668,3023,"ཞི་རྒྱས་དབང་དྲག་བཞིས་སེམས་ཅན་ལ་ཕན་འདོགས་པར་བྱེད།"
658668,661792,3124,"ཐ་མལ་པའི་འགྲོ་བ་དམ་པའི་ཆོས་ཀྱིས་མ་ཐུལ་བ་ཐམས་ཅད་"
661792,663620,1828,"སངས་རྒྱས་བསྟན་པ་ལ་དྲང་བའི་ཐབས་སུ།"
663620,665955,2335,"ཐོག་མར་ཁོ་རང་གི་ཡིད་དང་མཐུན་པའི་གཏམ་བཅས།"
665955,668289,2334,"དེ་ནས་སེམས་དགའ་བས་སླེབས་ན་རིམ་པ་བཞིན་དུ་"
668289,671180,2891,"ཐར་པའི་ལམ་ལྔ་ཡ་བཅུག་པ་དེ་ལ།"
671180,676177,4997,"གཞན་སྨོས་ཅི་དགོས་ཟས་དང་གོས་སྟེར། ཐར་པའི་ལམ་དུ་བྱས་ནས།"
676177,679325,3148,"སྦྱིན་པའི་གཡབ་མོས་ལེགས་འབོད་དེ། །ཟེར་བསྡུ་བའི་དངོས་པོ་བཞིས་བྱས།"
679325,683149,3824,"ལམ་ཞུགས་སྐྱེ་བོ་ཐམས་ཅད་ཡ་གོང་ནས་གོང་དུ་སྨིན་པར་བྱེད་པའི་ཐབས་ལ་"
683149,687213,4064,"གང་མོས་ཀྱི་བློ་དང་མཐུན་པ་ཐེག་པ་ཆེན་པོའི་བསྔགས་པ་བརྗོད་དགོས།"
687213,690727,3514,"སྨིན་པ་དེ་དག་གྲོལ་བར་བྱེད་པའི་ཐབས་ལ་ཟབ་མོ་སྟོང་པ་ཉིད་དང།"
690727,694707,3980,"རྒྱ་ཆེ་བ་ས་བཅུ་ལམ་ལྔ་གནད་དུ་འགྲོ་བའི་ཆོས་འདི་བཅས་བསྟན་པར་བྱས་ན།"
694707,697987,3280,"དེ་དག་དང་ལྡན་ན་གཞན་དོན་དཀའ་བ་མེད་པ་བསྒྲུབ་པ་ཡིན།"
697987,702013,4026,"(381) མི་མཐུན་ལམ་དུ་འཇུག་པའི་ཐབས་དྲུག་ནི། །མཐུན་པར་འཇུག་ཐབས་རང་སྤྱོད་ཞི་དུལ་གྱིས། །"
702013,708501,6488,"གཞན་བསྟོད་ཡི་རང་མཐུན་པས་དེ་ནས་འཇུག །བསྒྲག་ཅིང་འགེང་ཐབས་ཚུལ་བཞིན་ཁྱེད་བསྒྲུབས་ན། །"
708501,712307,3806,"མཐུན་རྐྱེན་སྒྲུབ་ཅེས་དམ་པའི་ཆོས་ལ་འཇུག །མི་མཐུན་འཁྲུག་ཐབས་རེ་ཞིག་ཁྲོ་ཚུལ་དང༌། །"
712307,716377,4070,"ཅུང་ཟད་གནོད་བྱ་དམ་པའི་ཆོས་ལ་གཞུག །སྡིག་པའི་ངན་ཐབས་ཕན་སེམས་སྡིགས་མོ་ཡིས། །"
716377,720210,3833,"ཚོམ་རྔམས་བྱ་ཞིང་ཚུལ་བཞིན་ལམ་དུ་གཞུག །ལན་འདོད་ཐབས་ནི་དྲིན་འོག་བཙུད་ལ་གཞུག །"
720210,725097,4887,"རྣམ་དག་ཐབས་ནི་རྣམ་འཕྲུལ་འགྲོ་དོན་ཏེ། །རྒྱལ་སྲས་རྣམས་ཀྱིས་ཐབས་མཁས་གཞན་ཕན་བྱ། །"
725097,733084,7987,"གསུངས་ནས་བཟུང་སྟེ། ད་ཡང་མི་མཐུན་པའི་གང་ཟག་ཐམས་ཅད་"
733084,735413,2329,"ཆོས་དང་མཐུན་པའི་ལམ་དུ་འཇུག་པའི་ཐབས་དྲུག་ནི།"
735413,739644,4231,"དང་པོ་རང་གི་སྤྱོད་པ་ཆོས་དང་མཐུན་པས་ཞི་དུལ་བྱས་ན།"
739644,743161,3517,"གཞན་ཐམས་ཅད་རང་ཤུགས་ཀྱིས་དེ་ལ་བཀོད་འོང་བ་འདུལ་བ་དང༌།"
743161,745269,2108,"གཞན་ཕ་རོལ་པོ་ལ་བསྟོད་ར་བརྗོད།"
745269,748884,3615,"དེ་ལ་ཡོན་ཏན་ཡོད་ན་ཡི་རང་བྱས་ན་དེ་ནས་འཇུག་འོང་རྒྱུ་ཡིན།"
748884,754488,5604,"རང་གི་རྒྱུད་ལ་ཆོས་ཀྱི་དོན་བསྒྲག་ཅིང་ཡོན་ཏན་གྱིས་རྒྱུད་འགེང་བའི་ཆེད་དུ་"
754488,757708,3220,"ཚུལ་བཞིན་དུ་བསྒྲུབས་ནས། ཁྱེད་ལ་མཐུན་རྐྱེན་འདི་ལྟ་བུ་སྒྲུབ་ཟེར་"
757708,760523,2815,"མཐུན་རྐྱེན་དང་བཅས་པའི་དམ་པའི་ཆོས་ལ་འཇུག་དགོས་པ་ཡིན།"
760523,765975,5452,"སེམས་ལ་མི་མཐུན་པའི་བརླག་ཐབས་རེ་ཞིག་ཁོའི་སྐྱོན་རེ་བརྗོད་དེ་ཁྲོ་བའི་ཚུལ་ལྟ་བུ་དང༌།"
765975,768417,2442,"ཅུང་ཟད་གནོད་པ་བྱས་ནས་དམ་པའི་ཆོས་ལ་གཞུག །"
768417,772153,3736,"སྡིག་པའི་ངན་ཐབས་དེ་ལ་ཕན་པར་སེམས་པའི་ཐབས་ལ་"
772153,775689,3536,"སྡིག་པ་ལ་ཉེས་པ་འདི་ལྟ་བུ་ཡོད་རྒྱུ་རེད། ཁྱེད་སྔར་འདི་བྱས་ཡོད།"
775689,779678,3989,"མ་འོངས་པ་ན་འདི་བྱས་ན་དེ་འདྲ་འོང་རྒྱུ་རེད་ཟེར་སྡིགས་མོ་བྱེད་དེ་"
779678,782295,2617,"ཚོམ་རྔམས་བྱ་ཞིང་ཚུལ་བཞིན་ལམ་ལ་ནོད།"
782295,786844,4549,"ལན་འདོད་པའི་ཐབས་ལ་དྲིན་གྱི་འོག་ཏུ་བཙུད་དེ་གཞུག །"
786844,790394,3550,"རྣམ་པར་དག་པའི་ཐབས་ནི་རྣམ་འཕྲུལ་གྱིས་འགྲོ་བའི་དོན་བྱེད་པ་སྟེ།"
790394,795230,4836,"རྒྱལ་སྲས་རྣམས་ཀྱིས་ཐབས་མཁས་ཀྱི་གཞན་ཕན་གྱི་བསམ་པ་བཟང་པོ་བྱའོ། །"
796720,799931,3211,"(382) རྒྱ་ཆེན་དོན་ལ་བསླབ་པའི་ཆོས་དྲུག་ནི། །འཁོར་བ་ཇི་སྲིད་འགྲོ་ལ་ཕན་འདོད་དང༌། །"
799931,803897,3966,"ཞེ་སྡང་འཚེ་མེད་ཀུན་ལ་བྱམས་སེམས་དང༌། །རྨོངས་མེད་ཐབས་ཀྱིས་འགྲོ་བ་བསྒྲལ་འདོད་དང༌། །"
803897,807712,3815,"ཕྲག་དོག་མེད་བློས་མཉམ་ཉིད་བདེ་འགོད་དང༌། །ང་རྒྱལ་རློམ་མེད་གཞན་དོན་འབའ་ཞིག་དང༌། །"
807712,813568,5856,"སེར་སྣའི་འཁྲིས་མེད་དགེ་ཚོགས་བཏང་བློ་དང༌། །ལྡན་པས་ཕན་བདེ་བྱེད་པ་བསླབ་པ་གཅེས། །"
813568,816822,3254,"གསུངས་དུས། ད་བྱང་ཆུབ་སེམས་དཔའ་རྣམས་ཐབས་ལམ་མཁས་པས་"
816822,820376,3554,"གཞན་ཕན་བྱ་བ་སྤྱོད་པ་རྒྱ་ཆེན་པོའི་དོན་ལ་བསླབ་པའི་ཆོས་རེད།"
820376,825615,5239,"གང་རེད་ཟེར་ན། སེམས་བསྐྱེད་ཀྱི་དམ་བཅའ་འདི་ད་ལྟ་འཆུག་ཉན་རྒྱུ་མ་རེད་དུས།"
825615,829024,3409,"འཁོར་བ་མཐའ་ནས་སྟོང་མ་སོང་གི་བར་དུ་སེམས་ཅན་གྱི་དོན་བྱེད།"
829024,833491,4467,"རྗེ་བཙུན་འཇམ་དཔལ་དབྱངས་དང༌། འཕགས་པ་སྤྱན་རས་གཟིགས་བཞིན་དུ་བྱ་སྙམ་པའི་དམ་བཅའ་དང༌།"
833491,836158,2667,"དེ་ནས་གང་ཟག་སུ་ལའང་ཞེ་སྡང་གི་འཚེ་བ་མེད།"
836158,841068,4910,"སེམས་ཅན་ཐམས་ཅད་ལ་བདེ་བ་དང་ལྡན་འདོད་ཀྱི་བྱམས་པའི་སེམས་རྒྱུན་ཆད་མེད་པ་སྐྱེ་བ།"
841068,844496,3428,"བླང་དོར་གྱི་གནས་ལ་རྨོངས་པའི་སེམས་ཅན་ཐམས་ཅད་ལ་"
844496,848198,3702,"རྨོངས་པ་མ་རིག་པའི་མུན་པ་བསལ་ཏེ་བྱང་ཆུབ་སེམས་དཔའི་ཐབས་མཁས་ཀྱི་སྒོ་ནས་"
848198,853935,5737,"དེ་དག་ཐམས་ཅད་སྲིད་པ་ཁམས་གསུམ་འཁོར་བ་དང༌།"
853935,857810,3875,"ཞི་བ་མྱ་ངན་ལས་འདས་ཀྱི་མཐའ་གཉིས་ཀ་ལས་སྒྲོལ་བར་བྱེད་པ་དང༌།"
857810,861606,3796,"གཞན་ཡོན་ཏན་ཅན་མཐོང་ན་བྱང་ཆུབ་སེམས་དཔའ་མཐོང་ན་དེ་ལ་"
861606,865314,3708,"ཕྲག་དོག་མེད་པའི་སྒོ་ནས་མཉམ་ཉིད་ཀྱི་བདེ་བ་ལ་འགོད་པ་དང༌།"
865314,868131,2817,"རང་ལ་ཡོན་ཏན་ཡོད་ནའང་ང་རྒྱལ་གྱི་རློམ་སེམས་མེད།"
868131,871355,3224,"གཞན་སེམས་ཅན་གྱི་དོན་འབའ་ཞིག་ཏུ་སྐྱེ་བ་དང༌།"
871355,875223,3868,"དེ་ནས་རང་ལ་ཟང་ཟིང་ནོར་ལོངས་སྤྱོད་ལ་སོགས་པ་ཡོད་ནའང་"
875223,878251,3028,"སེར་སྣའི་འཁྲིས་མེད་པའི་སྒོ་ནས་དཀོན་མཆོག་ལ་མཆོད་པ།"
878251,884153,5902,"ངན་སློང་ལ་སྦྱིན་པ་དགེ་ཚོགས་གཏོང་བར་བྱེད་པ་དང་ལྡན་པས་ཕན་བདེ་བྱེད་པ་ལ་བསླབ་པ་གཅེས།"
884153,888624,4471,"(383) བདག་འཛིན་རྩད་ནས་གཅོད་པའི་ཆོས་དྲུག་ནི། །རྒྱལ་རྣམས་བདག་གི་མགོན་སྐྱབས་བྱེད་པ་བཞིན། །"
888624,893062,4438,"བདག་གིས་དེ་དག་གྲོགས་སུ་ཅི་འགྲོ་བྱ། །རྒྱལ་སྲས་ཚོགས་རྣམས་མགོན་སྐྱབས་བྱེད་པ་བཞིན། །"
893062,896801,3739,"བདག་གིས་དེ་དག་གྲོགས་བྱ་གཞན་ཕན་སྒྲུབ། །དམ་ཅན་རྣམས་ཀྱིས་བདག་གི་གྲོགས་བྱེད་བཞིན། །"
896801,900680,3879,"བདག་གིས་དེ་དག་དམ་ཚིག་སྟོང་གྲོགས་བྱ། །སངས་རྒྱས་ཆོས་རྣམས་མགོན་སྐྱབས་གྱུར་པ་བཞིན། །"
900680,904258,3578,"བདག་གིས་ཆོས་ཀྱི་གྲོགས་གྱུར་ལེགས་བསྒྲུབ་བྱ། །བརྩེ་བའི་རང་བཞིན་བདག་གི་གྲོགས་གྱུར་བཞིན། །"
904258,909804,5546,"བདག་གིས་དེ་དག་གྲོགས་གྱུར་དགེ་ལ་འབད། །དམ་པའི་བླ་མ་བདག་གི་མགོན་གྱུར་བཞིན། །"
913814,922709,8895,"བདག་གིས་སེམས་ཅན་མགོན་གྱུར་ཕན་བྱེད་བྱ། །སྙམ་དུ་བསམ་ཞིང་གུས་པས་བསྒྲུབ་པར་བྱ། །"
922709,930113,7404,"གསུངས་དུས། སངས་རྒྱས་ཐམས་ཅད་ཀྱི་དམིགས་པ་མེད་པའི་སྙིང་རྗེ་ཅན་གྱིས་"
930113,935710,5597,"སྡུག་བསྔལ་ཅན་དང་ཆོས་ཀྱི་སྣོད་དུ་མ་གྱུར་པ་བདག་ལྟ་བུ་ལ་ཐུགས་རྗེས་རྗེས་སུ་བཟུང་སྟེ་"
935710,940132,4422,"མགོན་སྐྱབས་བྱེད་པ་བཞིན་དུ། བདག་གིས་ཀྱང་སེམས་ཅན་དེ་དག་ཐམས་ཅད་ལ་"
940132,942740,2608,"གྲོགས་སུ་ཇི་ལྟར་འགྲོ་བ་བཞིན་དུ་བྱ་བ་དང༌།"
942740,946272,3532,"རྒྱལ་སྲས་བྱང་ཆུབ་སེམས་དཔའི་ཚོགས་རྣམས་ཀྱིས་ངན་སོང་དུ་ལྷུང་བ་དང༌།"
946272,948940,2668,"སྡུག་བསྔལ་ཅན་ལ་ལྷག་པར་མགོན་སྐྱབས་བྱེད་པ་བཞིན་དུ་"
948940,952728,3788,"བདག་གིས་ཀྱང་བྱང་ཆུབ་སེམས་དཔའ་དེ་དག་གི་ཞབས་ཕྱི་ཡིས་གྲོགས་བྱ་ཞིང་"
952728,956838,4110,"གཞན་ཕན་གྱི་བསམ་པ་སྒྲུབ་པ་དང༌། དམ་ཅན་ཆོས་སྐྱོང་སྲུང་མ་རྣམས་ཀྱིས་"
956838,960041,3203,"བདག་ཆོས་བཞིན་སྤྱོད་པའི་གང་ཟག་ཅིག་རེད་བསམ་སྟེ་འགལ་རྐྱེན་བསལ།"
960041,964793,4752,"མཐུན་རྐྱེན་འགྲུབ་པའི་གྲོགས་བྱེད་པ་བཞིན་བདག་གིས་ཀྱང་དམ་ཅན་སྲུང་མ་དེ་དག་ལ་"
964793,970553,5760,"མཆོད་པ་དང་བསྟོད་པ་བྱེད་བཞིན་དམ་ཚིག་ཚུལ་བཞིན་དུ་སྲུང་བའི་༺སྟོང་གྲོགས་༻བྱེད་པ་དང༌།"
970553,974140,3587,"སངས་རྒྱས་ཀྱི་སྟོབས་བཅུ། མི་འཇིགས་བཞི། མ་འདྲེས་བཅོ་བརྒྱད་"
974140,977042,2902,"ཟག་མེད་ཀྱི་ཆོས་རྣམས་མགོན་སྐྱབས་གྱུར་པ་བཞིན་དུ་"
977042,982154,5112,"བདག་གིས་ཆོས་ཀྱི་གྲོགས་སུ་འགྲོ་བ་ཅི་དང་ཅི་ཡིན་ན་ཆོས་ཀྱི་ཡོན་ཏན་འདི་བསྒྲུབ་པར་བྱ།"
982154,985825,3671,"བརྩེ་བའི་རང་བཞིན་སེམས་ཅན་ཐམས་ཅད་བདག་གི་གྲོགས་སུ་གྱུར་པ་བཞིན།"
985825,989181,3356,"བདག་གིས་སེམས་ཅན་དེ་དག་ཐམས་ཅད་ཀྱི་གྲོགས་སུ་གྱུར་ཏེ་"
989181,991798,2617,"སེམས་ཅན་ཐར་པའི་ལམ་ལ་དགོད་པར་གྱིས།"
991798,994038,2240,"དམ་པ་དགེ་བའི་བཤེས་གཉེན་གྱི་བླ་མ་འདི་"
994038,997601,3563,"བདག་གི་ཁམས་གསུམ་འཁོར་བ་ལས་གྲོལ་བའི་མགོན་སྐྱབས་སུ་གྱུར་བ་བཞིན་དུ།"
997601,999974,2373,"བདག་གིས་སེམས་ཅན་ཐམས་ཅད་ཀྱི་མགོན་སྐྱབས་བྱེད་ནས་"
999974,1004175,4201,"ཕན་བདེ་བསྒྲུབ་པར་བྱ་སྙམ་དུ་བསམ་ཞིང་ཁ་ཞེ་མེད་པ་བསྒྲུབ་པར་བྱ།"
1004175,1008332,4157,"(384) རྣམ་དག་དྲུག་གི་རང་བཞིན་བསྟན་པ་ནི། །ཐོས་བསམ་རྣམ་དག་ཕྱོགས་མེད་དགོངས་པ་རྟོགས། །"
1008332,1012279,3947,"ལྟ་བ་རྣམ་དག་ཟུང་འཇུག་དོན་ལ་མཁས། །སྒོམ་པ་རྣམ་དག་གཉིས་འཛིན་རང་སར་སངས། །"
1012279,1016038,3759,"སྤྱོད་པ་རྣམ་དག་རང་རྒྱུད་དྲི་མ་མེད། །ཉམས་རྟོགས་རྣམ་དག་འགག་མེད་རྩལ་དུ་འབྱོངས། །"
1016038,1020303,4265,"དངོས་གྲུབ་རྣམ་དག་ཆོས་ཉིད་ཀློང་དུ་གྱུར། །དེ་ལྟར་ལྡན་ན་ཐེག་ཆེན་དོན་ལ་མཁས། །"
1020303,1025953,5650,"གསུངས་པ་འདི་དམ་པའི་ཆོས་སྤྱོད་ནའང་ཉེས་པའི་དྲི་མས་མ་གོས་པ་རྣམ་པ་དྲུག་ཡོད།"
1025953,1029650,3697,"གང་རེད་ཟེར་ན། ཐོས་བསམ་རྣམ་པར་དག་པ་འདི་ལ་ཐོས་བསམ་ཕྱོགས་རིས་མེད་པ་བྱས་"
1029650,1033441,3791,"སངས་རྒྱས་ཀྱི་དགོངས་པ་འདི་སྒྲ་ཇི་བཞིན་དུ་ལྟ་བ་དང༌།"
1033441,1037065,3624,"ལྟ་བ་རྣམ་པར་དག་པ་འདི་ཐབས་ཤེས་ཟུང་འཇུག་གི་ངང་ལ་བསྡད་སྡོད་དུས་"
1037065,1040234,3169,"དོན་ལ་མཁས་པ། སྒོམ་པ་རྣམ་པར་དག་པ་འདི་ནི་"
1040234,1043332,3098,"གཉིས་འཛིན་གྱི་འཆིང་བ་ཐམས་ཅད་རང་སར་སངས་པ་བྱེད་པ།"
1043332,1048199,4867,"སྤྱོད་པ་རྣམ་པར་དག་པ་རང་གི་རྒྱུད་ལ་ཉོན་མོངས་པ་དང་འཁྲུལ་པའི་དྲི་མ་མེད་པ་དང༌།"
1048199,1051858,3659,"ཉམས་རྟོགས་རྣམ་པར་དག་པ་འདི་འགག་མེད་རིག་པའི་རྩལ་འབྱོངས་བྱས་ཏེ་"
1051858,1056468,4610,"ཉམས་རྟོགས་ཤར་ནའང་ཕྱོགས་ཞེན་མེད་པ་འཛིན་པ་མེད་རྩལ་འབྱོངས་བ་དང༌།"
1056468,1060532,4064,"དངོས་གྲུབ་རྣམ་པར་དག་པ་མཆོག་གི་དངོས་གྲུབ་ཆོས་ཉིད་ཀྱི་དགོངས་པ་ཀློང་དུ་གྱུར་པ་སྟེ།"
1060532,1063722,3190,"དེ་ལྟར་ལྡན་ན་ཐེག་པ་ཆེན་པོའི་དོན་ལ་མཁས་པ་ཡིན།"
1063722,1067750,4028,"(385) བདག་ལས་གཞན་གཅེས་བསྒྲུབ་པའི་ཆོས་དྲུག་ནི། །བདག་གཞན་བླང་དོར་མཐོང་ཚོར་འདི་ལྟར་བྱ། །"
1067750,1071747,3997,"བདག་གི་སྡུག་བསྔལ་ཁྱད་དུ་བསད་བྱས་ལ། །གཞན་གྱི་སྡུག་བསྔལ་ཞི་ལ་བརྩོན་པ་བསྐྱེད། །"
1071747,1075153,3406,"བདག་གི་བདེ་བ་ཁྱད་དུ་བསད་བྱས་ལ། །གཞན་གྱི་བདེ་བ་བསྒྲུབ་ལ་བརྩོན་པ་བསྐྱེད། །"
1075153,1079625,4472,"བདག་གི་དུག་ལྔ་རྣམ་རྟོག་ཁྱད་བསད་ལ། །གཞན་གྱི་ཉོན་མོངས་འཇོམས་ཕྱིར་བརྩོན་པ་བསྐྱེད། །"
1079625,1083331,3706,"བདག་གི་ཡེ་ཤེས་སྐྱེ་བ་ཁྱད་བསད་ལ། །གཞན་གྱི་ཡེ་ཤེས་བསྐྱེད་ལ་བརྩོན་པ་བསྐྱེད། །"
1083331,1087246,3915,"བདག་གི་སྒྲིབ་གཉིས་སྦྱོང་བ་ཁྱད་བསད་ལ། །གཞན་གྱི་སྒྲིབ་གཉིས་སྦྱོང་ཕྱིར་བརྩོན་པ་བསྐྱེད། །"
1087246,1090999,3753,"བདག་གི་ཚོགས་གཉིས་བསག་པ་ཁྱད་བསད་ལ། །གཞན་གྱི་ཚོགས་གཉིས་བསག་ཕྱིར་བརྩོན་པ་བསྐྱེད། །"
1090999,1093662,2663,"དེ་ལྟར་སུ་བྱེད་མྱུར་དུ་རང་དོན་འགྲུབ། །"
1093662,1097656,3994,"གསུངས་དུས། བྱང་ཆུབ་སེམས་དཔའ་ཟེར་མཁན་འདི་རང་གི་དོན་ལས་"
1097656,1099490,1834,"གཞན་གྱི་དོན་ལ་གཙོ་བོ་བྱེད་དགོས་རེད།"
1099490,1107950,8460,"དེ་ནས་དེ་ཡིན་དུས་བདག་གཞན་ཐམས་ཅད་བདག་གཅེས་འཛིན་ཡོད་པ་"
1107950,1110215,2265,"དེ་བཞིན་དུ་སེམས་ཅན་ཐམས་ཅད་དང་དུ་བླང༌།"
1110215,1114571,4356,"གཞན་ད་ལྟ་སྣང་མེད་བྱས་པ་བཞིན་བདག་སྣང་མེད་བྱེད་དགོས། གང་རེད་ཟེར་ན།"
1114571,1117146,2575,"བདག་གི་ལུས་དང་སེམས་ཀྱི་སྡུག་བསྔལ་གང་ཡོད་ན།"
1117146,1122217,5071,"དེ་སྡུག་བསྔལ་མེད་པ་འཐོན་ན་ཐོན། མ་ཐོན་ན་མ་ཐོན་ཕ་བློ་ཡིས་གཏོང་ནས་ཁྱད་བསད་དེ།"
1122217,1124286,2069,"གཞན་སེམས་ཅན་རྣམས་ཀྱི་གནས་སྐབས་དང་"
1124286,1126987,2701,"མཐར་ཐུག་གི་སྡུག་བསྔལ་ཞི་བའི་ཐབས་ལ་བརྩོན་འགྲུས་བྱེད་དགོས།"
1126987,1130853,3866,"བདག་གིས་མཐོ་རིས་དང་ཐར་པའི་བདེ་བ་ཉམས་སུ་མྱོང་ན་མྱོང༌།"
1130853,1135420,4567,"མ་མྱོང་ན་མ་མྱོང་བློས་གཏང༌། གཞན་སེམས་ཅན་ཐམས་ཅད་ལ་གནས་སྐབས་བདེ་བ་དང༌།"
1135420,1139860,4440,"མཐར་ཐུག་ངེས་པ་ལེགས་པ་འཁྲིད་པའི་ཕྱིར་གོ་འཕང་ལ་འགོད་པའི་ཐབས་ལ་བརྩོན་པ་དང༌།"
1139860,1142685,2825,"བདག་གི་རྒྱུད་ཀྱི་ཉོན་མོངས་པ་དུག་ལྔའི་རྣམ་རྟོག་འདི་"
1142685,1146202,3517,"འདུལ་ཐུབ་ན་འདྲ། མ་ཐུབ་ན་འདྲ། གཞན་སེམས་ཅན་ཐམས་ཅད་ཀྱི་"
1146202,1148154,1952,"ཉོན་མོངས་ཞེ་སྡང་ཅན་ལ་བྱམས་པ།"
1148154,1152574,4420,"ཕྲག་དོག་ཅན་ལ་བསྟོད་བསྔགས་ལ་སོགས་པ་འདི་བརྩོན་པར་བྱེད་པ་དང༌།"
1152574,1156168,3594,"བདག་གི་རྒྱུད་ལ་ལྷག་མཐོང་བདག་མེད་རྟོགས་པའི་ཡེ་ཤེས་འདི་"
1156168,1159395,3227,"སྐྱེས་ན་འདྲ། མ་སྐྱེས་ན་འདྲ་སྟེ། གཞན་སེམས་ཅན་རྣམས་ཀྱི་རྒྱུད་ལ་"
1159395,1163469,4074,"ལྷག་མཐོང་བདག་མེད་རྟོགས་པའི་ཡེ་ཤེས་འདི་བསྐྱེད་པའི་ཐབས་ལ་བརྩོན་པ་དང༌།"
1163469,1166500,3031,"བདག་གི་ཉོན་ཤེས་ཀྱི་སྒྲིབ་པ་གཉིས་སྦྱང་རྒྱུ་མ་གྲུབ་ན་འདྲ།"
1166500,1170411,3911,"གཞན་ཐམས་ཅད་ཉོན་ཤེས་སྒྲིབ་པ་སྦྱང་བ་ལ་བརྩོན་འགྲུས་བྱེད་པ་དང༌།"
1170411,1173640,3229,"བདག་གི་བསོད་ནམས་དང་ཡེ་ཤེས་ཀྱི་ཚོགས་གཉིས་བསགས་པ་ཁྱད་དུ་བསད་དེ་"
1173640,1176673,3033,"གཞན་སེམས་ཅན་ཐམས་ཅད་ལ་ཚོགས་གཉིས་བསག་ཏུ་བཅུག །"
1176673,1179697,3024,"བསགས་པ་ལ་རྗེས་སུ་ཡི་རང་བའི་བརྩོན་པ་བྱེད།"
1179697,1182155,2458,"དེ་ལྟར་བྱས་ནས་བདག་བློས་བཏང་བཞག་ན་"
1182155,1185415,3260,"གཞན་དོན་བྱེད་པའི་ཞོར་ལ་རང་དོན་ཤུགས་ཀྱིས་འགྲུབ་འོང་བ་ཡིན།"
1185415,1189651,4236,"(386) དགོངས་པ་དཔག་པར་དཀའ་བའི་ཆོས་དྲུག་ནི། །རྒྱལ་སྲས་ཀུན་གྱི་སྤྱོད་པ་མ་ལུས་པ། །"
1189651,1193632,3981,"གཅིག་ཏུ་བསྡོམས་པ་བདག་གིས་སྤྱད་སྙམ་དང༌། །བདག་གིས་བྱང་ཆུབ་ཐོབ་ཚེ་བདེ་གཤེགས་རྣམས། །"
1193632,1197617,3985,"ཀུན་མཉམ་འཕྲིན་ལས་བདག་གིས་བསྒྲུབ་སྙམ་དང༌། །སེམས་ཅན་རེ་རེའི་ཕྱིར་ཡང་བདག་གིས་ནི། །"
1197617,1201524,3907,"བསྐལ་པ་གྲངས་མེད་སྡུག་བསྔལ་བཟོད་སྙམ་དང༌། །རྒྱལ་སྲས་རྣམས་ཀྱིས་སྤྱད་པར་མ་ནུས་པའི། །"
1201524,1205206,3682,"སེམས་ཅན་དོན་རབ་དཀའ་བ་སྤྱད་སྙམ་དང༌། །དཔག་ཏུ་མེད་པའི་ཞིང་ཁམས་རེ་རེར་ཡང༌། །"
1205206,1209069,3863,"སངས་རྒྱས་མཛད་པ་བསམ་ཡས་བསྒྲུབ་སྙམ་དང༌། །དེ་དག་བདག་གིས་རྫོགས་པར་མ་བྱས་ན། །"
1209069,1213283,4214,"རྒྱལ་བ་སྲས་བཅས་བསླུས་པར་འགྱུར་སྙམ་པའི། །གོ་ཆ་ཆེན་པོ་དྲུག་ནི་རྟག་ཏུ་བགོ །"
1213283,1216035,2752,"གསུངས་དུས། ད་རྒྱལ་སྲས་རྣམས་ཀྱི་སྤྱོད་པ་མ་ལུས་པ་ཐམས་ཅད་"
1216035,1222614,6579,"གཅིག་ཏུ་ཤེས་དཀའ་བ་འདི་ཆོས་དྲུག་ཤེས་དགོས། གང་རེད་ཟེར་ན།"
1222614,1226774,4160,"རྒྱལ་སྲས་བྱང་ཆུབ་སེམས་དཔའ་འཇམ་དཔལ་དབྱངས་ཀུན་ཏུ་བཟང་པོ་ལ་སོགས་པ་"
1226774,1229639,2865,"དེ་རྣམས་ཀྱི་སྤྱོད་པ་བསམ་གྱིས་མི་ཁྱབ་པ་ཡོད་པ་"
1229639,1232150,2511,"མདོ་སྡེ་རྣམས་ལས་གསུངས་པ་དེ་ལྟ་བུ་ཡིན་ན།"
1232150,1236336,4186,"དེ་ཐམས་ཅད་རང་གི་མོས་པས་དེ་ལྟར་འགྲུབ་པའི་སྨོན་ལམ་བཏབ་པ་ཡིན།"
1236336,1239199,2863,"འཇམ་དཔལ་དབྱངས་ཀྱི་མཁྱེན་རབ། སྤྱན་རས་གཟིགས་ཀྱི་སྙིང་རྗེ།"
1239199,1244427,5228,"ཀུན་ཏུ་བཟང་པོའི་སྨོན་ལམ་ཐམས་ཅད་བདག་གིས་སྤྱད་སྙམ་པ་དང་ནི།"
1244427,1250280,5853,"བདག་གིས་བྱང་ཆུབ་ཐོབ་པའི་ཚེ་སངས་རྒྱས་ཐམས་ཅད་ཀྱི་མཁྱེན་བརྩེ་ནུས་གསུམ་གྱི་རྟོགས་པ་འདི་"
1250280,1252828,2548,"གཅིག་ཏུ་བསྡུ་བ་ལ་རེད་འདི་ངས་བྱེད་སྙམ་པ།"
1252828,1257670,4842,"སེམས་ཅན་རེ་རེའི་ཕྱིར་དུའང་བདག་བསྐལ་པ་གྲངས་མེད་པ་ལ་འཁོར་བ་ན་གནས་ཏེ་"
1257670,1260393,2723,"སྡུག་བསྔལ་མྱོང་དགོས་ན་ངས་བཟོད་སྙམ་པ་དང་ནི།"
1260393,1265696,5303,"དེ་སྔོན་རྒྱལ་སྲས་བྱང་ཆུབ་སེམས་དཔའ་རྣམས་ཀྱིས་མ་བསྒྲལ་བའི་གདུལ་དཀའ་བ་ཅན་གྱི་"
1265696,1268506,2810,"སྙིགས་དུས་སེམས་ཅན་ཐམས་ཅད་ངས་འདུལ། ཐར་པའི་ལམ་ལ་བཀོད།"
1268506,1270375,1869,"བྱང་ཆུབ་སེམས་དཔའ་སུས་སྤྱོད་མི་ནུས་འདི་"
1270375,1275041,4666,"ངས་སྤྱད་བསམ་སྤོབས་པ་ཆེན་པོའི་སྒོ་ནས་སེམས་ཅན་གྱི་དོན་ལ་དཀའ་བ་སྤྱད་སྙམ་པ།"
1275041,1279621,4580,"བདེ་བ་ཅན་དང་ཟངས་མདོག་དཔལ་རི། མངོན་པར་དགའ་བ་ལ་སོགས་པའི་ཞིང་ཁམས་རེ་རེ་ལ་"
1279621,1283147,3526,"སངས་རྒྱས་ཀྱི་མཛད་པ་བསམ་གྱིས་མི་ཁྱབ་པ་ཡོད་པ་དེ་ཐམས་ཅད་"
1283147,1285935,2788,"གཅིག་ཏུ་བསྡུས་བཞག་པ་ཞིག་བདག་གིས་བསྒྲུབ་སྙམ་པ་དང༌།"
1285935,1293546,7611,"སངས་རྒྱས་ཐམས་ཅད་ཀྱི་མཛད་པ་འཕྲིན་ལས་བདག་གིས་རྫོགས་པར་མ་བྱས་ན།"
1293546,1296484,2938,"ངས་ཐེག་པ་ཆེན་པོའི་ཆོས་ལ་བརྩོན་པ་ཁས་བླངས་པ་རེད་དུས་"
1296484,1299545,3061,"རྒྱལ་བ་སྲས་དང་བཅས་པའི་དབུ་གཡོགས་ཏེ་བསླུས་པར་འགྱུར་རོ་སྙམ་"
1299545,1304696,5151,"གོ་ཆ་ཆེན་པོ་དྲུག་རྟག་ཏུ་བགོ་སྟེ་དེ་ལྟར་དུ་སྤྱོད་དགོས་པ་ཡིན།"
1304696,1310998,6302,"(387) བདུད་ཀྱིས་མི་ཐུབ་གོ་ཆ་རྣམ་དྲུག་ནི། །ཉ་པ་ཤན་པ་ཞིང་པ་དམག་མི་དང༌། །"
1310998,1315587,4589,"ཚོང་པ་བྲན་ཁོལ་འཚོ་བ་ཙམ་གྱི་ཕྱིར། །ཚ་གྲང་བཀྲེས་སྐོམ་གཅེས་པའི་སྲོག་དོར་ནས། །"
1315587,1322602,7015,"སྙོམ་ལས་མེད་པར་རྟག་ཏུ་སྒྲུབ་བྱེད་ན། །དཔེ་དྲུག་མཐོང་ནས་ཚད་མེད་འགྲོ་བའི་ཕྱིར། །"
1322602,1325990,3388,"རྙེད་དཀའི་བྱང་ཆུབ་སྒྲུབ་ལ་ནན་ཏན་བསྐྱེད། །"
1325990,1330467,4477,"གསུངས་ནས་བཟུང༌། ད་དམ་པའི་ཆོས་ཀྱི་ཆེད་དཀའ་སྤྱད་སྙིང་རུས་ཀྱི་གོ་ཆ་ཆེན་པོ་དྲུག་དགོས།"
1330467,1334540,4073,"དེ་དཀའ་སྤྱད་གོ་ཆ་དྲུག་འདི་བགོ་ཐུབ་ན་བདུད་ཀྱིས་བར་དུ་གཅོད་པ་མི་བྱེད།"
1334540,1338511,3971,"དཔེར་ན། ཉ་པ་རྣམས་རྒྱ་གར་ཚད་པའི་ནང་ཉ་གསོད་པའི་ཚེ་ན་"
1338511,1342456,3945,"གཅེར་རུ་མ་འདམ་གྱི་ནང་དུ་རྒྱུག་གང་འདྲས་འགྲོ་འདུག་རེད།"
1342456,1345960,3504,"དེ་ཙམ་ཞིག་བདག་གིས་དམ་པའི་ཆོས་ལ་སྤྱད་དགོས་འདུག་བསམ་པ་དང༌།"
1345960,1349381,3421,"ཤན་པ་རྣམས་ཀྱིས་སྲོག་གཅོད་ཀྱི་ལས་བྱེད་དུས་དཀའ་ལས་ག་ཚོད་བྱས།"
1349381,1352933,3552,"ཞིང་པ་རྣམས་ཀྱིས་ཞིང་ཁ་བཟོ་དུས་དཀའ་ལས་ག་ཚོད་བྱེད་ཀྱི་འདུག །"
1352933,1355475,2542,"དམག་མི་རྣམས་ཀྱིས་དམག་རྩེད་སྦྱོང་དུས་དཀའ་ལས་ག་ཚོད།"
1355475,1359099,3624,"ཚོང་པ་རྣམས་ཐག་རིང་པོ་ཚོང་ལ་འགྲོ་དུས་དེ་ནས་ཟས་མེད་པར་"
1359099,1362964,3865,"ཐག་རིང་པོ་ལ་ངལ་དུབ་ཀྱིས་བགྲོད་ནས་དཀའ་ལས་ག་ཚོད་བྱེད་ཀྱི་འདུག །"
1362964,1366056,3092,"བྲན་དང་གཡོག་པོ་ཐམས་ཅད་རང་གི་ལྟོ་གོས་ཀྱི་དོན་དག་ལ་"
1366056,1368529,2473,"དཔོན་པོའི་ངོ་སྲུང་སྟེ་དཀའ་ལས་ག་ཚོད་བྱེད་ཀྱི་འདུག །"
1368529,1372399,3870,"དབྱར་གྱི་ཚ་བ། དགུན་གྱི་གྲང་བ། ཟས་སྐོམ་མི་ཟ་བའི་བཀྲེས་སྐོམ།"
1372399,1376488,4089,"ཁ་ཤས་ཀྱིས་ནི་གཅེས་པའི་སྲོག་ཀྱང་དོར་འགྲོ་རེད་དུས།"
1376488,1382141,5653,"དེ་ཕྱིར་ན་དེ་བྱས་པ་དེ་འདྲ་ཞིག་གི་ཆ་ཤས་ཤིག་དམ་པའི་ཆོས་ལ་བྱེད་བཞག་ནའང་"
1382141,1385853,3712,"རང་ཐར་པ་ཐམས་ཅད་མཁྱེན་པའི་ལམ་ལ་ཉེ་འགྲོ་རེད་བསམ་སྟེ་"
1385853,1388035,2182,"སྙོམ་ལས་མེད་པ་རྟག་ཏུ་སྒྲུབ་པར་བྱེད་ན།"
1388035,1392543,4508,"གོང་གི་ཉ་པ་ཞིང་པ་ལ་སོགས་པའི་དཔེ་མཐོང་ནས་ཚད་མེད་པའི་འགྲོ་བའི་ཕྱིར།"
1392543,1396083,3540,"རྙེད་དཀའ་བའི་བྱང་ཆུབ་སྒྲུབ་པ་ལ་ནན་ཏན་བྱེད་དགོས་པ་ཡིན།"
1396083,1399277,3194,"རང་གིས་སངས་རྒྱས་གོ་འཕང་སྒྲུབ་པ་འདི་སེམས་ཅན་ཐམས་ཅད་ཀྱི་དོན་རེད།"
1399277,1402959,3682,"རང་རྐྱང་པའི་དོན་མ་རེད་དུས། དེ་ལྟར་བསམ་དགོས་གསུངས།"
1402959,1407336,4377,"(388) བདུད་དྲུག་སྤང་བར་གདམས་པའི་ཆོས་དྲུག་ནི། །ཐར་ལམ་སེམས་བསྐྱེད་གཞན་དོན་སྒོམ་སྒྲུབ་བོར། །"
1407336,1413522,6186,"རང་དོན་སྙན་གྲགས་བསྒྲུབ་ན་ཁེ་གྲགས་བདུད། །རང་རྒྱུད་ཐ་མལ་གནས་ལས་མ་འཕགས་པར། །"
1413522,1420590,7068,"འཕགས་པའི་སྤངས་རྟོགས་ཚིག་རྩོད་དྲེད་པོའི་བདུད། །རྩེ་གཅིག་བསམ་གཏན་ཕྱི་དུས་རབ་བཞག་ནས། །"
1420590,1425191,4601,"འབྲས་བུ་ཡིད་སྨོན་རེ་བ་ལེ་ལོའི་བདུད། །རི་ངོགས་དབེན་པ་བསྟེན་པ་རབ་སྤངས་ནས།"
1425191,1430685,5494,"ཁེ་སྤོགས་སོ་ནམ་འབུན་སྐྱེད་འདོད་པའི་བདུད། །ལུང་རིགས་མན་ངག་ཐོས་བསམ་རབ་སྤངས་ནས། །"
1430685,1436082,5397,"བླུན་སྒོམ་ཡིད་དཔྱོད་སྤོམ་ཡོར་རྨོངས་པའི་བདུད། །རང་སྐྱོན་ཁོང་དུ་སྦས་ནས་གཞན་གྱི་སྐྱོན། །"
1436082,1441175,5093,"མེད་ཀྱང་སྒྲོ་འདོགས་གཤེ་བ་ཕྲག་དོག་བདུད། །རང་རྒྱུད་བདུད་ཀྱིས་མ་ཟིན་ཤིན་ཏུ་གཅེས། །"
1441175,1446422,5247,"གསུངས་ནས་བཟུང༌། ད་འདི་ཡང་བདུད་ཀྱི་ལས་དྲུག་སྤང་དགོས་ཡིན།"
1446422,1450761,4339,"འདི་གང་འདྲ་རེད་ཟེར་ན། ཐར་ལམ་བྱང་ཆུབ་མཆོག་ཏུ་སེམས་བསྐྱེད་ནས་"
1450761,1453911,3150,"སེམས་བསྐྱེད་པའི་དམ་བཅའ་སྟེ་ལུང་བཞིན་དུ་"
1453911,1456650,2739,"གཞན་སེམས་ཅན་གྱི་དོན་དུ་ཏིང་ངེ་འཛིན་བསྒོམ་རྒྱུ་དང༌།"
1456650,1459664,3014,"ཚོགས་གཉིས་སྒྲུབ་པ་བོར་ཏེ་ཕ་གཡུག་བཞག་པ་དང༌།"
1459664,1464973,5309,"རང་དོན་གྱི་སྙན་གྲགས་སྒྲུབ་པའི་སྒོ་ནས་རང་ལས་གོ་ས་མཐོན་པོ།"
1464973,1469205,4232,"སྙན་གྲགས་ཆེན་པོ་དགོས་བསམ་ཁེ་གྲགས་བསྒྲུབས་བཞག་ན་དེ་ཡང་བདུད་ཀྱི་བར་ཆད་ཡིན།"
1469205,1473446,4241,"རང་རྒྱུད་ཐ་མལ་གྱི་གནས་སོ་སོ་སྐྱེ་བོ་ལས་མ་འཕགས་བཞིན་དུ།"
1473446,1476304,2858,"ཆོས་ཉིད་ཀྱི་བདེན་པ་མངོན་སུམ་དུ་ཐོབ་བསྡད་ཡོད་པའི་"
1476304,1480614,4310,"འཕགས་པའི་སྤངས་རྟོགས་ལ་ཚིག་ཙམ་གྱི་རྩོད་པ་མང་པོ་བྱེད་པ་འདི་"
1480614,1482519,1905,"ཆོས་དྲེད་དུ་འགྱུར་པའི་བདུད་ཡིན།"
1482519,1486746,4227,"རྩེ་གཅིག་ཏུ་བསམ་གཏན་སྒོམ་པ་འདི་མ་འོངས་པ་ཕྱི་དུས་ལས།"
1486746,1490328,3582,"ད་ལྟ་ལག་ཏུ་མི་ལེན་བཞག་ནས་འབྲས་བུ་འདི་མ་འོངས་པ་ན་"
1490328,1494077,3749,"སྨོན་ལམ་འདེབས་རྒྱུ་མ་གཏོགས་མེད་རེད་སོང་དུས་དེའང་བདུད་ཀྱི་བར་ཆད་ཡིན།"
1494077,1497070,2993,"རི་ངོགས་དབེན་པ་བསྟེན་ཏེ་དབེན་པའི་གནས་སུ་མི་སྡོད་པ་"
1497070,1499295,2225,"གྲོང་གསེབ་ཏུ་རྒྱུག་སྟེ་གྲོང་ཆོག་སྒྲུབ།"
1499295,1504536,5241,"ཐབས་མཁས་མང་པོ་བྱེད་དེ་ཁེ་སྤོགས་སོ་ནམ་དང་འབུན་སྐྱེད་པ་འདི་འདོད་པའི་བདུད་ཡིན།"
1504536,1507688,3152,"ལུང་རིགས་མན་ངག་ཐོས་བསམ་ལ་རྩེ་གཅིག་ཏུ་མི་བྱེད་པ་སྤངས་ནས་"
1507688,1513812,6124,"བླུན་སྒོམ་ཡིད་དཔྱོད་སྤོམ་ཡོར་གྱིས་ཞི་གནས་ལྷག་མཐོང་ལྟ་བུ་སྒྲུབ་པ་འདི་ཡང་བདུད་ཀྱི་ལས་ཡིན།"
1513812,1519894,6082,"རང་སྐྱོན་ཁོང་དུ་སྦས་ནས་གཞན་ལ་སྐྱོན་གཏན་ནས་མེད་ནའང་སྐྱོན་ཡོད་མདོག་བྱས།"
1519894,1524490,4596,"མི་སྙན་པ་མང་པོ་བསྒྲུབས་པའི་དེ་སྒོ་ནས་སྒྲོ་འདོགས་གཤེ་བ་ཕྲག་དོག་གི་བདུད།"
1524490,1528687,4197,"རང་རྒྱུད་དེ་དག་བདུད་ཀྱིས་མ་ཟིན་པ་ཤིན་ཏུ་གཅེས་ཏེ་དེ་སྤང་དགོས།"
1528687,1536679,7992,"(389) མི་བསྐྱོད་སྐྱོན་ལས་ཐར་བའི་ཆོས་དྲུག་ནི། །ཉན་རང་སེམས་ཀྱིས་མི་བསྐྱོད་རི་རྒྱལ་འདྲ། །"
1536679,1540631,3952,"ཉོན་མོངས་རྣམ་རྟོག་མི་བསྐྱོད་ནམ་མཁའ་འདྲ། །རྙེད་བཀུར་འཆིང་བས་མི་བསྐྱོད་འཕགས་པ་འདྲ། །"
1540631,1545036,4405,"ན་ཚ་སྡུག་བསྔལ་མི་བསྐྱོད་ས་གཞི་འདྲ། །བཀྲེས་སྐོམ་ཚ་གྲང་མི་བསྐྱོད་རྒྱ་མཚོ་འདྲ། །"
1545036,1549410,4374,"གདོན་བགེགས་འཚེ་བས་མི་བསྐྱོད་མེ་དཔུང་འདྲ། །དེ་དང་སུ་ལྡན་ཐེག་མཆོག་དོན་ལ་གནས། །"
1549410,1555837,6427,"ཞེས་པ་སྟེ། བར་ཆད་ཀྱིས་མི་བསྐྱོད་དེ་བར་ཆད་ཀྱི་དབང་དུ་མ་སོང་ན་"
1555837,1559432,3595,"སྐྱོན་ཐམས་ཅད་ལས་གྲོལ་ཏེ་ཐར་པའི་ཆོས་དྲུག་ཡོད། གང་རེད་ཟེར་ན།"
1559432,1561948,2516,"ཉན་ཐོས་དང་རང་སངས་རྒྱས་ཐམས་ཅད་རང་དོན་མ་གཏོགས་"
1561948,1565939,3991,"གཞན་དོན་ལ་དམིགས་ཀྱི་མ་རེད་དུས། འདི་ཉན་རང་གི་སེམས་ཀྱི་དབང་དུ་མི་འགྲོ་བ་"
1565939,1568644,2705,"གཞན་ཕན་གྱི་བསམ་པ་རིའི་རྒྱལ་བོ་རི་རབ་ལྟ་བུ་བྱ།"
1568644,1571575,2931,"ཉོན་མོངས་ཆགས་སྡང་རྨོངས་གསུམ་གྱི་རྣམ་རྟོག་གི་དབང་དུ་"
1571575,1574324,2749,"སེམས་གཡོག་པོ་རྒྱུག་མི་བཞག་པ་ནམ་མཁའ་ལྟ་བུ་བྱ།"
1574324,1578465,4141,"འཇིག་རྟེན་ཚེ་འདིའི་རྙེད་བཀུར་གྱི་འཆིང་བ་ལ་རེ་བ་མི་བྱེད་པ།"
1578465,1582053,3588,"ཆོས་བརྒྱད་བྲལ་ན་འཕགས་པ་དངོས། །"
1582053,1583961,1908,"ཆོས་བརྒྱད་སྲབ་ན་འཕགས་པའི་རིགས། །ཟེར་"
1583961,1587503,3542,"བྱང་ཆུབ་སེམས་དཔའ་ཆོས་བརྒྱད་རོ་སྙོམས་པ་ལྟ་བུ་བྱེད་དགོས།"
1587503,1590619,3116,"ན་ཚ་དང་སྡུག་བསྔལ་གྱིས་མི་བསྐྱོད་པ་དམ་པའི་ཆོས་སྒྲུབ་པ་ལ་"
1590619,1593322,2703,"དམ་བཅའ་མི་འདོར་བ་ས་གཞི་འདྲ་བ་ཞིག་དགོས།"
1593322,1597769,4447,"བཀྲེས་སྐོམ་དང་ཚ་གྲང་གིས་མི་བསྐྱོད་པ་ཐོས་བསམ་སྒོམ་གསུམ་ལ་"
1597769,1599636,1867,"བརྩོན་འགྲུས་གཅིག་ཏུ་བྱེད་པ་འདི་དཔེར་ན་"
1599636,1604196,4560,"མཐའི་རྒྱ་མཚོ་ཆེན་པོ་ལ་བཀྲེས་སྐོམ་གྱི་གདུང་བ་ཡོད་རྒྱུ་མ་རེད་དུས་དེ་ལྟ་བུ་དང༌།"
1604196,1608062,3866,"གདོན་བགེགས་ཀྱིས་འཚེ་བ་འབྱུང་ནའང་དེའི་བར་ཆད་ཀྱི་དབང་དུ་མི་གཏོང་བ།"
1608062,1611216,3154,"དཔེར་ན་མེ་ཆེན་པོ་ཞིག་འབར་འོང་གིས་ཡོད་ན་"
1611216,1615238,4022,"དེ་མེ་འདི་བསད་པའི་ཐབས་ཡོད་ཚད་ཐམས་ཅད་ཕ་ལ་འཚིག་འགྲོ་རེད་དུས་དཔེ་དེ་ལྟ་བུ་དང༌།"
1615238,1617349,2111,"དེ་དག་སུ་ལྡན་ཐེག་མཆོག་དོན་ལ་གནས། །"
1617349,1621438,4089,"(390) ཤིན་ཏུ་གཅེས་པའི་ཆོས་དྲུག་བསྟན་པ་ནི། །རང་བདེ་གཞན་བདེ་བྱེད་པ་ཤིན་ཏུ་གཅེས། །"
1621438,1626552,5114,"གོང་མས་དམན་པའི་དོན་བྱེད་ཤིན་ཏུ་གཅེས། །བདེ་ལེགས་སེམས་ཅན་དྲིན་ཤེས་ཤིན་ཏུ་གཅེས། །"
1626552,1630508,3956,"གནོད་ལན་ཕན་བདེ་བྱེད་པ་ཤིན་ཏུ་གཅེས། །རྒྱལ་བ་མཆོད་པས་སེམས་ཅན་དོན་བྱེད་གཅེས། །"
1630508,1634761,4253,"རང་བདེ་བོར་ནས་གཞན་སྡུག་བསལ་བ་གཅེས། །འདི་དག་ཐེག་ཆེན་གཞུང་སྲོལ་ཆེན་པོ་ཡིན། །"
1634761,1638596,3835,"གསུངས་ནས་བཟུང་སྟེ། ད་ཡང་ཐེག་པ་ཆེན་པོའི་ལམ་ཉམས་སུ་ལེན་པ་ལ་"
1638596,1641419,2823,"ཤིན་ཏུ་གཅེས་པའི་ཆོས་དྲུག་ཡོད། གང་རེད་ཟེར་ན།"
1641419,1645211,3792,"རང་གི་བདེ་བ་འདི་ཕར་གཡུག་ནས་གཞན་གྱི་བདེ་བ་དེ་དག་ལ་"
1645211,1647488,2277,"འགོད་པར་བྱེད་པ་ཤིན་ཏུ་གཅེས་པ་ཞིག་ཡིན།"
1647488,1650956,3468,"དེ་ནས་གོང་མ་རྣམས་ཡོན་ཏན་ལྡན་པའི་གོང་མ་ཐམས་ཅད་ཀྱིས་"
1650956,1654694,3738,"མ་ཡོན་ཏན་མེད་པའི་རྨོངས་པ་འཁོར་བ་དང་ངན་སོང་འཁྱམས་པ་འདི།"
1654694,1659527,4833,"འཁོར་བ་ངན་སོང་ལས་ཡ་བསྒྲལ་བའི་རྨོངས་པའི་དོན་བྱེད་པ་འདི་ཤིན་ཏུ་གཅེས་པ་ཡིན།"
1659527,1666080,6553,"རང་གནས་སྐབས་བདེ་བ་དང༌། མཐར་ཐུག་ངེས་པ་ལེགས་པའི་ཡོན་ཏན་ཐམས་ཅད་བྱུང་བ་འདི་"
1666080,1669038,2958,"སུའི་བཀའ་དྲིན་རེད་ཟེར་ན། སེམས་ཅན་ཐམས་ཅད་ཀྱི་བཀའ་དྲིན་ཡིན་དུས།"
1669038,1672221,3183,"སེམས་ཅན་ལ་ཉེ་རིང་ཆགས་སྡང་མེད་སེམས་ཅན་བཀའ་དྲིན་ཆེ་"
1672221,1675210,2989,"སངས་རྒྱས་བསྒྲུབ་པའི་གཞི་ཡིན་བསམ་པ་ཤིན་ཏུ་གཅེས་པ་ཡིན།"
1675210,1679690,4480,"རང་ལ་ཚུར་དགྲ་བོ་ལ་སོགས་པས་གནོད་པ་བྱས་ཏེ་ནོར་འཕྲོག་པ།"
1679690,1684264,4574,"རྡུང་རྡེག་བྱེད་པ་བྱས་ན་དེ་ལ་སླར་ཡང་ཕ་སྙིང་རྗེ་དང་ཕན་སེམས་བྱེད་པའི་སྒོ་ནས་"
1684264,1686926,2662,"གནོད་ལན་ཕན་གྱིས་འཇལ་བ་དེ་ལ་ཤིན་ཏུ་གཅེས་པ་ཡིན།"
1686926,1692899,5973,"རྒྱལ་བ་ལ་ཡ་མཆོད་པ་ཕུལ་ན་བསོད་ནམས་ཀྱི་ཚོགས་ཆེན་པོ་ཡོད་རྒྱུ་རེད་དེ།"
1692899,1698102,5203,"དེ་བས་ཀྱང་སེམས་ཅན་གྱི་དོན་བྱས་ན་སངས་རྒྱས་ཀྱི་དགོངས་པ་ངོ་མ་དེ་རེད་དུས་"
1698102,1703021,4919,"སེམས་ཅན་གྱི་དོན་བྱེད་པ་གཅེས། རང་བདེ་པོ་ཡིན། སྐྱིད་པོ་ཡོད་བསམ་རྒྱུ་བློ་འདི་བོར་ནས་"
1703021,1706416,3395,"གཞན་གྱི་སྡུག་བསྔལ་བསལ་བར་བྱེད་པ་ཤིན་ཏུ་གཅེས་ཏེ།"
1706416,1709599,3183,"དེ་དྲུག་ནི་ཐེག་པ་ཆེན་པོའི་ལམ་གྱི་གཞུང་སྲོལ་ཆེན་པོ་ཡིན།"
1709599,1713421,3822,"(391) བཀའ་དྲིན་ཆེ་བའི་གདམས་པ་རྣམ་དྲུག་ནི། །འཚེ་བས་ཉེན་ནས་ཆོས་དང་ཕྲད་པ་སྟེ། །"
1713421,1717022,3601,"ཐར་ལམ་རྙེད་པས་གནོད་བྱེད་བཀའ་དྲིན་ཆེ། །སྡུག་བསྔལ་ཡིད་བྱུང་ཆོས་དང་འཕྲད་པ་དེ། །"
1717022,1720935,3913,"གཏན་བདེ་རྙེད་པས་སྡུག་བསྔལ་བཀའ་དྲིན་ཆེ། །མི་མིན་གནོད་པས་ཆོས་དང་འཕྲད་པ་དེ། །"
1720935,1725101,4166,"འཇིགས་མེད་རྙེད་པས་འདྲེ་གདོན་བཀའ་དྲིན་ཆེ། །མི་སོགས་སྡང་བས་ཆོས་དང་འཕྲད་པ་དེ། །"
1725101,1728726,3625,"ཕན་བདེ་རྙེད་པས་སྡང་བྱེད་བཀའ་དྲིན་ཆེ། །རྐྱེན་ངན་དྲག་པོས་ཆོས་དང་འཕྲད་པ་དེ། །"
1728726,1732804,4078,"འགྱུར་མེད་ལམ་རྙེད་རྐྱེན་ངན་བཀའ་དྲིན་ཆེ། །གཞན་གྱིས་བསྐུལ་བས་ཆོས་དང་འཕྲད་པ་དེ། །"
1732804,1738011,5207,"སྙིང་པོའི་དོན་རྙེད་བསྐུལ་མཁན་བཀའ་དྲིན་ཆེ། །མཉམ་དུ་དྲིན་གཟོ་དགེ་བ་དེ་ལ་བསྔོ། །"
1738011,1741375,3364,"གསུངས་པ་འདི། རང་ལ་རྒྱལ་པོས་ཆད་པ་ལྟ་བུ་དང༌།"
1741375,1743997,2622,"དམག་མིས་འཚེ་བ་ལྟ་བུ་འབྱུང་ན་དེ་ལ་སྐྲག་སྟེ།"
1743997,1747917,3920,"གཞན་ཞིག་ཏུ་འགྲོ་ནས་དམ་པའི་ཆོས་གཙོ་བོར་བྱས་བརྩོན་པར་བྱས་ན་"
1747917,1752193,4276,"ཆོས་དང་འཕྲད་པ་དེ་ཐར་པ་བྱང་ཆུབ་ཀྱི་ལམ་བགྲོད་སོང་རེད་དུས།"
1752193,1755259,3066,"གཞན་གྱིས་གནོད་པ་བྱས་པ་འདི་ཤིན་ཏུ་བཀའ་དྲིན་ཆེན་པོ་རེད།"
1755259,1759295,4036,"ཆོས་ལ་བསྐུལ་བ་རེད་ཟེར། སྡུག་བསྔལ་གྱིས་ཡིད་བྱུང་ནས་དམ་པའི་ཆོས་དང་འཕྲད་པ་འདི།"
1759295,1762742,3447,"སྡུག་བསྔལ་འདིས་རྐྱེན་བྱས་ནས་གཏན་གྱི་བདེ་བ་རྙེད་པ་དཔེར་ན་"
1762742,1766874,4132,"རྗེ་བཙུན་མི་ལའི་རྣམ་ཐར་ལྟ་བུ་རེད་དུས། དེ་སྡུག་བསྔལ་དེའང་བཀའ་དྲིན་ཆེ་བ་ཡིན།"
1766874,1771580,4706,"མི་མ་ཡིན་གྱིས་ཚེ་སྲོག་ལ་གནོད་པ་བསྐྱལ་ནས་ནད་དང་གདོན་མང་པོ་འོང་རྒྱུ་"
1771580,1774047,2467,"དེ་ལས་སྐྱོབ་པའི་དོན་དུ་དམ་པའི་ཆོས་བྱས་བཞག་ན་"
1774047,1777658,3611,"སླར་ཡང་འཇིགས་པ་མེད་པའི་བདེ་བ་རྙེད་པས་ན།"
1777658,1781283,3625,"རང་ལ་གནོད་བྱེད་ཀྱི་འདྲེ་གདོན་དེ་དག་བཀའ་དྲིན་ཆེན་པོ་ཡིན་ཟེར།"
1781283,1784203,2920,"དེ་ནས་ཕ་མས་སྡང་སེམས་བྱས་ཏེ་ཁྱིམ་དུ་མ་བཞག་པ་"
1784203,1787078,2875,"ཕྱི་རོལ་དུ་དབྱུང་ཡོང་བ་ལ་སོགས་པ་ལྟ་བུ་ཡིན་ན།"
1787078,1790314,3236,"དེའི་རྐྱེན་གྱིས་དམ་པའི་ཆོས་དང་འཕྲད་ནས་ཕན་བདེ་རྙེད་པས་ན་"
1790314,1793224,2910,"སྡང་བར་བྱེད་པའི་མི་འདིའང་བཀའ་དྲིན་ཆེན་པོ་ཡིན།"
1793224,1797550,4326,"དེ་ནས་ན་ཚ་གདོན་བགེགས་རྐྱེན་ངན་བར་ཆད་མང་པོ་འོང་ནས་དམ་པའི་ཆོས་ལ་བརྩོན།"
1797550,1801097,3547,"འགྱུར་མེད་བདེ་བ་ཆེན་པོའི་ལམ་རྙེད་པས་བཀའ་དྲིན་ཆེ་བ་ཡིན།"
1801097,1806351,5254,"གཞན་དགེ་བའི་བཤེས་གཉེན་དང་ཆོས་ཀྱི་གྲོགས་པོ་རྣམས་ཀྱིས་ཁྱེད་ཆོས་སྒྲུབ་བླ་མ་བསྟེན།"
1806351,1808496,2145,"ཐོས་བསམ་སྒོམ་གསུམ་བྱས་ཡག་པོ་རེད་ཟེར་ན།"
1808496,1811143,2647,"དེའི་ཁ་ལ་ཉན་ནས་དམ་པའི་ཆོས་དང་འཕྲད་འོང་བ་འདི།"
1811143,1815284,4141,"སྙིང་པོའི་དོན་རྙེད་པས་ན་ཆོས་ལ་བསྐུལ་མཁན་བྱེད་པ་འདི་བཀའ་དྲིན་ཆེ།"
1815284,1817507,2223,"དེ་བཀའ་དྲིན་ཆེ་བའི་ཡུལ་དྲུག་པོ་འདི་ལ།"
1817507,1820449,2942,"རང་གིས་དགེ་བ་གང་བྱེད་པ་འདི་ཕན་ལན་དུ་"
1820449,1823480,3031,"དྲིན་ལན་ལ་བསྔོ་བ་ཡང་ནས་ཡང་དུ་བྱེད་དགོས་པ་ཡིན།"
1823480,1828814,5334,"(392) འཚེ་བ་ལམ་སློང་གཏན་ཚིགས་རྣམ་དྲུག་ནི། །གནོད་པའི་སྐྱབས་གནས་བླ་མ་ཕྲད་ཕྱིར་དང༌། །"
1828814,1832826,4012,"སྡུག་བསྔལ་སྐྲག་ནས་ཆོས་ལ་འཇུག་ཕྱིར་དང༌། །ཚད་མེད་གཅིག་སྐྱེས་སེམས་བསྐྱེད་འཕེལ་ཕྱིར་དང༌། །"
1832826,1836857,4031,"སེམས་ཅན་དོན་སྦྱངས་བསག་སྦྱོང་བརྩོན་ཕྱིར་དང༌། །རང་ངོ་བལྟས་པས་རྟོགས་པ་བསྐྱེད་ཕྱིར་དང༌། །"
1836857,1841938,5081,"ས་ལམ་ཡོན་ཏན་གོང་དུ་འཕེལ་ཕྱིར་དང༌། །དགེ་ལ་བསྐུལ་ཕྱིར་གནོད་འཚེ་དང་དུ་བླང༌། །"
1841938,1846383,4445,"གསུངས་ནས་བཟུང༌། དེ་ཡང་འཚེ་བ་ལམ་དུ་སློང་བའི་གཏན་ཚིག་རྣམ་པ་དྲུག་ཡོད།"
1846383,1850829,4446,"གང་རེད་ཟེར་ན། གཞན་གྱིས་གནོད་པ་བྱེད་སོང་ན་དེ་གནོད་པ་ལས་སྐྱབས་པའི་ཕྱིར་དུ།"
1850829,1853533,2704,"ནད་གདོན་གྱི་གནོད་པ་ལས་སྐྱབས་པའི་ཕྱིར་བླ་མ་བསྟེན་ཏེ་"
1853533,1856748,3215,"བླ་མའི་ཞབས་པད་ཀྱིས་ཟིན་སོང་ན་དེའི་བཀའ་དྲིན་ཆེན་པོ་ཡིན།"
1856748,1860577,3829,"འཁོར་བ་དང་ངན་སོང་གི་སྡུག་བསྔལ་ལ་སྐྲག་ནས་དམ་པའི་ཆོས་ལ་འཇུག་ན་"
1860577,1862726,2149,"སྡུག་བསྔལ་འདིའང་བཀའ་དྲིན་ཆེན་པོ་ཡིན།"
1862726,1869541,6815,"ཚད་མེད་བཞི་བྱམས་པ་སྙིང་རྗེ་དགའ་བ་བཏང་སྙོམས་"
1869541,1873522,3981,"ཚད་མེད་བཞི་རྒྱུད་ལ་སྐྱེ་ནུས་པ་ཞིག་འབྱུང་ན་བྱང་ཆུབ་ཀྱི་སེམས་བསྐྱེད་པ་འདི་"
1873522,1875395,1873,"གོང་ནས་གོང་དུ་འཕེལ་བར་འགྱུར་བ་ཡིན།"
1875395,1878274,2879,"དེ་ནས་གདུལ་དཀའ་བའི་སེམས་ཅན་ཐམས་ཅད་ཀྱི་དོན་དུ།"
1878274,1881739,3465,"ཚོགས་གཉིས་བསགས་པ་དང༌། སྒྲིབ་གཉིས་སྦྱོང་བ་ལ་བརྩོན་པར་བྱས་ན་"
1881739,1884790,3051,"དེའང་བཀའ་དྲིན་ཆེན་པོ་ཡིན། ཆོས་ཉིད་ཀྱི་རང་ངོ་བལྟས་པས་"
1884790,1888539,3749,"གནས་ལུགས་ཀྱི་རྟོགས་པ་རྒྱུད་ལ་སྐྱེ་བར་བྱས་ན་དེའང་བཀའ་དྲིན་ཆེན་པོ་ཡིན།"
1888539,1891401,2862,"ས་ལམ་གྱི་ཡོན་ཏན་ཐམས་ཅད་གོང་ནས་གོང་དུ་འཕེལ་བའི་ཆེད་"
1891401,1894704,3303,"རང་གིས་དགེ་བ་ལ་བསྐུལ་བ་འདི་བློས་བཏང༌།"
1894704,1901921,7217,"གཞན་གྱིས་གནོད་འཚེ་དང་དུ་བླང་བ་དེ་ལྟ་བུ་ཆོས་སྒྲུབ་པའི་གཏན་ཚིགས་དྲུག་པོ་ཡིན། "