0,3927,3927,"གསུམ་པ་སྐྱེ་འགག་གྲོལ་བར་ས་བཟུང་ནི། །མཁའ་ལྟར་སྐྱེ་གཞི་མ་གྲུབ་སྐྱེ་བའི་མཐའ་ལས་གྲོལ། ། རོལ་པ་མ་འགགས་འགག་པའི་མཐའ་ལས་གྲོལ། །སྐྱེ་དུས་སྐྱེ་མེད་གཉིས་ཀའི་མཐའ་ལས་གྲོལ། །"
3927,7726,3799,"ལྟ་བྱེད་མ་གྲུབ་གཉིས་མེད་མཐའ་ལས་གྲོལ། །རང་བཞིན་དབྱིངས་གཅིག་དག་པར་རྟོགས་པར་གྱིས། །"
7726,11776,4050,"གསུངས་དུས། གསུམ་པ་ཆོས་ཉིད་ཀྱི་ལྟ་བ་དེ་ལ་གསར་དུ་སྐྱེ་བ་མེད་དུས་"
11776,15800,4024,"ཕར་འགག་པའང་ཡོད་རྒྱུ་མ་རེད། སྐྱེ་འགག་གཉིས་དང་གྲོལ་བའི་ས་བཟུང་བ་དེ་ལ།"
15800,20005,4205,"ནམ་མཁའ་ནི་ཐོག་མར་གང་དུ་སྐྱེས། ད་ལྟ་གང་དུ་འགག །"
20005,26872,6867,"སྐྱེ་བའི་གཞི་གཏན་ནས་ཡོད་རྒྱུ་མ་རེད་དུས། དཔེ་དེ་བཞིན་དུ་ཆོས་ཉིད་ཀྱི་ངོ་བོ་དེ་སྐྱེ་སའི་ཡུལ།"
26872,30617,3745,"སྐྱེ་རྒྱུའི་ཆོས་ཉིད་ཟེར་མཚན་མ་གྲུབ་པ་མེད་པས་སྐྱེ་བའི་མཐའ་ལས་གྲོལ།"
30617,33884,3267,"ཆོས་ཉིད་ཀྱི་རོལ་པ་སྣང་ལ་མ་འགགས་པ་ཐམས་ཅད་"
33884,36782,2898,"རོལ་པ་འགག་པ་མེད་པའི་རང་བཞིན་གྱིས་མཐོང་ཡོང་དུས།"
36782,39350,2568,"དཔེར་ན་ནམ་མཁའ་ལ་འཇའ་ཚོན་ཤར་བ་དེ་ཉིད་"
39350,42137,2787,"འཇའ་ཚོན་གྱིས་ཕར་ནམ་མཁའ་ལ་སྒྲིབ་ཀྱི་མ་རེད།"
42137,44493,2356,"ནམ་མཁས་འཇའ་ཚོན་ལ་གང་ཡང་བྱེད་ཀྱི་མ་རེད།"
44493,48355,3862,"དཔེ་དེ་ལྟར་དུ་སེམས་ཀྱི་རོལ་བ་འགག་པ་མེད་པ་འདི་ཡོད་ནས་བཟུང་སྟེ་"
48355,53334,4979,"ཡང་ཐ་མ་འགག་རྒྱུ་ཡོད་མ་རེད། ནམ་མཁའང་འདུས་མ་བྱས་པ་རེད་དེ་ཡིན་དུས།"
53334,55991,2657,"རོལ་པ་མ་འགགས་འགག་པའི་མཐའ་ལས་གྲོལ།"
55991,61576,5585,"སྐྱེ་འོང་པའི་དུས་ན་སྐྱེ་མེད་དབྱེར་མེད་ཆོས་རྣམས་ཡོད་མེད་གཉིས་ཀྱི་མཐའ་ལས་གྲོལ།"
61576,65550,3974,"ལྟ་བྱེད་ཀྱི་ཡུལ་མ་གྲུབ་པས་ཡོད་མེད་གཉིས་མེད་ཀྱི་མཐའ་ལས་གྲོལ་བ་ཡིན།"
65550,68951,3401,"རང་བཞིན་དབྱིངས་གཅིག་གི་བདག་ཉིད་དོན་འདི་རྟོགས་པར་གྱིས་ཤིག །"
68951,72784,3833,"བཞི་པ་སྣང་སྟོང་ལས་གྲོལ་ས་བཟུང་ནི། །རང་བཞིན་གསལ་བས་སྟོང་པའི་མཐའ་ལས་གྲོལ། །"
72784,76747,3963,"རྣམ་པར་མི་རྟོག་སྣང་བའི་མཐའ་ལས་གྲོལ། །དབྱེ་བསལ་མེད་པས་གཉིས་ཀའི་མཐའ་ལས་གྲོལ། །"
76747,81263,4516,"གཟའ་གཏད་མེད་པས་གཉིས་མེད་མཐའ་ལས་གྲོལ། །རང་གྲོལ་མཉམ་པ་ཆེན་པོར་ཤེས་པར་གྱིས། །"
81263,85875,4612,"གསུངས། བཞི་པ་ཆོས་ཉིད་ཀྱི་ལྟ་བ་དེ་སྣང་ཆ་ཀ་བ་བུམ་པ་ལྟ་བུ།"
85875,90706,4831,"སྟོང་ཆ་ཅི་ཡང་མེད་པའི་སྟོང་པ་ཆད་སྟོང་གཉིས་ཀྱི་གྲོལ་ས་བསྟན་པ་ནི།"
90706,94877,4171,"ཆོས་ཉིད་ཀྱི་ངོ་བོ་སྟོང་པ་ཉིད་ཡིན་ནའང་རང་བཞིན་གསལ་བ་ཡིན་པའི་ཕྱིར་ན་"
94877,98639,3762,"སྟོང་པ་ཆད་པའི་མཐའ་ལས་གྲོལ་བ་ཡིན། རང་བཞིན་གསལ་བ་དེ་ལ་"
98639,103071,4432,"ཡུལ་དང་ཡུལ་ཅན་གྱི་རྣམ་པར་མི་རྟོག་པས་ན་སྣང་བའི་མཐའ་ལས་གྲོལ་བ་ཡིན།"
103071,109434,6363,"རང་བཞིན་གསལ་བ་དང་རྣམ་པར་མི་རྟོག་པ་གཉིས་ཀ་སོ་སོ་རེ་དབྱེ་བ་མེད་པས་ན་"
109434,112790,3356,"གཉིས་ཀའི་མཐའ་ལས་གྲོལ་བ་ཡིན། དེ་ལ་དེ་ཡིན་འདི་ཡིན་ཟེར་རྒྱུ་"
112790,115665,2875,"དམིགས་གཏད་ཀྱི་གཟའ་གཏད་མེད་པས་ན་གཉིས་མེད་ཀྱི་མཐའ་ལས་གྲོལ།"
115665,118060,2395,"རང་གྲོལ་མཉམ་པ་ཆེན་པོར་ཤེས་པར་གྱིས།"
118060,122522,4462,"ལྔ་པ་རྟག་ཆད་ལས་གྲོལ་ས་བཟུང་ནི། །ཅི་ཤར་ངོ་བོ་སྟོང་པས་རྟག་པའི་མཐའ་ལས་གྲོལ། །"
122522,127341,4819,"སྟོང་པ་སྣ་ཚོགས་འཆར་བས་ཆད་པའི་མཐའ་ལས་གྲོལ། །སྣང་སྟོང་འདུ་འབྲལ་མེད་པས་གཉིས་ཀའི་མཐའ་ལས་གྲོལ། །"
127341,132601,5260,"ལྟ་མཁན་རང་ངོ་དག་པས་གཉིས་མེད་མཐའ་ལས་གྲོལ། །ཐམས་ཅད་ཡེ་ནས་མ་སྐྱེས་གདོད་ནས་དག་པར་གཟུང༌། །"
132601,137507,4906,"གསུངས། ད་ཆོས་ཉིད་ཀྱི་ངོ་བོ་ལ་རྟག་ཆད་ལས་གྲོལ་བའི་ཚུལ་ཡིན་ན།"
137507,142325,4818,"ཆོས་ཉིད་ཀྱི་ངོ་བོ་ལས་ཅི་ཤར་ནའང་ངོ་བོ་སྟོང་པ་ལས་མ་འདས་པ་ཡིན་པའི་ཕྱིར་ན་"
142325,146460,4135,"རྟག་བརྟན་ཐེར་ཟུག་ཕྱི་རོལ་མུ་སྟེགས་པའི་བདག་ཤེས་རིག་གི་སྐྱེས་བུ་ཟེར་བ་"
146460,150449,3989,"དེའི་མཐའ་ལས་གྲོལ་བ་ཡིན། སྟོང་པ་དེའང་ནང་ནས་རོལ་པ་འགག་པ་མེད་པ་"
150449,153084,2635,"འཁོར་འདས་ཀྱི་སྣ་ཚོགས་ཐམས་ཅད་སྣང་བསྡད་པའི་ཕྱིར་ན།"
153084,157983,4899,"ཅི་ཡང་མེད་པ་ཆད་ལྟའི་མཐའ་ལས་གྲོལ་བ་ཡིན། སྣང་བའི་ཕུགས་འདི་སྟོང་པ་ལ་ཤར།"
157983,162024,4041,"སྟོང་པའི་བདག་ཉིད་སྣང་བ་ཤར། སྣང་སྟོང་གཉིས་སོ་སོར་འདུ་འབྲལ་མེད་པས་ན་"
162024,164371,2347,"རྟག་ཆད་གཉིས་ཀའི་མཐའ་ལས་གྲོལ་བ་ཡིན།"
164371,167678,3307,"དེ་སྣང་སྟོང་འདུ་འབྲལ་མེད་པའི་ཆོས་ཉིད་འདི་ངོ་ཤེས་འོང་དུས་"
167678,171376,3698,"ལྟ་མཁན་གྱི་མཁན་པོ་གཅིག་དང༌། བལྟ་སའི་ཡུལ་གཉིས་མེད་པས་ན་"
171376,176727,5351,"གཉིས་མེད་ཀྱི་མཐའ་ལས་གྲོལ་བ་ཡིན། ཐམས་ཅད་ཡེ་ནས་མ་སྐྱེས་གདོད་ནས་དག་པར་ཟུངས་ཤིག །"
176727,184184,7457,"དྲུག་པ་བཟང་ངན་གྲོལ་བར་ས་བཟུང་ནི། །མཐོན་པོར་མ་ཆད་བཟང་པོའི་མཆོག་འཛིན་སངས། །"
184184,189078,4894,"དམའ་མོར་མ་ཆད་ངན་པའི་སྤང་བློ་སངས། །གཉིས་སུ་མ་ཆད་གཉིས་འཛིན་རང་སར་སྟོང༌། །"
189078,193413,4335,"གཉིས་མེད་མ་ཆད་མུ་མཐའ་ཀུན་ལས་གྲོལ། །དེ་ལྟར་ལྟ་བའི་རྫོང་ཆེན་མ་ཤེས་ན། །"
193413,199463,6050,"རང་ཚུགས་མི་ཐུབ་གོལ་སྒྲིབ་ལྡང་བ་དང༌། །འོག་མའི་དོན་ལས་བོགས་མི་ཐོན་པར་འགྱུར། །"
209838,214134,4296,"གང་རེད་ཟེར་ན། ཆོས་ཉིད་ཀྱི་ལྟ་བ་འདི་ཡར་མཐོ་བཞག་རྒྱུའི་མཐོ་མཐོ་བྱས་"
214134,218382,4248,"ང་རྒྱལ་རློམ་སེམས་ཡོད་རྒྱུ་མ་རེད་དུས། དེ་ཕྱིར་ན་བཟང་པོའི་མཆོག་འཛིན་བྲལ་བ་རེད།"
218382,220704,2322,"དེ་ནས་ན་ཚ་གདོན་བགེགས་རྐྱེན་ངན་འབྱུང་ན།"
220704,225249,4545,"འབྱུང་ཡུལ་འདི་མ་དམའ་ཞུམ་བཞག་རྒྱུ་ཡོད་མ་རེད་དེ་ངན་པའི་མཐའ་ལས་གྲོལ་བ་ཡིན།"
225249,229604,4355,"བཟང་ངན་གཉིས་རིས་སུ་མ་ཆད་པས་གཉིས་འཛིན་རང་སར་དུ་གྲོལ་བ་ཡིན།"
229604,236364,6760,"གཉིས་མེད་ཀྱི་ངོ་བོ་དེ་གཉིས་མེད་མ་ཆད་པས་ན། ཡོད་མེད།"
236364,240436,4072,"མིན་མེད་གཉིས་ཀ་ལས་གྲོལ་བ་ཡིན། དེ་ལྟར་ལྟ་བའི་རྫོང་ཆེན་གྱི་གནད་དྲུག་འདི་"
240436,246330,5894,"ཚུལ་བཞིན་དུ་མ་ཤེས་ན་ཆོས་ཉིད་ཀྱི་ངོ་བོ་རང་ཚུགས་མི་ཐུབ།"
246330,249701,3371,"ཆོས་ཉིད་དངོས་པོ་ཞེན་པ་ལ་སོགས་པའི་གོལ་སྒྲིབ་ལྡང་བ་དང༌།"
249701,255836,6135,"ཐེག་པ་འོག་མའི་ལྟ་བའི་དོན་ལས་བོགས་འཐོན་པ་མི་འགྱུར་བ་ཡིན་པས་ན།"
255836,259452,3616,"དེས་ན་ས་བཟུང་གནད་ཀྱི་མན་ངག་གཅེས་པ་ཡིན་ནོ། །"
259452,264111,4659,"(401)རྣམ་རྟོག་གྲོགས་སུ་སློང་བའི་ཆོས་དྲུག་ནི། །རྣམ་ཤེས་རང་ཡལ་བསེར་བུ་ལྟ་བུར་ཁྱེར། །"
264111,268819,4708,"རང་བྱུང་ཡེ་ཤེས་ནང་ནས་འཆར་བ་ཡིན། །འགྱུ་བ་རང་དག་བར་སྣང་གློག་ལྟར་སྦྱངས། །"
268819,275698,6879,"ཅི་འགྱུས་རང་གསལ་ཡེ་ཤེས་འཆར་བ་ཡིན། །དྲན་པ་རང་སངས་ཆུ་རྙོག་ལྟ་བུར་ཁྱེར། །"
275698,281653,5955,"ཅི་དྲན་རང་བྱུང་རྒྱལ་བའི་དགོངས་པར་འཆར། །ཅི་རྟོག་ཆོས་ཉིད་ལིངས་པ་གྲོགས་སུ་ཁྱེར། །"
281653,286191,4538,"བླང་དོར་མེད་པའི་དགོངས་པ་ཁོང་ནས་འཆར། །འཛིན་མེད་རང་ཟད་ཡུལ་མེད་གྲོགས་སུ་ཁྱེར། །"
286191,292747,6556,"གཞི་མེད་མཐོང་ཡལ་ཡེ་ཤེས་རང་ལ་འཆར། །རང་གདངས་གསལ་དག་ཀློང་གསལ་གྲོགས་སུ་ཁྱེར། །"
292747,298727,5980,"ཝལ་པོ་རྗེས་མེད་ཡེ་ཤེས་ཁོང་ནས་འཆར། །དེ་ལྟར་ཉམས་སུ་ལེན་པའི་རྣལ་འབྱོར་ལ། །"
298727,304867,6140,"རྣམ་རྟོག་ཉིད་ལས་ཡེ་ཤེས་འཆར་བ་ཡིན། །ཤིང་སྐམ་དག་ལས་མེ་ཆེན་འབར་བ་ལྟར། །"
304867,307359,2492,"ཐམས་ཅད་གྲོགས་སུ་འཆར་བ་ཤིན་ཏུ་གཅེས། །"
307359,313886,6527,"གསུངས་ནས་བཟུང༌། ད་ལྟ་འཁྲུལ་པའི་རྩ་བ་འདྲ་འདི་གང་རེད་ཟེར་ན།"
313886,318887,5001,"རྣམ་རྟོག་འདི་རེད། རྣམ་རྟོག་འདིའི་མཚན་ཉིད་དེ་ཤེས་སོང་ན་སྒོམ་གྱི་གྲོགས་སུ་འགྲོ་ཡི་རེད།"
318887,322167,3280,"རྣམ་རྟོག་གི་མཚན་ཉིད་མ་ཤེས་ན་སྒོམ་གྱི་གྲོགས་སུ་མ་རེད་དུས།"
322167,326051,3884,"དེ་ནས་རྣམ་རྟོག་གྲོགས་སུ་སློང་བའི་ཆོས་དྲུག་ཡོད། གང་རེད་ཟེར་ན།"
326051,331120,5069,"རྣམ་རྟོག་འདི་རང་གི་སེམས་ལ་ཤར་འོང་དུས་ཤར་མ་ཐག་ཏུ་ཡལ་འགྲོ།"
331120,334796,3676,"དཔེར་ན་བར་སྣང་གི་བསེར་བུ་ལྟ་བུ་ཞིག་བར་སྣང་གི་རླུང་ལྟ་བུ་ཡིན༌།"
334796,340198,5402,"དེ་ཡིན་པ་འདི་ངོ་ཤེས་སོང་ན་རྣམ་རྟོག་གི་བསེར་བུ་འགྲོ་ཚར་དུས་"
340198,342080,1882,"ནམ་མཁའ་སྟོང་གསལ་ལྷག་བསྡད་རེད།"
342080,346013,3933,"དཔེ་དེ་ལྟར་རང་བྱུང་ཡེ་ཤེས་ཁོག་པའི་ནང་ནས་འཆར་འོང་བ་ཡིན།"
346013,352858,6845,"ད་ལྟ་རྣམ་རྟོག་མང་པོ་སེམས་ལ་འགྱུ་འོང་དུས་དེ་འགྱུ་བ་འདི།"
352858,355644,2786,"འགྱུ་བ་གཅིག་གི་རྗེས་སུ་མི་ཆད་པ་བར་སྣང་གི་གློག་"
355644,358325,2681,"སྐད་ཅིག་དང་པོ་ན་ཡོད་ན་གཉིས་པ་ན་ཡལ་འགྲོ་རེད་དུས།"
358325,362342,4017,"དཔེ་དེ་བཞིན་དུ་རྣམ་རྟོག་དང་པོ་ཆགས་སྡང་གི་རྣམ་རྟོག་ཡོད་ན་འདྲ།"
362342,366382,4040,"དད་པ་ལ་སོགས་པའི་དགེ་བའི་རྣམ་རྟོག་ཡོད་ན་འདྲ། བར་སྣང་ལ་གློག་ལྟ་བུ་ཞིག་ཤར་དུས།"
366382,371070,4688,"ཤར་མ་ཐག་ཆོས་ཉིད་སྟོང་པ་ཉིད་ལ་ཁོང་ཕར་སྦྱོང་ཐུབ་ན།"
371070,375329,4259,"རྣམ་རྟོག་ཅི་འགྱུ་བ་ཐམས་ཅད་ཡེ་ཤེས་སུ་འཆར་བ་མ་གཏོགས་འགྱུ་བ་མིན་གསུངས།"
375329,383569,8240,"བླང་དོར་གྱི་གནས་མི་བརྗེད་པའི་དྲན་པ་དེ་ལ་ཆེད་དུ་འཛིན་པ་མེད་པ་རང་གྲོལ་དུ་འགྲོ་བ།"
383569,388090,4521,"ཆུ་རྙོག་མ་ཅན་ཞིག་ཡོད་ན་ཆུ་ལ་སྒུལ་མ་བསྡད་ན་ཆུ་རྙོག་མ་དངས་འོང་རེད།"
388090,391243,3153,"དཔེ་དེ་བཞིན་དུ་མ་བསྒུལ་བ་བཞག་བཞག་ན་"
391243,394722,3479,"རྣམ་རྟོག་འདི་རྗེས་མ་དཔྱད་ནས་ཡལ་མི་འགྲོ་ཐབས་ཡོད་མ་རེད།"
394722,398484,3762,"དེ་ཡལ་སོང་ན་ཅི་དྲན་ཐམས་ཅད་རང་བྱུང་སངས་རྒྱས་ཀྱི་དགོངས་པ་ཡིན།"
398484,404794,6310,"སེམས་ལ་རྣམ་པར་རྟོག་པ་ཅི་རྟོག་ནའང་ཆོས་ཉིད་ཀྱི་ངང་ན་ལིངས་ལིངས་འགྲོ་བ་མ་གཏོགས།"
404794,409064,4270,"རྣམ་རྟོག་གིས་ཆོས་ཉིད་སྒྲིབ་མ་ཐུབ་ནས་ཆོས་ཉིད་ལིངས་པ་ཟེར་དུས།"
409064,412930,3866,"སྤྲིན་ལིངས་ལིངས་ཆུང་ཆུང་ཞིག་སྤྲིན་འདིས་ནམ་མཁའ་སྒྲིབ་ཐུབ་རྒྱུ་མ་རེད།"
412930,416920,3990,"དེ་ལྟ་བུ་གྲུབ་ནས་དགེ་སྡིག་བླང་དོར་མེད་པའི་གོ་འཕང་ཞིག་གཞི་ནས་ཤར།"
416920,419832,2912,"དེ་ནས་རྣམ་རྟོག་ལ་བཟང་ངན་གྱི་འཛིན་པ་ཟད་ནས།"
419832,425372,5540,"ཡུལ་དང་རྣམ་རྟོག་གཉིས་ལག་པ་སྦྲེལ་འོང་ན་དེ་ནས་རྣམ་རྟོག་མང་པོ་རེད་འོང་རྒྱུ་རེད་དེ།"
425372,428465,3093,"དེ་མ་ཡིན་པ་གྲོགས་སུ་ཤར་ན་གཞི་མེད་རྩལ་བྲལ་མཐོང་ནས་"
428465,432844,4379,"ཡེ་ཤེས་རང་ལ་འཆར་བ་ཡིན། ཆོས་ཉིད་ཀྱི་རང་གདངས་འདི་རྣམ་རྟོག་ཡིན།"
432844,435584,2740,"རྣམ་རྟོག་འདི་གསལ་དག་ཀློང་གསལ་གྱི་གྲོགས་སུ་ཁྱེར་ན།"
435584,439699,4115,"རྣམ་རྟོག་ཤར་ཤར་ནའང་རྗེས་ཤུལ་མེད་པ། དཔེར་ན་བྱ་ནམ་མཁའ་ནས་འཕུར་ན།"
439699,443666,3967,"བྱའི་རྗེས་དེ་རེད་ཟེར་ཡོད་མ་རེད། དཔེ་དེ་ལྟ་བུ་རྣམ་རྟོག་ཤར་ནའང་"
443666,445802,2136,"རྗེས་མེད་དག་ན་ཡེ་ཤེས་ཁོང་ནས་འཆར།"
445802,449330,3528,"དེ་ལྟར་རྣམ་རྟོག་གྲོགས་སུ་ཁྱེར་བའི་ཉམས་སུ་ལེན་པའི་རྣལ་འབྱོར་པ་དེ་ལ་"
449330,453090,3760,"རྣམ་རྟོག་ཉིད་ཡེ་ཤེས་འཆར་བ་ཡིན་གསུངས། ད་ལྟར་དཔེར་ན།"
453090,456771,3681,"རྣམ་རྟོག་ལ་ཆོས་སྐུའི་མིང་བཏགས་མ་སྔ་གྲོལ་དགོས་གསུངས།"
456771,460063,3292,"དེའི་གནད་འདི་དེ་ཡིན་ས་རེད། ཤིང་སྐམ་དག་ལས་མེ་ཆེན་འབར་བ་ལྟར།"
460063,462059,1996,"ཐམས་ཅད་གྲོགས་སུ་འཆར་བ་ཤིན་ཏུ་གཅེས།"
462059,466354,4295,"(402) ཆོས་ཉིད་ངང་ལ་གནས་པའི་གནད་དྲུག་ནི། །རྩ་རླུང་ཁམས་རྣམས་རང་གནད་དགོད་པའི་གནད། །"
466354,469908,3554,"ལུས་ནི་བསམ་གཏན་ཆོས་དྲུག་བཅའ་བ་དང༌། །ཐ་མལ་རང་གའི་འཁྲུལ་སྣང་དགྲོལ་བའི་གནད། །"
469908,473691,3783,"སྣོད་བཅུད་རྒྱལ་བའི་དཀྱིལ་འཁོར་ཤེས་པ་དང༌། །བདེ་བ་ཆེན་པོ་རང་ལུགས་འབར་བའི་གནད། །"
473691,477673,3982,"འོག་སྒོ་བསྡམས་ཏེ་སྟེང་རླུང་བསྡུ་བ་དང༌། །རྟོག་མེད་ཆོས་ཉིད་ངང་ལ་གནས་པའི་གནད། །"
477673,483129,5456,"ལྕེ་རྩེ་གྱེན་ཟློག་རྐན་གཉིས་མ་རེག་བྱ། །རང་གསལ་ཡེ་ཤེས་མཁའ་ལ་དག་པའི་གནད། །"
483129,487464,4335,"མིག་གཉིས་མཐོ་གང་ནམ་མཁར་གཏད་པ་དང༌། །གཉུག་མའི་ཡེ་ཤེས་ལྷུན་གྱིས་གྲུབ་པའི་གནད། །"
487464,491353,3889,"སེམས་ཉིད་མ་བཅོས་གློད་ནས་དངས་སངས་བཞག །དེ་ལྟར་ཐབས་ལྡན་ཆོས་ཉིད་ངང་ལ་གནས། །"
491353,495161,3808,"བརྩོན་པས་གནད་དུ་བསྣུན་ཅིག་སྐལ་ལྡན་ཀུན། །"
495161,503560,8399,"གསུངས་ནས་བཟུང་སྟེ། ཆོས་ཉིད་ངང་ལ་གནས་པའི་གནད་དྲུག་ཡོད། གང་རེད་ཟེར་ན།"
503560,508961,5401,"ལུས་ལ་ཡོད་པའི་རྩ་རླུང་ཁམས་ཐམས་ཅད་རང་བབ་མ་བཅོས་ལྷོད་ཕར་བཞག་བཞག་ནས་བཟུང་སྟེ།"
508961,513181,4220,"དེ་ནས་ཡེ་ཤེས་ཀྱི་རྩ་རླུང་ཐིག་ལེ་མ་གཏོགས་ཡོད་མ་རེད་དེ།"
513181,519008,5827,"དེ་ཕྱིར་ན་ལུས་འདི་ཡེ་ཤེས་ཀྱི་རྩ། ཡེ་ཤེས་ཀྱི་རླུང༌། ཡེ་ཤེས་ཐིག་ལེ་སྒོ་འབྱེད་པའི་ཕྱིར།"
519008,522246,3238,"རྣམ་སྣང་ཆོས་བདུན་བཅའ་བ་གཅེས་གསུངས།"
522246,526941,4695,"ངག་གི་སྐད་མང་པོ་བཅད་རྒྱུ་འདི་སྐད་ཆ་མང་པོ་འདིས་འཁྲུལ་པ་སྐྱེ་འོང་རྒྱུ་རེད་དུས།"
526941,533558,6617,"དེ་སྐད་ཆ་མང་པོ་མི་བཤད་པ་གཏམ་མི་སྨྲ་བས་རང་གའི་ངང་ལ་བཞག་བཞག་ན།"
533558,536501,2943,"སྣོད་བཅུད་ཐམས་ཅད་རྒྱལ་བའི་དཀྱིལ་འཁོར་དུ་ཤེས་པ་ཡིན།"
536501,539162,2661,"བདེ་བ་ཆེན་པོ་རང་གི་ལུས་ལ་འཆར་བའི་གནད་ཡོད།"
539162,544142,4980,"འོག་རླུང་མ་མི་བཏང་བར་འོག་སྒོ་བསྡམས་ཏེ་དེའི་སྟེང་དུ་སྟེང་རླུང་མནན།"
544142,549252,5110,"འོག་རླུང་དང་སྟེང་རླུང་གཉིས་ཁ་སྦྱར་ནས་ལྟེ་བའི་ཐད་ཀར་ནས་"
549252,553596,4344,"ཕར་འཇུམ་སྟེ་བཞག་ན་རྟོག་མེད་ཆོས་ཉིད་ཀྱི་ངང་ལ་གནས་པའི་གནད་ཡིན།"
553596,558018,4422,"དེ་ནས་ལྕེའི་རྩེ་མོ་འདི་གྱེན་དུ་བཟློག་སྟེ་རྐན་མ་རེག་ཙམ་ཏོག་ཙམ་"
558018,562616,4598,"ལྕེ་གྱེན་དུ་བསྟན་ན་རང་གསལ་གྱི་ཡེ་ཤེས་འདི་མཁའ་ལ་དག་པའི་གནད་ཡིན།"
562616,566841,4225,"མིག་གིས་བལྟས་ནའང་མཐོ་གང་གི་ནམ་མཁའ་ལ་ཕ་ཐད་ཀར་ལྟ་བ་འདི།"
566841,568846,2005,"གཉུག་མའི་ཡེ་ཤེས་ལྷུན་གྱིས་གྲུབ་པའི་གནད།"
568846,572699,3853,"དེ་ཚེ་ན་སེམས་ཉིད་མ་བཅོས་པ་གློད་ནས་རང་དངས་སུ་འགྱུར།"
572699,576204,3505,"དེ་ལྟར་ཐབས་དྲུག་དང་ལྡན་པའི་ཆོས་ཉིད་ཀྱི་ངང་ལ་གནས་པས།"
576204,578435,2231,"བརྩོན་པས་གནད་དུ་བསྣུན་ཅིག་སྐལ་ལྡན་ཀུན།"
578435,581194,2759,"སེམས་ཀྱི་གནས་ལུགས་འཆར་བར་འགྱུར།"
581194,585126,3932,"(403) ཆོས་ཉིད་ངང་ལ་བཞག་ཐབས་རྣམ་དྲུག་ནི། །མན་ངག་དྲུག་གིས་ཤེས་པར་བྱ་བ་ལ། །"
585126,589031,3905,"དང་པོ་དུས་གསུམ་དབྱེར་མེད་མན་ངག་གིས། །གཉིས་འཛིན་བློ་ཡི་རྟོག་མཐའ་བསལ་བ་ནི། །"
589031,594585,5554,"འདས་རྗེས་མི་དཔྱད་མ་འོངས་སྔུན་མི་བསུ། །ད་ལྟར་འཛིན་མེད་ངང་དུ་ལྷན་གྱིས་བཞག །"
594585,600038,5453,"གསུངས་ནས་བཟུང་སྟེ། ཆོས་ཉིད་ཀྱི་ངང་ལ་མ་བཅོས་པ་རང་བབ་ཏུ་བཞག་པའི་མན་ངག་དྲུག་ཡོད།"
600038,602352,2314,"མན་ངག་དྲུག་ཡིན་ན། དེ་གང་རེད་ཟེར་ན།"
602352,605072,2720,"དང་པོ་འདས་པའི་རྣམ་རྟོག །མ་འོངས་ཀྱི་རྣམ་རྟོག །"
605072,609732,4660,"ད་ལྟ་བའི་རྣམ་རྟོག་ཐམས་ཅད་ཤར་ཙམ་མ་གཏོགས་དོན་ལ་གྲུབ་པ་མེད་པ་རེད།"
609732,612471,2739,"དེ་ཐམས་ཅད་ཆོས་ཉིད་སྟོང་པ་ཉིད་གཅིག་ཡིན་པའི་གནས་སྐབས་"
612471,616791,4320,"གཉིས་འཛིན་གྱི་བློའི་རྣམ་རྟོག་གི་མཐའ་བསལ་ཏེ། འདས་པའི་རྗེས་མི་དཔྱད།"
616791,621035,4244,"མ་འོངས་པའི་སྔུན་མི་བསུ། ད་ལྟར་འཛིན་མེད་ཀྱི་ངང་དུ་ལྷན་གྱིས་བཞག་དགོས་པ་ཡིན།"
621035,624847,3812,"དེ་དུས་གསུམ་དབྱེར་མེད་ཀྱི་མན་ངག་འདི་ནི།"
624847,628616,3769,"ཐི་བྱ་ཚང་དུ་འཇུག་པའི་མན་ངག་གིས། །རེ་དོགས་གཉིས་ཀྱི་རྟོག་མཐའ་བསལ་བ་ནི། །"
628616,634004,5388,"ད་ལྟར་སེམས་ལ་འབྱུང་འཇུག་ཉིས་མེད་པས། །མ་ཡེངས་མཉམ་ཉིད་ངང་ལ་གློད་ལ་ཞོག །"
634004,639097,5093,"ཅེས་གསུངས་དུས། ད་དེའི་རྗེས་སུ་ཐི་བྱ་ཚང་དུ་འཇུག་ཚེ།"
639097,642134,3037,"ཐི་བྱས་ཚང་མ་བཅས་སྔོན་གནོད་པ་ཡོད་མེད་ལྟ།"
642134,645076,2942,"ཚང་བཅས་ཚར་ནས་ཐེ་ཚོམ་མེད་པ་དེ་ནང་དུ་འགྲོ་རྒྱུ་རེད།"
645076,649258,4182,"དཔེ་དེ་བཞིན་ངའི་སྒོམ་འདི་རེད་ཀྱི་འདུག་བསམ་རྒྱུའི་རེ་བ་རེ་རེ་བྱས།"
649258,651331,2073,"རེད་ཀྱི་མིན་འདུག་བསམ་དུས་དོགས་པ་རེ་རེ་བྱས།"
651331,654576,3245,"རེ་དོགས་མང་པོ་རེད་སོང་ན་ནེ་ཙོ་གཟེབ་ཏུ་ཆུད་པ་ལྟ་བུ་རེད།"
654576,658284,3708,"དེ་རྣམ་རྟོག་གི་མཐའ་བསལ་ཏེ་ད་ལྟར་གྱི་སེམས་ལས་"
658284,662516,4232,"རྣམ་རྟོག་བསལ་དུས་འབྱུང་འོང་རྒྱུ་དང་ཕར་འཇུག་འགྲོ་རྒྱུ་གཉིས་སུ་མེད།"
662516,667104,4588,"འདི་རེད་ན་མ་རེད་ན་མ་བཅོས་གཉུག་མའི་ངོ་བོ་ལ་ཡེ་ནས་ཡོད་རྒྱུ་རེད་དུས།"
667104,670952,3848,"དེ་མ་ཡེངས་པའི་ངང་དུ་མཉམ་པ་ཉིད་དུ་ཞོག་དང་དེས་འགྲིག་གི་རེད།"
670952,675625,4673,"སྐྱེས་བུ་བྱ་བ་བཏང་བའི་མན་ངག་གིས། །གཟའ་གཏད་འཛིན་པའི་རྟག་མཐའ་བསལ་བ་ནི། །"
675625,680626,5001,"སེམས་ཉིད་གནས་ལུགས་མ་བཅོས་མཉམ་པའི་ངང༌། །འཛིན་བྲལ་ཆེན་པོར་བོར་ལ་ཕྱམ་གཅིག་བཞག །"
680626,684185,3559,"གསུངས་ནས་བཟུང་སྟེ། ད་དཔེར་ན་སྐྱེས་བུ་ཞིག་གིས་"
684185,688019,3834,"བྱ་བ་ལས་ཀ་གང་ཡང་མ་བྱས་གསོ་དལ་བྱས་བསྡད་ན། ཁོ་སྐྱིད་པོ་འོང་གི་རེད།"
688019,693207,5188,"དཔེ་དེ་བཞིན་དད་པ་དང་མོས་གུས་ཤར་འོང་ན་ངས་ཡག་པོ་རེད་ཀྱི་བསམ་དེ་མང་དུ་བཅུག །"
693207,697351,4144,"ཆགས་སྡང་རྣམ་རྟོག་ཤར་འོང་ན་དེ་འགྲིག་གི་མིན་འདུག་བསམ་སྟེ་ཕར་དགག་བསྡད་ན།"
697351,701553,4202,"དེ་གཟའ་གཏད་རེད། གཟའ་གཏད་འདིའི་འཛིན་པ་ཐམས་ཅད་ཕར་བསལ་ཏེ་"
701553,704033,2480,"སེམས་ཉིད་ཀྱི་གནས་ལུགས་མ་བཅོས་པའི་ངང་དུ་བཞག་ནས་"
704033,707818,3785,"འཛིན་པ་མེད་པའི་ངང་ལ་བོར་ལ་ཕྱམ་གཅིག་ཏུ་བཞག་དགོས་པ་ཡིན།"
707818,711705,3887,"ཁྱུང་ཆེན་ནམ་མཁར་ལྡིང་བའི་མན་ངག་གིས། །ཐེ་ཚོམ་གཉིས་འཛིན་རྟོག་མཐའ་བསལ་བ་ནི། །"
711705,719283,7578,"ཤེས་པ་མཐར་བཅད་རང་བྱུང་རྣལ་མའི་ངང༌། །ཡངས་པ་ཆེན་པོར་བོར་ལ་ཕྱམ་གཅིག་བཞག །"
719283,722526,3243,"བྱ་ཁྱུང་ནམ་མཁའ་ནས་ལྡིང་འོང་ན་ང་འདི་ནས་ལྷུང་འགྲོ་"
722526,724275,1749,"བསམ་རྒྱུའི་དོགས་པ་གཏན་ནས་ཡོད་མ་རེད།"
724275,728495,4220,"དེ་ཕྱིར་ན་དེའི་ངང་དེ་ལ་ཐེ་ཚོམ་གཉིས་འཛིན་གྱི་རྟོག་པ་བསལ་དགོས་ཏེ།"
728495,733085,4590,"ཅི་རེད་ཟེར་ན། འདས་པའི་རྣམ་རྟོག་གི་རྗེས་མི་དཔྱད། མ་འོངས་རྣམ་རྟོག་གིས་མདུན་མི་བསུ།"
733085,737492,4407,"ཤེས་པ་བར་ལམ་གྱི་ཕུགས་བཅད་རང་བྱུང་རྣལ་མ་མ་བཅོས་པའི་ངང་དུ་བཞག་ན།"
737492,742679,5187,"འཁོར་འདས་ཐམས་ཅད་ལ་ཁྱབ་སོང་བས་རྒྱ་ཆེན་པོའི་དེའི་ངང་ལ་ཕྱམ་གཅིག་ཏུ་ཞོག །"
742679,747363,4684,"ནམ་ལངས་ཉི་ཤར་དག་པའི་མན་ངག་གིས། །ཡུལ་སྣང་སྣ་ཚོགས་རྟོག་མཐའ་བསལ་བ་ནི། །"
747363,751961,4598,"དབང་པོ་མི་བསྡུ་འགྱུ་བ་མི་དགག་པར། །ཚོགས་དྲུག་ལྷུག་པར་བཏང་སྟེ་གློད་ལ་བཞག །"
751961,756786,4825,"གསུངས་ནས་བཟུང༌། དཔེར་ན་ནམ་ལངས་ནས་ཉི་མ་ཤུགས་ཀྱིས་ཤར་འོང་རྒྱུ་རེད།"
756786,758705,1919,"ནམ་ལངས་ནས་ཉི་མ་མི་ཤར་བ་སྲིད་རྒྱུ་མ་རེད།"
758705,763233,4528,"དཔེ་དེ་བཞིན་ཕྱི་གཟུགས་སྒྲ་དྲི་རོའི་ཡུལ་སྣང་ཤར་འོང་ན་དེའི་སྟེང་དུ་"
763233,772072,8839,"རྣམ་རྟོག་འདི་ཕར་ཤོར་མ་བཞག །ཚོགས་དྲུག་གི་ཡུལ་མི་མཐོང་བ་རེད་རྒྱུ་མ་རེད་དེ་"
772072,776233,4161,"དེའི་ནང་དུ་དབང་པོ་མ་བསྡུ་གསུངས། ངའི་རྣམ་རྟོག་ཡུལ་གྱི་སྟེང་དུ་"
776233,778909,2676,"དབང་པོ་ཤོར་བཞག་རེད་བསམ་ཚུར་བསྡུ་ཡང་མི་དགོས་གསུངས་རེད།"
778909,783775,4866,"རྣམ་རྟོག་འདི་ཡུལ་བཟང་པོ་རེད། ཡིད་དུ་འོང་བ་རེད།"
783775,788567,4792,"འདི་ཡིད་དུ་མི་འོང་བ་རེད་བསམ་རྣམ་རྟོག་འགྱུ་འོང་ནའང་དེ་འགྱུ་བ་འདི་མི་དགག །"
788567,792287,3720,"བཟང་པོ་ལ་ཆགས་པའང་མི་བྱེད། ངན་པ་ལ་སྡང་བ་མི་བྱེད།"
792287,795719,3432,"ཚོགས་དྲུག་ལྷུག་པར་དུ་བཏང་སྟེ་གློད་ལ་བཞག་པར་བྱ་བ་ཡིན།"
795719,800945,5226,"མཚན་མ་རང་སར་དངས་པའི་མན་ངག་གིས། །སྣ་ཚོགས་རྣམ་རྟོག་རྟོག་མཐའ་བསལ་བ་ནི། །"
800945,805520,4575,"ཅི་སྣང་ཡུལ་ལ་བླང་དོར་གཉིས་མེད་པར། །མ་བཅོས་སོ་མའི་ངང་ལ་ཇི་བཞིན་བཞག །"
805520,809264,3744,"དེ་ལྟར་བཞག་རྣམས་གཉིས་མེད་ངང་གནས་པས། །མཐའ་གྲོལ་ཀློང་ཡངས་དགོངས་པ་འཆར་བར་ངེས། །"
809264,812837,3573,"གསུངས་དུས། དེ་ནས་རྟག་ཆད་ཀྱི་མཚན་མ་རང་སར་དངས་པའི་མན་ངག་ལས།"
812837,817710,4873,"དགེ་སྡིག་གི་རྣམ་རྟོག་སྣ་ཚོགས་པ་འཕྲོ་འོང་ནའང་དེ་ལ་རྣམ་རྟོག་གི་མཐའ་བསལ་ཏེ།"
817710,822223,4513,"རྣམ་རྟོག་གི་ངོ་བོ་ཅི་འབྱུང་ན་བླང་བྱ་དགེ་བ་ཆེད་དུ་བསྒྲུབ་རྒྱུ་མེད།"
822223,826071,3848,"དོར་བྱ་སྡིག་པ་ཆེད་དུ་སྤང་རྒྱུའང་མེད་པ་མ་བཅོས་སོ་མའི་ངང་ལ་བཞག །"
826071,831505,5434,"དེ་ལྟར་བཞག་ན་གཉིས་མེད་ཀྱི་ཡེ་ཤེས་རང་ལ་ཡེ་ནས་གནས་པ་འདིའི་ངང་དུ་གནས་པས།"
831505,834777,3272,"རྟག་ཆད་ཀྱི་མཐའ་ལས་གྲོལ་བའི་ཀློང་ཡངས་ཀྱི་དགོངས་པ་འདི་"
834777,840323,5546,"རང་གི་རྒྱུད་ལ་རང་ཤུགས་ཀྱིས་འཆར་བར་འགྱུར་བ་ཡིན་ནོ།"
845703,848766,3063,"(404) །སྒོམ་པའི་སྤྱི་སྐྱོན་རྣམ་དྲུག་བསྟན་པ་ནི། །གསལ་དངས་མ་ཕྱེད་མི་རྟོག་ལྟེང་པོར་སོང༌། །"
860234,865656,5422,"གཏིང་གསལ་མ་རྟོགས་ཁ་འབྱམས་ཕྱལ་བར་སོང༌། །གཏིང་ཐག་མ་ཆོད་ཐེ་ཚོམ་རྐྱེན་དབང་སོང༌། །"
865656,870596,4940,"སྒོ་གསུམ་བཅོས་མས་རྣམ་རྟོག་ཉིང་འཁྲུལ་སོང༌། །དེ་ལྟར་སྐྱོན་དྲུག་གང་བྱུང་སྒྲིབ་པ་སྟེ། །"
870596,873421,2825,"ཡང་དག་དོན་འདོད་རྣམས་ཀྱིས་བསལ་ནས་བསྒོམ། །"
877641,884416,6775,"ཉམས་ལེན་སྒོམ་པའི་མཉམ་བཞག་བྱེད་པ་སྤྱི་ལ་སྐྱོན་དྲུག་ཡོད།"
884416,889580,5164,"གང་རེད་ཟེར་ན། ཤེས་པ་གསལ་དངས་མ་ཕྱེད་པ་སེམས་མི་རྟོག་པ་"
889580,894436,4856,"ཞི་གནས་ལྟེང་པོ་འབྱུང་སོང་ན་ལྷག་མཐོང་མེད། སྒོམ་པའི་སྐྱོན་དུ་འགྲོ་བ་ཡིན།"
894436,899514,5078,"སྒོམ་པ་འོད་གསལ་བའི་ཆོས་ཉིད་ཅིག་ཡོད་དགོས་རེད་བསམ་ནས་"
899514,903231,3717,"གསལ་བ་བློ་ཡིས་བཟོས་ན་ཡེ་ཤེས་ཕྱོགས་རིས་ཀྱི་ངང་དུ་སྒོམ་འགྲོ་བ་ཡིན།"
903231,908641,5410,"རྣམ་རྟོག་འཕྲོ་བ་ཐམས་ཅད་གཏན་ནས་འཕྲོ་མི་ཉན་བསམ་ནས་"
908641,913425,4784,"རྣམ་རྟོག་འཕྲོ་བ་ཆེད་དུ་བཀག་སྟེ་ནང་དུ་བསྡུ་ན་སེམས་འཛིན་ཀོལ་ཙེར་སོང་སོང་དུས།"
913425,918345,4920,"སེམས་གནས་པ་འདི་ལ་གཙོ་བོར་བྱེད་བཞག་རྒྱུ་དུམ་བུ་གཅིག་ལ་བཟུང་བཞག་རྒྱུ་མེད།"
918345,922209,3864,"གཏིང་གསལ་མ་རྟོགས་ཟེར་ཆོས་ཉིད་གཏིང་ནས་གསལ་བ་ཞིག་ཡོད་དགོས་རེད་མ་གཏོགས།"
922209,927621,5412,"ཁ་རྐྱང་པས་བཟུང་སྟེ་རྫོགས་པ་ཆེན་པོ་དང༌། གཏིང་གསལ་ཟེར་བཤད་བསྡད་ཀྱིས་མི་ཕན།"
927621,931048,3427,"གཏིང་ཐག་ཆོད་མ་ཆོད་ཐེ་ཚོམ་བྱེད་འོང་སོང་ན།"
931048,936116,5068,"ཞེ་གཏིང་ནས་འདི་ཆོས་ཉིད་ཀྱི་ལྟ་བ་རེད་བསམ་རྒྱུའི་ཡིད་ཆེས་བསྐྱེད་དགོས་རེད་མ་གཏོགས།"
936116,943207,7091,"དེ་མ་སྐྱེས་ནས་བཟུང་སྟེ་ཁ་སྟོང་པས་ལྟ་བའི་གདིང་ཐོབ་ཐུབ་ཀྱི་མ་རེད།"
943207,951356,8149,"སྒོ་གསུམ་རང་བབ་ལྷོད་པ་རུ་མ་བཞག་པ་བཅོས་མ་བྱེད་དེ་དེ་བྱས་ན།"
951356,953980,2624,"རྣམ་རྟོག་གི་འཁྲུལ་པ་ལས་ཀྱང་ཉིང་འཁྲུལ་སོང༌།"
953980,956749,2769,"དེ་ལྟར་སྐྱོན་དྲུག་གང་བྱུང་ཡང་སྒྲིབ་པ་སྟེ།"
956749,959907,3158,"ཡང་དག་དོན་འདོད་རྣམས་ཀྱིས་སྐྱོན་དྲུག་པོ་འདི་བསལ་ནས་བསྒོམ་དགོས།"
959907,964195,4288,"(405) གོལ་ས་དྲུག་གི་རྣམ་གྲངས་བསྟན་པ་ནི། །སྐྱེ་མཆེད་མུ་བཞིའི་སྒོམ་པ་ཡིད་བྱེད་དང༌། །"
964195,968681,4486,"ཀུན་རྫོབ་རྒྱུ་འབྲས་མེད་འཛིན་ཆད་ལྟ་དང༌། །གཟུང་འཛིན་མི་འགྱུར་རྟག་པ་ཆེན་པོར་འཛིན། །"
968681,972686,4005,"ཡུལ་སྣང་དགྲ་དང་ཚེར་མར་བལྟས་ནས་སོང༌། །ཐམས་ཅད་སེམས་བསྡུས་རང་རིག་རང་གསལ་བསྒོམ། །"
972686,976854,4168,"རྟོག་ཚོགས་ལྷར་གྱུར་དོན་ལས་འགྱངས་པ་སྟེ། དེ་དྲུག་མ་སོང་ཆོས་ཉིད་ཕྱོགས་བྲལ་ཀློང༌། །"
976854,982198,5344,"མཉམ་པ་ཆེན་པོའི་ངང་ལས་མ་འདས་གཅེས། །གསུངས་ནས་བཟུང་སྒོམ་གྱི་གོལ་ས་རྣམ་པ་དྲུག་ཡོད།"
982198,985450,3252,"གང་རེད་ཟེར་ན། རྣམ་ཤེས་མཐའ་ཡས། ནམ་མཁའ་མཐའ་ཡས།"
985450,990026,4576,"ཅི་ཡང་མེད་པ། ཡོད་མིན་མེད་མིན་བཞིར་སོང་ན་གཟུགས་མེད་བསྐྱེད་མཆེད་མུ་བཞི་"
990026,994747,4721,"ལ་གོལ་ཡིད་བྱེད་ཀྱི་ལྟ་བ་རེད་འགྲོ་ཡིན། ཀུན་རྫོབ་ཀྱི་རྒྱུ་འབྲས་བསླུ་བ་མེད་པ་འདི་"
994747,997916,3169,"ཀུན་རྫོབ་ཙམ་དུ་བསླུ་བ་མེད་པ་རེད་དེ་བསླུ་མེད་མ་རེད་"
997916,1000456,2540,"རྒྱུ་འབྲས་ལས་འདས་ཚར་ཡིན་ཟེར་ན་ན་ཆད་ལྟ་ཡིན།"
1000456,1003806,3350,"གཟུང་འཛིན་གྱི་མི་འགྱུར་བ་རྟག་པ་ཆེན་པོ་རུ་འཛིན་ཏེ་"
1003806,1008114,4308,"ཕྱི་རོལ་མུ་སྟེགས་པའི་གཙོ་བོ་དང་དབང་ཕྱུག་ལྟ་བུ་ནི་དེ་ཡང་གོལ་ས་ཡིན།"
1008114,1012488,4374,"ཡུལ་སྣང་ཐམས་ཅད་ཏིང་ངེ་འཛིན་གྱི་གེགས་བྱེད་འདུག་བསམ་"
1012488,1019815,7327,"དགྲ་དང་ཚེར་མ་རུ་བལྟས་ནས་བསམ་གཏན་སྒོམ་པའི་གེགས་སུ་འབྱུང་བ་ཡིན།"
1019815,1023840,4025,"ཐམས་ཅད་སེམས་སུ་བསྡུས་ཏེ་རང་རིག་རང་གསལ་གྱི་ངོ་བོ་བསྒོམ་ན་"
1023840,1025915,2075,"ཀུན་གཞི་རྣམ་ཤེས་སྒོམ་དུ་འདོད་པ་ཡིན།"
1025915,1035057,9142,"བསྐྱེད་རིམ་གྱི་གནད་དང་མི་ལྡན་པས་རྟོག་ཚོགས་ཐམས་ཅད་ལྷ་རུ་གྱུར་ན་དངོས་གྲུབ་ཀྱི་དོན་ལས་འགྱངས་པ་སྟེ།"
1035057,1039647,4590,"དེ་དྲུག་མ་སོང་ཆོས་ཉིད་ཕྱོགས་བྲལ་ཀློང༌། མཉམ་པ་ཆེན་པའི་ངང་དུ་མ་འདས་པ་ཡིན།"
1039647,1043685,4038,"(406) སྐྱོན་དྲུག་བྱུང་ན་བཅོས་པའི་ཐབས་དྲུག་ནི། །མཁའ་ལ་སྤྲིན་དེངས་ལྟ་བུར་བཅོས་པ་ནི། །"
1043685,1048344,4659,"སེམས་ཀྱི་ཆོ་འཕྲུལ་སྣ་ཚོགས་ཅི་ཤར་ཡང༌། །ཆོས་ཉིད་མཁའ་ལ་རང་བཞིན་དངས་པས་བཅོས།"
1048344,1052912,4568,"ཁང་སྟོང་རྐུན་མས་ཕྱིན་ལྟར་བཅོས་པ་ནི། །རྣམ་རྟོག་ངོ་བོ་རང་བཞིན་མེད་པ་དེ། །"
1052912,1060225,7313,"ཅི་སྐྱེས་དུས་ནས་མ་སྐྱེས་ངོས་བཟུང་མེད། །གློད་པ་ཙམ་ལས་བསལ་དུ་མེད་པར་བཅོས། །"
1060225,1064716,4491,"དགུན་གྱི་ནགས་མེ་མཆེད་ལྟར་བཅོས་པ་ནི། །ཡུལ་རྟོག་ཅི་བྱུང་དེ་ཉིད་ངོ་བརྟགས་པས། །"
1064716,1068428,3712,"ཆོས་ཉིད་གྲོགས་སུ་སྦར་བས་བཅོས་པར་བྱ། །དུག་ལ་སྔགས་ཀྱིས་བཏབ་ལྟར་བཅོས་པ་ནི། །"
1068428,1072554,4126,"རྣམ་རྟོག་སྐྱེ་མེད་ངང་དུ་བསད་པས་བཅོས། །འབངས་ཀྱིས་རྒྱལ་པོ་མཐོང་ལྟར་བཅོས་པ་ནི། །"
1072554,1076973,4419,"དུག་ལྔ་སྐྱེས་དུས་ངོས་བཟུང་རང་གློད་པས། །ཆོས་ཉིད་དོན་དང་རང་ངོ་ཕྲད་པར་བཅོས། །"
1076973,1080632,3659,"གཟིངས་ཀྱི་བྱ་རོག་ལྟ་བུར་བཅོས་པ་ནི། །འཕྲོ་རྒོད་ཅི་བྱུང་ཆོས་ཉིད་ལྡོག་པ་ལས། །"
1080632,1086902,6270,"གཞན་དུ་འགྲོ་ས་མེད་པའི་ངང་དུ་བཅོས། །དེ་ལྟར་གནད་དྲུག་འགྱུ་དྲན་ཅི་སྐྱེས་ཀུན། །"
1086902,1089477,2575,"རང་ཐོག་རང་དག་རང་སངས་དགྲོལ་བ་གཅེས། །"
1089477,1095660,6183,"གསུངས་ནས་བཟུང། ད་ཡང་སྒོམ་གྱི་སྐྱོན་དྲུག་འོང་ན་དེ་བཅོས་དགོས་པ་ཡིན།"
1095660,1102271,6611,"གང་རེད་ཟེར་ན། དཔེར་ན་ནམ་མཁའ་ལ་སྤྲིན་ཡོད་ན་ནམ་མཁའི་སྤྲིན་དེ་རང་བབས་སུ་བཞག་སྟེ།"
1102271,1105396,3125,"སྤྲིན་ཡོད་ན་དགའ་རྒྱུ། མེད་ན་མི་དགའ་བ་མི་བྱེད་དུས་སྤྲིན་དེ་"
1105396,1107470,2074,"རང་ལུགས་ཀྱིས་གློ་བུར་དུ་དངས་འགྲོ་རེད།"
1107470,1110985,3515,"དེས་ན་སེམས་ཀྱི་བཟང་ངན་གྱི་ཆོ་འཕྲུལ་སྣ་ཚོགས་ཅི་ཤར་ནའང་"
1110985,1114250,3265,"ཆོས་ཉིད་ཀྱི་ནམ་མཁའ་ལ་བཟོ་བཅོས་མ་བྱེད་རང་བཞིན་དུ་བཞག་བཞག་ན།"
1114250,1118445,4195,"དེ་ནས་བཅོས་ཐུབ་འགྲོ་རྒྱུ་རེད། ཁང་པ་སྟོང་པའི་ནང་རྐུ་མ་སོང་སོང་ན་"
1118445,1122081,3636,"ཁང་པ་སྟོང་པ་རེད་དུས། རྐུ་མ་ལ་ནོར་འཐོབ་རྒྱུའང་ཡོད་མ་རེད།"
1122081,1126971,4890,"ཁང་པ་ལ་ནོར་ཤོར་རྒྱུའང་ཡོད་མ་རེད། དཔེ་དེ་བཞིན་རང་གི་སེམས་ལ་རྣམ་རྟོག་ཅི་ཤར་འོང་ན།"
1126971,1130876,3905,"རྣམ་རྟོག་སྐྱེས་པའི་དུས་ནས་རང་བཞིན་མེད་པ་སྟོང་པ་ཉིད་ངོ་བོ་ལ་ཤེས་སོང་ན།"
1130876,1135262,4386,"རྣམ་རྟོག་ཅི་སྐྱེས་ཐམས་ཅད་ཆོས་ཉིད་ཀྱི་ལྟ་བས་རྒྱས་ཐེབས་ན་"
1135262,1139002,3740,"ཡུན་རིང་དུ་མི་བསྡད་པ་ཕར་ཞིག་འགྲོ་རྒྱུ་རེད་དུས་ངོས་བཟུང་མེད།"
1139002,1144837,5835,"ངོས་བཟུང་མེད་པ་དེའི་ངང་དུ་གློད་པ་ཞིག་བྱས་ན་སྐྱོན་བསལ་དུ་མེད་པ་བཅོས་པ་ཡིན།"
1144837,1149830,4993,"དགུན་གྱི་ནགས་ལ་མེ་མཆེད་ན་དགུན་ཤིང་ཐམས་ཅད་སྐམ་པོ་རེད་འགྲོ་དུས་"
1149830,1154531,4701,"མེ་མཆེད་སླ་ཡི་རེད་དུས། དཔེ་དེ་བཞིན་ཡུལ་འདོད་ཡོན་ལྔའི་རྣམ་རྟོག་ཅི་བྱུང་སོང༌།"
1154531,1157225,2694,"རྣམ་རྟོག་བྱུང་བའི་ཆགས་སྡང་འདིའི་ངོ་བོ་ལ་བལྟས་པས།"
1157225,1161248,4023,"འདོད་ཡོན་ལྔ་ཡིས་ཆོས་ཉིད་གྲོགས་སུ་འཆར་བ་མ་གཏོགས་གནོད་པ་མེད།"
1161248,1163478,2230,"དུག་ལ་སྔགས་ཤིག་བཏབ་བཞག་ནས་བཟུང་"
1163478,1166157,2679,"དུག་གིས་འཆིར་མི་ནུས་པ་ལུས་ཀྱི་བཅུད་ལེན་རེད་འགྲོ་རེད།"
1166157,1170143,3986,"དཔེ་དེ་བཞིན་དུ་རྣམ་རྟོག་ཐམས་ཅད་སྐྱེ་མེད་རང་གྲོལ་གྱི་ངང་དུ་བསད་བཞག་ན་"
1170143,1173912,3769,"རྣམ་རྟོག་གིས་སྒོམ་གྱི་གྲོགས་སུ་འོང་བ་མ་གཏོགས་སྐྱོན་བྱེད་ཀྱི་མ་རེད།"
1184280,1189478,5198,"ཞེ་ས་བཀུར་སྟི་བྱེད་དུས། རྒྱལ་པོ་མཐོང་མ་ཐག་གུས་པ་བྱེད་དགོས་རེད།"
1189478,1193165,3687,"དཔེ་དེ་བཞིན་དུ་དུག་ལྔ་པོ་ཉོན་མོངས་དུག་ལྔ་རང་གི་རྒྱུད་ལ་གང་སྐྱེས་ན།"
1193165,1196829,3664,"ཉོན་མོངས་དུག་ལྔ་རེད་བསམ་ངོས་བཟུང་སྟེ་དེ་ལ་ཞེན་མེད། སྒོམ་མེད།"
1196829,1198505,1676,"གཉིས་མེད་ཀྱི་ངང་དུ་གློད་བཞག་ན།"
1198505,1202672,4167,"ཆོས་ཉིད་ཀྱི་དོན་ཡེ་ཤེས་ལྔའི་རང་ངོ་ལ་ཤུགས་ཀྱིས་ཕྲད་འོང་བ་ཡིན།"
1202672,1205187,2515,"གཟིངས་ཀྱི་ནང་ནས་བྱ་རོག་ཞིག་བཏང་བཞག་ན།"
1205187,1209209,4022,"མཐའི་རྒྱ་མཚོ་ཆེ་སོང་བས་བྱ་རོག་འདི་ཉིན་གང་འགྲོ་དུས་"
1209209,1213183,3974,"ཆུ་སྲིན་ཆུའི་ཁ་ལ་ལྡིང་བསྡད་དེའི་སྟེང་དུ་འབབ་འགྲོ་དུས་"
1213183,1217306,4123,"དེ་མ་གཏོགས་དེ་ནས་འབབ་ས་མེད་གཟིངས་སྟེང་དུ་ཚུར་འཁོར་འོང་རེད།"
1217306,1220162,2856,"དཔེ་དེ་བཞིན་རྣམ་རྟོག་འཕྲོ་རྒོད་ཅི་བྱུང་ནའང་"
1220162,1223056,2894,"དེ་ནས་ཆོས་ཉིད་སྐྱེ་བ་མེད་པའི་གདིང་ཐོབ་སོང་ན།"
1223056,1225352,2296,"ཆོས་ཉིད་ཀྱི་ངང་དུ་སླར་ལྡོག་འོང་རེད་མ་གཏོགས།"
1225352,1227251,1899,"རྣམ་རྟོག་འགྲོ་ས་མེད་པའི་ངང་དུ་བཅོས།"
1227251,1231061,3810,"དེ་ལྟར་གནད་དྲུག་གིས་འགྱུ་བའི་རྣམ་རྟོག་ཅི་སྐྱེས་ནའང་"
1231061,1234493,3432,"རང་ཐོག་རང་དག་རང་སར་ལྷོད་བཞག་ན་འཁྲུལ་པ་མ་ཡིན།"
1234493,1240043,5550,"(407) ཡང་དག་རྟོགས་པའི་གདེང་གི་རྟགས་དྲུག་ནི། །སྐྱོན་ཡོན་གང་ལའང་དཔའ་བཀོང་ཞུམ་པ་མེད། །"
1240043,1244238,4195,"གདོས་བཅས་ལུས་ལ་རང་སེམས་ཆོས་སྐུར་ཞུགས། །འཁོར་བར་མ་ཆགས་གཞན་དོན་སྐྱོ་དུབ་མེད། །"
1244238,1252157,7919,"གོལ་སྒྲིབ་ཕྱོགས་བྲལ་ཐིག་ལེ་ཉག་གཅིག་རྫོགས། །བདུད་རྣམས་ཆོས་ཉིད་བར་ཆད་ཉམ་ང་མེད། །"
1252157,1256971,4814,"བདེ་སྡུག་མཁའ་ཀློང་སྤང་བླང་རེ་དོགས་མེད། །དེ་ལྟར་རྟོགས་རྣམས་གནས་ལུགས་མཐར་ཕྱིན་འགྱུར། །"
1256971,1263538,6567,"གསུངས་དུས། ད་ཡང་ཡང་དག་པ་རྟོགས་པ་རྒྱུད་ལ་ཡོད་པའི་གདིང་ཚད་རྣམ་པ་དྲུག་ཡོད།"
1263538,1267020,3482,"གང་རེད་ཟེར་ན། སྐྱོན་གྱི་རྣམ་པ་ཤར་འོང་ནའང་"
1267020,1269925,2905,"དེ་ངའི་སྒོམ་འདི་སྐྱོན་འདུག་བསམ་སྟེ་སེམས་ཞུམ་པ་མེད།"
1269925,1273345,3420,"ཡོན་ཏན་གྱི་རྣམ་པ་ཤར་འོང་ན་འདི་ཡོན་ཏན་ཆེན་པོ་རེད་བསམ་སྟེ་"
1273345,1277944,4599,"དེ་ལ་འཛིན་པ་མེད་དུས་ན་དེ་དཔའ་བཀོང་བ་དང་ཞུམ་པ་མེད་པ་ཡིན།"
1277944,1282005,4061,"ལུས་གདོས་བཅས་ཀྱི་ལུས་མིའི་རྣམ་པ་ལྟར་དུ་ཡོད་ན་"
1282005,1284728,2723,"རང་གི་སེམས་འདི་ཆོས་སྐུ་སངས་རྒྱས་ཀྱི་ངོ་བོ་རྟོགས་སོང་ན།"
1284728,1289055,4327,"མི་ཡི་ལུས་ལ་སངས་རྒྱས་ཐུགས། །ཟེར་མཁན་དེ་རེད་འགྲོ་རྒྱུ་ཡིན་པས་དེ་གཅེས་པ་ཡིན།"
1289055,1292348,3293,"ཁམས་གསུམ་འཁོར་བའི་སྒོ་ལུས་ངག་ཡིད་གསུམ་གྱིས་བྱ་བ་ཅི་བྱས་ན་"
1292348,1296108,3760,"དེ་ལ་མ་ཆགས་པའི་ངང་ནས། དེ་ནས་འཁོར་བ་གནས་པའི་སེམས་ཅན་ཐམས་ཅད་ཀྱི་"
1296108,1299212,3104,"གཞན་གྱི་དོན་བྱེད་རྒྱུ་སྐྱོ་དུབ་མེད་པ་ཞིག་དགོས།"
1299212,1302846,3634,"ཆོས་ཉིད་ཀྱི་ངོ་བོ་ལ་ཡོད་མེད་གང་གི་ཚུལ་དུའང་མ་གྲུབ།"
1302846,1307510,4664,"ཡོད་པ་རྟག་པ་དང༌། མེད་པ་ཆད་པའི་མཐའ་གང་གི་ཕྱོགས་སུ་མ་ལྷུང་"
1307510,1310522,3012,"ཐིག་ལེ་ཉག་གཅིག་གི་ཀློང་དུ་རྫོགས་སོང་བ་ཡིན།"
1310522,1313558,3036,"བདུད་ཐམས་ཅད་བར་དུ་གཅོད་པ་རེད་བསམ་སྟེ་"
1313558,1320052,6494,"སྤང་བྱའི་ཚུལ་དུ་མི་ལྟ་བ་ཆོས་ཉིད་རང་བཞིན་གྱི་ངོ་བོ་ཆོས་ཉིད་ཀྱི་རྒྱན་དུ་ཤེས་སོང་ན།"
1320052,1323697,3645,"དེ་ཡོན་ཏན་གྱི་གསལ་འདེབས་རེད་འགྲོ་དུས་ཉམ་ང་མེད་ཟེར།"
1323697,1327989,4292,"བདེ་བ་ཆེད་དུ་ལེན་རྒྱུ་དང༌། སྡུག་བསྔལ་ཆེད་དུ་སྤང་མི་དགོས་པ་"
1327989,1331555,3566,"གཉིས་ཀ་ཆོས་ཉིད་ཀྱི་ངོ་བོ་ཉམས་ལེན་གྱི་བོགས་འདོན་པར་བྱེད་པ་ཡིན།"
1331555,1334406,2851,"དེ་ལྟར་རྟོགས་ན་གནས་ལུགས་ཀྱི་རྟོགས་པ་མཐར་ཕྱིན་འགྱུར།"
1334406,1338056,3650,"(408) ཡང་དག་བརྟན་པ་ཐོབ་པའི་ཚད་དྲུག་ནི། །སྣང་སྲིད་ཆོས་རྣམས་སྒྱུ་མའི་རང་སྣང་ཞིང༌། །"
1338056,1342788,4732,"རང་བཞིན་མེད་པའི་རྟགས་ལ་རྒྱུན་དུ་འཆར། །ཉོན་མོངས་ངོ་བོ་ཡེ་ནས་ཀ་དག་པས། །"
1342788,1346271,3483,"དུག་ལྔ་མི་འཁྲུགས་རང་གསལ་ཡེ་ཤེས་འཆར། །སྐྱོན་ཡོན་ཡེ་ཤེས་ཆེན་པོར་ཡེ་ཤར་བས། །"
1346271,1350005,3734,"བླང་དོར་གཉིས་ཀྱི་འདུན་པ་རང་སངས་འཆར། །སྙིང་པོའི་དོན་ལ་གཞན་སྣང་མེད་རྟོགས་པས། །"
1350005,1353601,3596,"དྲན་རྟོག་ཆོས་ཉིད་ངང་དུ་གསལ་བ་དང༌། །སེམས་ཉིད་ནོར་བུ་རང་ལ་རྙེད་གྱུར་པས། །"
1353601,1357848,4247,"འཆི་འཕོའི་འཇིགས་བྲལ་ཉམ་ང་མེད་པ་འཆར། །རང་སེམས་ཆོས་ཉིད་སངས་རྒྱས་དོན་མཐོང་བས། །"
1357848,1362253,4405,"བརྩོན་འགྲུས་རེ་དོགས་འཆིང་བ་གྲོལ་བ་འཆར། །དེ་འདྲའི་རྣལ་འབྱོར་མངོན་པར་སངས་རྒྱས་ཡིན། །"
1362253,1367516,5263,"གསུངས་ནས་བཟུང༌། ཆོས་ཉིད་ཡང་དག་པའི་དོན་ལ་བརྟན་པ་ཐོབ་པའི་གང་ཟག་ཡིན་ན།"
1367516,1371839,4323,"སྣང་སྲིད་ཀྱི་ཆོས་རྣམས་ཐམས་ཅད་སྒྱུ་མ་དང་རྨི་ལམ་ལྟ་བུའི་རང་བཞིན་ཡིན་དུས།"
1371839,1374583,2744,"རང་སྣང་རང་བཞིན་མེད་པའི་རྟགས་ལས་བརྟེན་ཏེ་"
1374583,1377708,3125,"དེ་ལ་ཆགས་སྡང་གི་མུན་པ་ཐམས་ཅད་གཅད་འགྲོ་རྒྱུ་ཡིན།"
1377708,1380617,2909,"ཉོན་མོངས་ཀྱི་ངོ་བོ་དེ་ཡེ་ནས་ཀ་དག་གི་རང་བཞིན།"
1380617,1384213,3596,"ཡེ་ཤེས་ལྔའི་རང་བཞིན་འདི་ཤེས་སོང་ན་ཉོན་མོངས་ཤར་གྲོལ་དུས་མཉམ་སྟེ་"
1384213,1388545,4332,"ཉོན་མོངས་པ་དུག་ལྔས་རྒྱུད་མི་འཁྲུགས་པ་ཡེ་ཤེས་ནང་ནས་ཤར་འོང་བ་ཡིན།"
1388545,1393423,4878,"སྐྱོན་དང་ཡོན་ཏན་གཉིས་ཀ་སྤང་བླང་མེད་པ་ཡེ་ཤེས་ཆེན་པོ་ཡེ་ནས་ཤར་ན།"
1393423,1396564,3141,"སྐྱོན་དོར་བྱ་རུ་མེད། ཡོན་ཏན་བླང་བྱ་རུ་མེད་དེ་"
1396564,1399310,2746,"སྤང་བླང་གཉིས་ཀའི་འདུན་པ་རང་སངས་སུ་འཆར་འགྲོ།"
1399310,1406846,7536,"ཆོས་ཉིད་སྙིང་པོའི་དོན་དེ་གདུལ་བྱ་གཞན་སྣང་རྟོགས་བྱ་མེད་པ་རྟོགས་དུས་"
1406846,1409202,2356,"དྲན་རྟོག་ཆོས་ཉིད་ཀྱི་ངང་དུ་གསལ་འགྲོ་བ་ཡིན།"
1409202,1412907,3705,"ནོར་བུ་ལས་དགོས་འདོད་བྱུང་བ་ལྟར་དུ་སེམས་ཀྱི་གནས་ལུགས་"
1412907,1416547,3640,"རང་ལ་སྤངས་རྟོགས་ཀྱི་ཡོན་ཏན་ཐམས་ཅད་འབྱུང་བར་བྱས་ན།"
1416547,1422825,6278,"སང་འཆི་བ་ཐོག་ཏུ་འབབ་ནའང་འཆི་འཕོའི་འཇིགས་པ་དང་བྲལ་ཉམ་ང་བག་ཚ་མེད་པ་ཞིག་ཡིན།"
1422825,1425783,2958,"རང་སེམས་ཆོས་ཉིད་སངས་རྒྱས་ཀྱི་དོན་མཐོང་བས།"
1425783,1428305,2522,"བརྩོན་འགྲུས་དང་རེ་དོགས་ཀྱི་འཆིང་བ་ལས་གྲོལ་བའི་དགོངས་པ་འཆར་བ་ཡིན།"
1428305,1431781,3476,"དེ་འདྲའི་རྣལ་འབྱོར་མངོན་པར་རྫོགས་པ་སངས་རྒྱས་པ་ཡིན་ནོ།"
1434471,1438283,3812,"(409) །དགོངས་པ་ཀློང་དུ་གྱུར་པའི་གདེང་དྲུག་ནི། །ཆོས་རྣམས་མཐའ་བྲལ་དབུ་མར་རྟོགས་པ་དང༌། །"
1438283,1442475,4192,"ཟུང་འཇུག་འོད་གསལ་ཆེན་པོར་རྟོགས་པ་དང༌། །མཉམ་ཉིད་བདེ་བ་ཆེན་པོར་རྟོགས་པ་དང༌། །"
1442475,1446116,3641,"གཉིས་མེད་ཐིག་ལེ་ཉག་གཅིག་རྟོགས་པ་དང༌། །ལྷུན་གྲུབ་ཕྱོགས་བྲལ་ཆེན་པོར་རྟོགས་པ་དང༌། །"
1446116,1450276,4160,"ཀ་དག་རྣལ་མར་རྟོགས་པ་མཐར་ཕྱིན་ཡང༌། །དེ་དག་རྟོགས་པར་འདོད་པ་པོ་མེད་ཅིང༌། །"
1450276,1454428,4152,"རྟོགས་པ་ཉིད་ལ་རློམ་པའི་སེམས་མེད་པས། །སྒྱུ་མའི་རྣལ་འབྱོར་དཔེ་དང་བྲལ་བ་ཡིན། །"
1454428,1460202,5774,"གསུངས་དུས། ཆོས་ཉིད་ཀྱི་དགོངས་པ་ཀློང་དུ་གྱུར་ཏེ་གདེང་ཐོབ་པའི་གདེང་ཚད་དྲུག་ཡོད།"
1460202,1464192,3990,"གང་རེད་ཟེར་ན། ཆོས་ཐམས་ཅད་ཡོད་མེད་ཀྱི་རྟག་ཆད་ཀྱི་མཐའ་དང་བྲལ་བ་"
1464192,1466422,2230,"དབུ་མ་ཆེན་པོའི་དགོངས་པ་རུ་རྟོགས་པ་དང༌།"
1466422,1471058,4636,"རྟག་ཆད་མཐའ་དང་བྲལ་བའི་དབུ་མ་དེ་ཡང་སྟོང་པ་སྟོང་རྐྱང་དུ་མ་ཡིན་པ་"
1471058,1474126,3068,"ཟུང་འཇུག་འོད་གསལ་ཆེན་པོའི་དགོངས་པ་རུ་རྟོགས་པ་དང༌།"
1474126,1476909,2783,"འོད་གསལ་ཆེན་པོའི་དགོངས་པ་དེའི་ཀློང་ནས་གཞལ་ན་"
1476909,1482878,5969,"འཁོར་བ་དང་མྱ་ངན་ལས་འདས་པ་མཉམ་པ་ཉིད་བདེ་བ་ཆེན་པོ་ཡེ་ཤེས་ཀྱི་རོལ་པ་རྟོགས་པ་དང༌།"
1482878,1487435,4557,"འཁོར་འདས་སྤང་བླང་གཉིས་སུ་མེད་པ་ཐིག་ལེ་ཉག་གཅིག་གི་དགོངས་པ་རྟོགས་པ་དང༌།"
1487435,1490792,3357,"ཐིག་ལེ་ཉག་གཅིག་གི་འོད་གསལ་ལྷུན་གྲུབ་ཀྱི་ཆ་དེ་"
1490792,1493761,2969,"ཕྱོགས་རིས་མེད་པ་ཀུན་ལ་ཁྱབ་པའི་དགོངས་པ་རྟོགས་པ་དང༌།"
1493761,1497505,3744,"ངོ་བོ་ཀ་དག་རྣལ་མ་རུ་རྟོགས་པ་མཐར་ཕྱིན་ཡང༌།"
1497505,1500173,2668,"ངས་ཆོས་ཉིད་ཀྱི་རྟོགས་པ་མངོན་དུ་གྱུར་བསྡད་ཡོད་"
1500173,1504141,3968,"བསམ་རྒྱུའི་རྟོགས་པར་འདོད་པ་པོའི་ང་རྒྱལ་དང་རློམ་སེམས་མེད།"
1504141,1508683,4542,"རྟོགས་པ་ཉིད་ལ་རློམ་པའི་སེམས་མེད་པས། དེ་སྒྱུ་མའི་རྣལ་འབྱོར་དཔེ་དང་བྲལ་བ་ཡིན།"
1508683,1512444,3761,"(410) དེ་ལྟར་རྟོགས་པའི་གྲོལ་ཚུལ་རྣམ་དྲུག་ནི། །ཕྱི་རོལ་ཡུལ་རྣམས་སྣང་བའི་དུས་ཉིད་ནས། །"
1512444,1516704,4260,"སྣང་ཐོག་གྲོལ་བ་ཆབ་རོམ་ཆུར་ཞུ་འདྲ། །ནང་དུ་རིག་པའི་ཆོས་རྣམས་རིག་དུས་ནས། །"
1516704,1520383,3679,"རིག་ཐོག་གྲོལ་བ་ཆུ་བུར་ཆུར་ཐིམ་འདྲ། །བར་དུ་འགྱུ་བའི་ཡིད་གཉིས་འགྱུ་དུས་ནས། །"
1520383,1527115,6732,"འགྱུ་ཐོག་གྲོལ་བ་བར་སྣང་གློག་འགྱུ་འདྲ། །སྒྲ་བཏགས་མིང་རྣམས་གྲག་པའི་དུས་ཉིད་ནས། །"
1527115,1532143,5028,"མིང་ཐོག་གྲོལ་བ་བྲག་ཅའི་སྒྲ་དབྱངས་འདྲ། །གཟུང་བའི་གྲུབ་མཐའ་འདོད་པའི་དུས་ཉིད་ནས། །"
1532143,1538924,6781,"འདོད་ཐོག་གྲོལ་བ་མཁའ་ལ་འཇའ་ཡལ་འདྲ། །བསྒྲུབ་པའི་འབྲས་བུ་གྲུབ་ཐོག་ཉིད་གྲོལ་བ། །"
1538924,1542816,3892,"ནོར་བུའི་རྒྱལ་ལ་དགོས་འདོད་འབྱུང་བཞིན་ཏེ། །རང་བཞིན་རང་གྲོལ་གཉེན་པོ་རང་སར་དེངས། །"
1566759,1569853,3094,"ཕྱི་རོལ་གྱི་ཡུལ་རྣམས་ཐམས་ཅད་གཟུགས་སྒྲ་དྲི་རོ་རེག་བྱ་"
1569853,1573123,3270,"མིག་ལ་སོགས་པའི་དབང་པོའི་སྒོ་ནས་སྣང་བའི་དུས་ནས།"
1573123,1576123,3000,"སྣང་བ་དང་རིག་པ་བསླད་པ་གཉིས་པོ་སྣང་ཐོག་ཏུ་གྲོལ་འགྲོ་བ།"
1576123,1580596,4473,"དཔེར་ན་དབྱར་ཁ་ཆབ་རོམ་ཆུ་ལ་ཞུ་བ་ལྟ་བུ། ཡུལ་ལ་བརྟེན་ཏེ་ཆགས་སྡང་མི་སྐྱེས།"
1580596,1584949,4353,"ནང་གི་རྣམ་རྟོག་ཐམས་ཅད་རིག་པའི་ཆོས་རྣམས་རེད། རིག་པའི་དུས་ནས་རིག་ཐོག་ཏུ་གྲོལ་བ།"
1584949,1588868,3919,"དཔེར་ན་ཆུ་ལ་ཆུ་བུར་ཐིམ་འདྲ་བ་གཉིས་སུ་མེད་པར་ལྟ་བ་ཡིན།"
1588874,1593624,4750,"བར་དུ་གཟུང་འཛིན་གྱི་འགྱུ་བ་ཐམས་ཅད་ཡིད་གཉིས་ཀྱི་འགྱུ་བ་དབྱིངས་སུ་དག་སྟེ་"
1593624,1596814,3190,"འགྱུ་རུ་ཐོག་ཏུ་གྲོལ་བ་བར་སྣང་གི་གློག་དང་འདྲ་བ་ཡིན།"
1596814,1602459,5645,"དེ་ནས་ཀ་བ་དང་བུམ་པ་ལ་སོགས་པའི་མིང་དུ་བཏགས་པ་ཐམས་ཅད་སྒྲ་རུ་གྲག་པའི་དུས་ཉིད་ནས།"
1602459,1607024,4565,"མིང་གི་ཐོག་ལ་སྒྱུ་མ་དང་རྨི་ལམ་ལྟ་བུ་གྲོལ་བ་བྲག་ཅའི་སྒྲ་དབྱངས་དང་འདྲ་བ་ཡིན།"
1607024,1612731,5707,"རང་གིས་སེམས་ཙམ་པ། རང་རྒྱུད་པ། ཐལ་འགྱུར་པ་ལ་སོགས་པའི་"
1612731,1614585,1854,"གྲུབ་མཐའ་ཐམས་ཅད་འདོད་པའི་དུས་ནས།"
1614585,1618131,3546,"འདོད་པའི་ཐོག་ཏུ་གྲོལ་བ་ནམ་མཁའ་ལ་འཇའ་ཡལ་བ་འདྲ་བ་ཡིན།"
1618131,1622282,4151,"བསྒྲུབ་པའི་འབྲས་བུ་སྐུ་དང་ཡེ་ཤེས་གྲུབ་པའི་ཐོག་ཉིད་ན་གྲོལ་བར་འགྱུར་བ་"
1622282,1626134,3852,"ནོར་བུ་རྒྱལ་ལས་དགོས་འདོད་འབྱུང་བ་བཞིན་རང་བཞིན་གྱིས་རང་གྲོལ།"
1626134,1630366,4232,"གཉེན་པོ་རང་སར་དེངས། མིང་མེད་ཡུལ་དང་འདྲ་བ་དགོངས་པ་ལྷུན་གྱིས་གྲུབ་པ་ཡིན།"
1630366,1637440,7074,"དེ་ལྟར་རབ་རྣམས་སྐྱེ་ཤི་བར་དོར་གྲོལ། །ད་དེ་སྐྱེ་ཤིའི་བར་དོ་ལས་གྲོལ།"
1637440,1641515,4075,"(411) འབྲིང་རྣམས་ཆོས་ཉིད་བར་དོར་གྲོལ་བ་ནི། །དྲུག་ཚན་གཉིས་ཀྱིས་ཤེས་པར་བྱ་བ་ལས། །"
1641515,1645609,4094,"ལུས་རྒྱའི་དོར་ལུགས་རྣམ་པ་དྲུག་པོ་ནི། །ཕྱི་ནང་སེམས་སུ་འདུས་པའི་དུས་ཀྱི་ཚེ། །"
1645609,1649136,3527,"གཟུང་བའི་ཡུལ་དང་བྲལ་བའི་དུས་ཡིན་ལ། །སེམས་ཉིད་ཡེ་ཤེས་དབང་དུ་འདུས་པའི་ཚེ། །"
1649136,1652750,3614,"འཛིན་པའི་སེམས་དང་རང་བཞིན་བྲལ་བ་ཡིན། །རིག་པའི་ཡེ་ཤེས་བག་ཆགས་སྦུབས་འདུས་ཚེ། །"
1652750,1656844,4094,"ས་རླུང་ཆུ་ལ་ཐིམ་པས་ལུས་མི་ཐེག །འཕོ་བར་བྱ་ཞིང་བཤང་གཅི་དྲི་ངན་འབྱུང༌། །"
1656844,1661962,5118,"ཆུ་རླུང་མེ་རུ་ཐིམ་པས་ལུས་ཀྱི་ཡན་ལག་འཕྲ། །བྱད་ལ་རྔུལ་ཆགས་ཁ་ཆུ་སྣ་ཆུ་འཛག །"
1661962,1667050,5088,"མེ་རླུང་རླུང་ཐིམ་ཁ་སྣའི་ཆུ་སྐམ་ཞིང༌། །ལུས་ཀྱི་དྲོད་ཤོར་ཁ་སྣའི་གཟི་མདངས་སྡུད། །"
1667050,1670923,3873,"འདི་ཡི་དུས་སུ་རྐང་མཐིལ་དྲོད་འདུས་ན། །དམྱལ་བར་སྐྱེ་ཞིང་གསང་བར་ཡི་དྭགས་དང༌། །"
1670923,1676243,5320,"ལྟེ་བ་བྱོལ་སོང་སྙིང་ཁ་མི་དང་ནི། །མགྲིན་པ་ལྷ་མིན་མིག་འདུས་ལྷར་སྐྱེ་ལ། །"
1676243,1680030,3787,"སྤྱི་བོར་དྲོད་ཡལ་བླ་མེད་འབྲས་བུ་འཐོབ། །རླུང་གི་རླུང་རྣམས་རྣམ་ཤེས་ཐིམ་པའི་དུས། །"
1680030,1686370,6340,"ཕྱི་དབུགས་བརྩེགས་འབྱུང་ནང་དུ་སྡུད་མི་ཤེས། །མིག་གི་རང་འོད་སྒྲོན་མ་ཡལ་འགྱུར་ཞིང༌། །"
1686370,1692016,5646,"ཕྱི་ཡི་དབུགས་འཆད་རྣམ་ཤེས་འོད་གསལ་ཐིམ། །ནང་དབུགས་འཆད་ཅིང་ལུས་སེམས་འབྲལ་བ་སྟེ། །"
1692016,1696931,4915,"ལུས་དེ་དེར་བཞག་ཡེ་ཤེས་དབྱིངས་ལ་འཆར། །འདི་དག་ཐོག་མར་འབྱུང་བའི་ཐིམ་ཚུལ་ཡིན། །"
1696931,1701979,5048,"གསུངས་ནས་བཟུང་སྟེ། ད་དེ་འབྲིང་བར་དོ་སྐྱེ་ཤི་བར་དོ་ལ་གྲོལ་མ་ཐུབ་ནས་བཟུང༌།"
1701979,1706819,4840,"དེ་ནས་ཆོས་ཉིད་བར་དོ་ལ་གྲོལ་བ་དྲུག་ཚན་གཉིས་ཀྱི་སྒོ་ནས་ཤེས་ཀྱིས། གང་རེད་ཟེར་ན།"
1706819,1712953,6134,"ལུས་ཀྱི་རྒྱ་ལུས་པོ་འདི་རྒྱ་རེད་དེ་སེམས་དེའི་སྦུབས་ལ་འཐུམ་བསྡད་ཡོད་དུས་"
1712953,1718026,5073,"དེ་དོར་ལུགས་རྣམ་པ་དྲུག་ཡོད། གང་རེད་ཟེར་ན། ཕྱིའི་འབྱུང་བ་ཐམས་ཅད་ནང་གི་འབྱུང་བ་ལ་ཐིམ།"
1718026,1720519,2493,"ནང་གི་འབྱུང་བ་སེམས་སུ་འདུས་པའི་དུས་ཀྱི་ཚེ་ན།"
1720519,1724912,4393,"གཟུང་བའི་ཡུལ་གཟུགས་སྒྲ་དྲི་རོ་རེག་བྱ་ལྔ་དང་འབྲལ་བའི་དུས་ཡིན།"
1724912,1731569,6657,"སེམས་ཉིད་ཡེ་ཤེས་ཀྱི་དབང་དུ་འདུས་པའི་ཚེ་ན་གཟུང་བའི་ཡུལ་དང་བྲལ།"
1731569,1735564,3995,"སེམས་དེའང་གཟུང་འཛིན་གྱི་བློ་ལས་འདས་ཏེ་འཛིན་པའི་སེམས་ཀྱང་བྲལ།"
1735564,1740636,5072,"དེ་སེམས་གཉིས་བྲལ་ཚར་དུས་རིག་པ་ཡེ་ཤེས་ཀྱི་སྟེང་དུ་བག་ཆགས་སྦུབས་ན་འདུས་པའི་ཚེ་ན།"
1740636,1745714,5078,"ས་རླུང་ཆུ་ལ་ཐིམ་པས་ལུས་ཀྱིས་ཡ་ལྡང་མི་ནུས། རྐང་ལག་བརྐྱང་བསྐུམ་མི་ནུས།"
1745714,1751109,5395,"དེའི་ཚེ་ན་འཕོ་བ་འདེབས་པར་བྱ་ཞིང༌། བཤང་གཅི་དང་ལུས་ལས་དྲི་ངན་འབྱུང༌།"
1751109,1757044,5935,"ཆུ་རླུང་མེ་རུ་ཐིམ་པའི་ཚེ་ན་ལུས་ཀྱི་ཡན་ལག་ཐམས་ཅད་འཕྲ། བྱད་དེ་གདོང་པ་ལ་རྔུལ་ཆགས།"
1757044,1765509,8465,"ཁ་ཆུ་སྣ་ཆུ་འཛག་སྟེ་གསོག་མི་ནུས། མེ་རླུང་རླུང་ལ་ཐིམ་པས་ཁ་དང་སྣ་ཐམས་ཅད་སྐམ་པོ་ལ་ཆགས།"
1765509,1770361,4852,"ལུས་ཀྱི་དྲོད་ཤོར་བས་ཁ་དང་སྣའི་གཟི་བརྗིད་མེད་པ་རོའི་མདོག་ཏུ་འགྱུར།"
1770361,1773445,3084,"འདིའི་དུས་སུ་རྐང་མཐིལ་དུ་དྲོད་འདུས་ན་དམྱལ་བར་སྐྱེ།"
1773445,1777029,3584,"གསང་གནས་སུ་དྲོད་འདུས་ན་ཡི་དྭགས། ལྟེ་བར་དྲོད་འདུས་ན་བྱོལ་སོང༌།"
1777029,1781086,4057,"སྙིང་གར་དྲོད་འདུས་ན་མི། མགྲིན་པར་དྲོད་འདུས་ན་ལྷ་མིན་ཡིན།"
1781086,1786997,5911,"མིག་ཏུ་དྲོད་འདུས་ན་ལྷར་སྐྱེ། སྤྱི་བོར་དྲོད་ཡལ་ན། བདེ་ཆེན་ཚངས་པའི་སྒོ་ཟེར་དུས།"
1786997,1789446,2449,"བླ་ན་མེད་པའི་འབྲས་བུ་འཐོབ་སྟེ་ཞིང་ཁམས་སུ་སྐྱེ།"
1789446,1791880,2434,"རླུང་གི་རླུང་རྣམས་རྣམ་ཤེས་ལ་ཐིམ་པའི་ཚེ་ན།"
1791880,1796061,4181,"ཕྱི་དབུགས་བརྩེགས་འབྱུང་ཟེར་དབུགས་ཕྱི་ལ་ཕར་འཕེན་རྒྱུ་འདི་མང་པོ་ཕྱིར་ལུས་པ་མ་གཏོགས།"
1796061,1801247,5186,"ནང་དུ་སྡུད་མི་ཐུབ་དབུགས་སྣ་ཐུང་ཐུང་རེད་དེ་ཕྱི་དབུགས་བརྩེགས་ནང་དུ་སྡུད་མི་ཤེས།"
1801247,1805580,4333,"མིག་གི་རང་འོད་སྒྲོན་མ་ཡལ་ཏེ་མིག་ལ་ད་ལྟ་དེ་འདྲ་བྱས་བལྟ་ན་"
1805580,1808312,2732,"ཐིག་ལེ་མང་པོ་ཞིག་ཡོད་པ་དེ་མི་འཆར།"
1808312,1811182,2870,"ཕྱིའི་དབུགས་འཆད་རྣམ་ཤེས་འོད་གསལ་ལ་ཐིམ།"
1811182,1815269,4087,"ནང་གི་དབུགས་འཆད་ལུས་དང་སེམས་གཉིས་ལྷན་ཅིག་ཏུ་འདུས་པ་འདི་འབྲལ།"
1815269,1819454,4185,"ལུས་དེ་དེར་བཞག་དེ་ནས་ཡེ་ཤེས་བར་དོའི་དབྱིངས་ལ་འཆར།"
1819454,1823691,4237,"འདི་དག་ཐོག་མར་འབྱུང་བའི་ཐིམ་ཚུལ་ཡིན།"
1823691,1827803,4112,"(412) དྲུག་ཚན་གཉིས་པ་དབང་པོའི་གྲོལ་ཚུལ་ལ། །རྣམ་པ་དྲུག་ལས་དང་པོ་བསྟན་པ་ནི། །"
1827803,1833448,5645,"དབང་པོ་རབ་ཀྱི་རྣོན་པོ་དེ་ཉིད་ལ། །བར་དོ་མི་འཆར་ལུས་རྒྱ་བྲལ་མ་ཐག །"
1833448,1837617,4169,"ཆོས་ཉིད་ལྷག་མཐོང་ཆེན་པོར་རང་གསལ་ནས། །སྤྲོས་པའི་མཐའ་དང་བྲལ་བར་གནས་པ་ཡིན། །"
1837617,1841159,3542,"ད་དབང་པོའི་རིམ་པ་གྲོལ་ཚུལ་རྣམ་པ་དྲུག་ཡོད་རེད།"
1841159,1845824,4665,"དབང་པོ་རབ་ཏུ་གྱུར་པ་ཡིན་ན་དབང་པོ་རབ་ཀྱི་རྣོན་པོ་དེ་ཉིད་ལ།"
1845824,1851031,5207,"ལམ་གྱི་འོད་གསལ་ད་ལྟ་སྒོམ་བསྡད་དུས།"
1851031,1853822,2791,"དེ་ནས་གཞིའི་འོད་གསལ་ཤར་འོང་བ་དང་མཉམ་དུ་"
1853822,1856795,2973,"དེ་གཉིས་མ་བུ་འདྲེས་ཏེ་ལུས་རྒྱ་བྲལ་མ་ཐག་ཏུ།"
1856795,1861135,4340,"ཆོས་ཉིད་ལྷག་མཐོང་ཆེན་པོར་རང་གསལ་ནས་སྤྲོས་པའི་མཐའ་དང་བྲལ་བར་གནས་པ་ཡིན་པས་"
1861135,1864585,3450,"དེ་ཕན་ཆད་བར་དོ་འགྲོ་མི་དགོས་པ་ཡིན།"
2009915,2013652,3737,"གཉིས་པ་དབང་པོ་རབ་ཀྱི་རྟུལ་པོ་ནི། །སྐད་ཅིག་གསུམ་པར་གྲོལ་བ་ཐོབ་པ་སྟེ། །"
2013652,2017920,4268,"ལུས་སེམས་བྲལ་བའི་སྐད་ཅིག་དང་པོ་ལ༌། །རང་གསལ་ཆོས་སྐུ་རྟོག་བྲལ་ཆེན་པོ་འཆར། །"
2017920,2022162,4242,"སྐད་ཅིག་གཉིས་པར་ལོངས་སྐུ་ཟེར་དུ་འཆར། །སྐད་ཅིག་གསུམ་པར་འོད་གསལ་རྣམ་གྲོལ་ནས། །"
2022162,2024040,1878,"མཁའ་ལྟར་མཉམ་ཉིད་ཆོས་སྐུའི་ངང་དུ་གནས། །"
2041410,2045296,3886,"གཉིས་པ་དབང་པོ་རབ་ཀྱི་ནང་ནས་རྟུལ་པོ་འདི།"
2045296,2050992,5696,"བར་དོ་ན་སྐད་ཅིག་མ་གསུམ་པ་ཐོག་ལ་གྲོལ་བ་ཐོབ་པ་ཡིན་ཏེ།"
2050992,2054614,3622,"ལུས་དང་སེམས་བྲལ་བའི་སྐད་ཅིག་དང་པོ་དེ་གཞིའི་འོད་གསལ་"
2054614,2056844,2230,"རང་གསལ་ཆོས་སྐུ་རྟོག་བྲལ་འདི་ཆེན་པོ་འཆར།"
2056844,2061790,4946,"སྐད་ཅིག་གཉིས་པ་དེ་ལ་ལོངས་སྐུ་སྒྲ་འོད་ཟེར་གསུམ་གྱི་སྣང་བ་ཆོས་ཉིད་བར་དོ་འཆར།"
2061790,2064165,2375,"སྐད་ཅིག་གསུམ་པ་ལ་འོད་གསལ་རྣམ་པར་གྲོལ་ནས་"
2064165,2068152,3987,"འོད་གསལ་གྱི་སྣང་བ་ཕར་ཡལ་ཏེ་མཁའ་ལྟར་མཉམ་ཉིད་ཆོས་སྐུའི་ངང་དུ་ཆས།"
2068152,2074116,5964,"གསུམ་པ་འབྲིང་གི་རྣོན་པོ་ཞག་གཅིག་གམ། །གསུམ་དུ་རྟོག་བྲལ་བརྒྱལ་ཐབས་གནས་པ་སྟེ། །"
2074116,2077748,3632,"དེ་ཉིད་སངས་ནས་ཡེ་ཤེས་འོད་དུ་འཆར། །སྐུ་ཡི་རང་འོད་གསུང་གི་རང་སྒྲ་དང༌། །"
2077748,2081764,4016,"ཐུགས་ཀྱི་ཟེར་གདངས་ཞག་ལྔར་འཆར་དུས་སུ། །སྐུ་གསུང་ཐུགས་སུ་རང་ངོ་ཤེས་པས་གྲོལ། །"
2081764,2086725,4961,"དབང་པོ་འབྲིང་གི་རྣོན་པོ་ནི། ཞག་གཅིག་གམ། ཞག་གསུམ་དུ་"
2086725,2091905,5180,"ཀུན་གཞིའི་ངང་དུ་རྟོག་པ་དང་བྲལ་བ་བརྒྱལ་ཐབས་གནས་པ་སྟེ།"
2091905,2096862,4957,"བརྒྱལ་ཐབས་གནས་པ་དེ་ཉིད་སངས་ནས་གཞི་སྣང་ཤར་འོང་དུས་ཡེ་ཤེས་འོད་དུ་འཆར།"
2096862,2100862,4000,"སྐུའི་རང་འོད། གསུང་གི་སྔགས་ཀྱི་རང་སྒྲ། ཐུགས་ཀྱི་ཟེར་གདངས།"
2100862,2106564,5702,"བསམ་གཏན་གྱི་ཞག་ལྔར་འཆར་དུས་སུ་སྐུ་གསུང་ཐུགས་ཀྱི་སྣང་བ་ཡིན་པ་རང་ངོ་ཤེས་ན་"
2106564,2108557,1993,"དེ་ཐོག་ཏུ་མཉམ་པར་བཞག་པས་གྲོལ།"
2108557,2113748,5191,"བཞི་པ་དབང་པོ་འབྲིང་གི་རྟུལ་པོ་ནི། །ཞག་གསུམ་བར་རམ་ལྔ་རུ་བརྒྱལ་ཐབས་གནས། །"
2113748,2118869,5121,"དེ་སངས་ཡེ་ཤེས་ལྔ་འཕྲོ་འོད་གསལ་ཏེ། །དངངས་སྐྲག་མ་སྐྱེས་འཇིགས་མེད་རང་སྣང་གྲོལ། །"
2118869,2122721,3852,"གསུངས་དུས། དབང་པོ་འབྲིང་གི་རྟུལ་པོ་ཡིན་ན། ཡང་ན་ཞག་གསུམ་དུ་བརྒྱལ།"
2122721,2126614,3893,"ཡང་མིན་ན་ཞག་ལྔ་རུ་བརྒྱལ་ཏེ་དེ་ཚུར་སངས་འོང་བ་དང་མཉམ་དུ་"
2126614,2130736,4122,"ཡེ་ཤེས་ཀྱི་རྣམ་པའི་ཁ་དོག་ལྔ་མཆོག་ཡོད་པ་དེ་འཕྲོ་སྟེ་འོད་གསལ།"
2130736,2135247,4511,"དེའི་སྣང་བ་དེ་དག་ཐམས་ཅད་ལ་དངངས་སྐྲག་མ་སྐྱེས་"
2135247,2139772,4525,"རང་རིག་པའི་རྩལ་སྣང་ཡིན་པ་དེ་ངོ་ཤེས་སོང་ན་འཇིགས་མེད་རང་སྣང་དུ་གྲོལ།"
2139772,2143826,4054,"ལྔ་པ་དབང་པོ་ཐ་མའི་རྣོན་པོ་ནི། །ཞག་གསུམ་བར་དུ་རིག་པ་བརྒྱལ་ཐབས་གནས། །"
2143826,2149297,5471,"དེ་སངས་ཡེ་ཤེས་ལྔ་ཡི་འོད་གསལ་ཏེ། །ཞག་ལྔ་ལོན་ནས་ཡེ་ཤེས་སྣང་བ་ནུབ། །"
2149297,2153453,4156,"འོད་ལས་ཡུལ་དང་སྒྲ་ལས་ཟེར་དང་ནི། །ཟེར་ལས་རྟོག་པ་ཤར་དང་དེ་ཡི་ཚེ། །"
2153453,2157424,3971,"སྔོན་གྱི་ཡུལ་དང་ནོར་དང་མི་རྣམས་ཀྱི། །དྲན་པ་སད་དུས་སྔ་མའི་ཆོས་དྲན་ནས། །"
2157424,2166591,9167,"གཉེན་པོ་སད་དེ་འཛིན་མེད་རང་གསལ་གྱི། །ཡེ་ཤེས་རང་ཤར་བར་དོའི་སྣང་བ་གྲོལ། །"
2166591,2168536,1945,"ཆོས་དབྱིངས་ངང་དུ་མངོན་པར་བྱང་ཆུབ་ཡིན། །"
2168536,2174496,5960,"གསུངས་ནས་བཟུང། ལྔ་པ་དབང་པོ་ཐ་མའི་ནང་ནས་དབང་པོ་རྣོན་པོ་ནི།"
2174496,2177889,3393,"ཞག་གསུམ་བར་དུ་རིག་པ་ཀུན་གཞིའི་ངང་དུ་བརྒྱལ་ཐབས་སུ་གནས།"
2177889,2182511,4622,"དེ་ཚུར་སངས་ནས་ཡེ་ཤེས་ལྔའི་འོད་གསལ་བ་ཤེས་ཏེ་ཞག་ལྔ་ལོན་ནས།"
2182511,2187763,5252,"ཡེ་ཤེས་ཀྱི་སྣང་བ་ཐམས་ཅད་ནུབ། འོད་ལས་ཡུལ་གཟུགས་སྒྲ་དྲི་རོ་རེག་བྱ་དང༌།"
2187763,2191481,3718,"སྒྲ་ལས་ཟེར། ཟེར་ལས་རྣམ་པར་རྟོག་པ་ཤར་ཏེ་དེའི་ཚེ་ན།"
2191481,2195580,4099,"རང་སྔོན་ད་ལྟ་ལུས་རྟེན་འདིའི་ཡུལ་དང་ནོར་རྫས་དང།"
2195580,2201973,6393,"གཉེན་ཉེ་འབྲེལ་གྱི་མི་རྣམས་ཀྱིས་རང་མཐོང་གི་ཨེ་འདུག་ལྟ།"
2201973,2204818,2845,"ཁ་ལབ་ན་གོ་ཡི་ཨེ་འདུག་ལྟ། དེ་བྱས་དུས་དྲན་པ་སད།"
2204818,2209975,5157,"ད་སྲིད་པ་བར་དོར་སླེབས་ཡོད་པ་ཤེས་ཏེ་ཆོས་དྲན་ནས་གཉེན་པོ་སད་དེ་"
2209975,2213377,3402,"འཛིན་མེད་རང་གསལ་གྱི་ཡེ་ཤེས་རང་ཤར་བར་དོའི་སྣང་བ་གྲོལ།"
2213377,2216748,3371,"ཆོས་ཀྱི་དབྱིངས་ངང་དུ་མངོན་པར་བྱང་ཆུབ་པ་ཡིན།"
2216748,2220408,3660,"དྲུག་པ་དབང་པོ་ཐ་མའི་རྟུལ་པོ་ནི། །ཞག་གཅིག་རིག་པ་བརྒྱལ་ཐབས་གནས་པ་ལས། །"
2220408,2224572,4164,"དེ་སངས་ཡེ་ཤེས་སྣང་བ་ཞག་གཅིག་འཆར། །དེ་ནུབ་སྔ་མའི་གཟུགས་སུ་ཡོད་སྙམ་ཞིང༌། །"
2224572,2228368,3796,"དབང་པོ་ཀུན་ཚང་གར་ཡང་ཐོགས་མེད་རྒྱུ། །རྣམ་ཤེས་རྟེན་བྲལ་ཡུལ་དང་འདུག་ས་འཚོལ། །"
2228368,2233058,4690,"ལས་ཀྱིས་མངལ་སྒོ་ཐ་དད་འཇུག་པ་ལས། །དེ་ཉིད་མི་ལུས་ཡོན་ཏན་བདུན་ཐོབ་ནས། །"
2233058,2235210,2152,"ཟབ་མོའི་ཆོས་ཕྲད་སྐྱེ་བ་དེས་གྲོལ་འགྱུར། །"
2235210,2241632,6422,"གསུངས་དུས། དྲུག་པ་དབང་པོ་ཐ་མའི་རྟུལ་པོ་ཐ་མའི་ཐ་མ་དེ་ཡིན་ན།"
2241632,2243954,2322,"ཞག་གཅིག་རིག་པ་བརྒྱལ་ཐབས་སུ་གནས།"
2243954,2247537,3583,"དེ་ལས་ཚུར་སད་འོང་དུས་ཡེ་ཤེས་ཀྱི་སྣང་བ་ཞག་གཅིག་ལ་སྟེ།"
2247537,2252292,4755,"དེ་ནས་དེ་ནུབ་ནས་སྐྱེ་བ་སྔ་མའི་གཟུགས་སུ་ཡོད་པ་སྙམ་ཞིང་"
2252292,2255634,3342,"དེ་ཡང་མིག་ལ་སོགས་པའི་དབང་པོ་སྒོ་ལྔ་ཚང་ཚར་བ།"
2255634,2258544,2910,"སེམས་ཀྱིས་ག་ན་དྲན་ན་དེ་ན་འགྲོ་ཐུབ་པ།"
2258544,2261419,2875,"རི་བྲག་ལ་སོགས་པའང་ཟང་ཐལ་ཐོགས་མེད་དུ་རྒྱུ་བ།"
2261419,2265555,4136,"རྣམ་ཤེས་ཀྱི་རྟེན་གཟུགས་པོ་མེད་དུས་བག་གཏན་ནས་ཕེབས་རྒྱུ་མེད་པ།"
2265555,2269646,4091,"སྐད་ཅིག་ཙམ་ཡང་མི་གནས་པ་བྱ་སྒྲོ་རླུང་གིས་འཁྱེར་བ་བཞིན་"
2269646,2272726,3080,"ཡུལ་དང་འདུག་ས་ཞིག་ག་ན་ཡོད་འཚོལ་འགྲོ་བ།"
2272726,2278162,5436,"དེ་ནས་ལས་ཀྱི་དབང་གིས་ལས་བཟང་པོ་བསགས་ཡོད་ན་ཆོས་ལྡན་གྱི་མི་ལུས་སྐྱེ་བ།"
2278162,2282238,4076,"ངན་པ་བསགས་ཡོད་ན་ངན་སོང་འགྲོ་དུས་མངལ་སྒོ་ཐ་དད་པ་འཇུག་པ་ལས།"
2282238,2287705,5467,"མི་ལུས་མཐོ་རིས་ཀྱི་ཡོན་ཏན་བདུན་དང་ལྡན་པ་ཐོབ་ནས།"
2287705,2291332,3627,"དེ་སྔོན་ཡིན་པའི་རྫོགས་པ་ཆེན་པོའི་ཆོས་སྟོན་པའི་བླ་མ་དང༌།"
2291332,2294685,3353,"ཟབ་མོའི་ཆོས་དང་ཕྲད་དེ་སྐྱེ་བ་དེའི་སྟེང་དུ་གྲོལ་བར་འགྱུར་བ་ཡིན།"
2294685,2298551,3866,"དེ་ཡང་ཤིན་ཏུ་སྡིག་པ་ཅན་རྣམས་ལ། །བར་དོ་མི་སྣང་ལུས་སེམས་བྲལ་མ་ཐག །"
2298551,2302394,3843,"རང་སྣང་འཁྲུལ་ནས་དམྱལ་བར་སྣང་བ་ཡིན། །སྡིག་པ་འབྲིང་སྤྱད་བར་དོ་ཡུན་ཐུང་གནས། །"
2302394,2306557,4163,"དེ་ནས་ངན་སོང་གཞན་གཉིས་མྱོང་བ་ཡིན། །དགེ་སྡིག་ཆ་སྙོམས་བར་དོ་ཡུན་རིང་སྟེ། །"
2306557,2314612,8055,"ཞག་གྲངས་བཞི་བཅུ་རྩ་དགུ་གནས་པ་ལས། །དེ་ནས་ལས་ཀྱི་ལུས་ལེན་འགྱུར་བ་ཡིན། །"
2314612,2322724,8112,"གསུངས་དུས། ཤིན་ཏུ་སྡིག་པ་ཅན་རྣམས་དང་དམ་པའི་ཆོས་དང་"
2322724,2325463,2739,"གདམས་ངག་ལ་སྦྱོང་བ་མ་བྱས་པའི་གང་ཟག་ཐམས་ཅད་ནི།"
2325463,2328850,3387,"གོང་དུ་བཤད་པའི་ཆོས་སྲིད་བར་དོའི་སྣང་བ་དེ་ཉིད་མི་སྣང༌།"
2328850,2334556,5706,"ལུས་དང་སེམས་གཉིས་བྲལ་མ་ཐག་ཏུ་རང་སྣང་འཁྲུལ་ནས་དམྱལ་བ་ལ་ལྷུང་འགྲོ་བ་ཡིན།"
2334556,2337749,3193,"མཚམས་མེད་དང་རྡོ་རྗེའི་སློབ་དཔོན་ལ་དམ་ཚིག་ཉམས་པ་ལྟ་བུ་དང༌།"
2337749,2342892,5143,"སྡིག་པ་འབྲིང་སྤྱད་པ་ཐམས་ཅད་བར་དོ་ཞག་བདུན་ཕྲག་གཅིག་ལ་སོགས་པའི་ཡུན་ཐུང་ངུ་གནས།"
2342892,2347638,4746,"དེ་ནས་ངན་སོང་གི་གནས་ཡི་དྭགས་དུད་འགྲོ་གཉིས་མྱོང་བ་ཡིན།"
2347638,2353281,5643,"དགེ་སྡིག་ཆ་སྙོམས་པ་སྤྱད་དེ་སྙོམས་པོ་རེད་ན་བར་དོ་ཡུན་རིང་སྟེ་ཞག་བཞི་བཅུ་རྩ་དགུ་རུ་ཞུགས་ནས་"
2353281,2357471,4190,"དེ་ནས་ལས་ཀྱིས་རང་ག་ནས་ལུས་ལེན་དགོས་ན་འགྱུར་བ་ཡིན།"
2357471,2361540,4069,"དེ་ཡང་ཆོས་ཉིད་བར་དོ་ནུབ་པ་ལས། །རྟུལ་པོ་གཉིས་ལ་སྲིད་པའི་བར་དོ་འཆར། །"
2361540,2365342,3802,"དེ་བས་ད་ལྟ་མི་དགེ་རྣམ་སྤངས་སྟེ། །དགེ་སྒྲུབ་སེམས་ཉིད་གཏན་སྲིད་ཟིན་པ་གཅེས། །"
2365342,2368809,3467,"ཕན་པའི་གདམས་ངག་ཡིན་ནོ་སེམས་ལ་ཞོག"
2368809,2378164,9355,"གསུངས་དུས། དེ་ཡང་ཆོས་ཉིད་ཀྱི་བར་དོའི་སྣང་བ་དེ་ནུབ་པ་ལས།"
2378164,2381782,3618,"དབང་པོ་རྟུལ་པོ་གཉིས་ལ་སྲིད་པ་བར་དོ་རླུང་སེམས་ཀྱི་ལུས་འདི་འཆར།"
2381782,2384715,2933,"དེ་བས་ན་ད་ལྟ་རང་ལ་རང་དབང་ཡོད་པའི་ཚེ་ན་"
2384715,2387404,2689,"མི་དགེ་སྡིག་པ་རྣམ་པར་སྤངས་ཤིང་དགེ་བ་སྒྲུབ་སྟེ་"
2387404,2391994,4590,"སེམས་ཉིད་ཀྱི་གནས་ལུགས་གཏན་ལ་ཕབ་ནས་གཏན་སྲིད་ཟིན་པ་གཅེས།"
2391994,2394463,2469,"ད་ལྟ་ཕན་པའི་གདམས་ངག་ཡིན་ནོ་སེམས་ལ་ཞོག"
2394463,2398951,4488,"(413) །མཐར་ཐུག་འབྲས་བུ་མངོན་དུ་གྱུར་པའི་ཚེ། །མངོན་པར་བྱང་ཆུབ་ཆོས་དྲུག་བསྟན་པ་ནི། །"
2398951,2403201,4250,"གཟུང་འཛིན་འཁྲུལ་པའི་བག་ཆགས་ཀུན་བྲལ་ནས། །འཁྲུལ་སྣང་འཁྲུལ་འཛིན་དབྱིངས་སུ་ནུབ་པ་ཡིན། །"
2403201,2407204,4003,"སྤྲིན་དེངས་ཉི་མཁའ་བཞིན་དུ་དག་པའི་ཚེ། །དང་པོ་ཆོས་སྐུ་དག་པ་གཉིས་ལྡན་ནི། །"
2407204,2410960,3756,"གསལ་བའི་ཡེ་ཤེས་ཆོས་ཉིད་དབྱིངས་སུ་ཤར། །སྤྲོས་བྲལ་འོད་གསལ་ཁྱབ་གདལ་ཆེན་པོ་ཉིད། །"
2410960,2415885,4925,"ལྷུན་གྲུབ་ཀ་དག་ཕྱོགས་ལ་གྲོལ་བ་ཡིན། །གཉིས་པ་ལོངས་སྤྱོད་རྫོགས་སྐུ་དག་པ་ནི། །"
2415885,2419665,3780,"དེ་ཉིད་ངང་ལས་ས་བཅུའི་སེམས་དཔའ་ལ། །འཇའ་ཚོན་ལྟ་བུ་རིགས་ལྔ་གངས་ཆེན་མཚོ། །"
2419665,2423935,4270,"མཚན་རྫོགས་དཔེ་བྱད་འབར་བ་སྣང་བ་ཡིན། །གསུམ་པ་སྤྲུལ་སྐུའི་དེ་ཉིད་ཟླ་གཟུགས་བཞིན། །"
2423935,2427555,3620,"གདུལ་བྱའི་ཆུ་སྣོད་གང་ཡོད་དེར་སྣང་སྟེ། །བཟོ་དང་སྐྱེ་བ་མཆོག་གི་སྤྲུལ་པ་སོགས། །"
2427555,2433015,5460,"གང་ལ་གང་འདུལ་དེ་ལ་དེར་སྣང་བས། །འགྲོ་དྲུག་གནས་ན་སྲིད་པ་ཇི་སྲིད་བར། །"
2433015,2434974,1959,"སེམས་ཅན་དོན་མཛད་ཕྲིན་ལས་བསམ་མི་ཁྱབ། །"
2434974,2440029,5055,"གསུངས་ནས་བཟུང་སྟེ། དབང་པོ་རབ་ཚེ་འདི་ན་གྲོལ་ན་འདྲ།"
2440029,2444737,4708,"འབྲིང་བར་དོ་ལ་གྲོལ་ན་འདྲ། དེའི་མཐར་ཐུག་གི་འབྲས་བུ་མངོན་དུ་གྱུར་པའི་ཚེ་ན།"
2444737,2447888,3151,"མངོན་པར་བྱང་ཆུབ་པའི་ཆོས་དྲུག་ཡོད། གང་རེད་ཟེར་ན།"
2447888,2451302,3414,"གཟུང་འཛིན་འཁྲུལ་པའི་བག་ཆགས་མ་ལུས་པ་ཐམས་ཅད་དང་བྲལ་ནས།"
2451302,2454164,2862,"འཁྲུལ་སྣང་འཁྲུལ་འཛིན་ཐམས་ཅད་ཆོས་ཀྱི་དབྱིངས་སུ་ནུབ།"
2454164,2458087,3923,"དཔེར་ན་སྤྲིན་དེངས་ཚར་བའི་ནམ་མཁའ་ལས་ཉི་མ་ཤར་འོང་ན་"
2458087,2464153,6066,"ཉི་མ་ཤིན་ཏུ་འོད་ཟེར་དང་ལྡན་པ་བཞིན། དང་པོ་རང་གི་ཆོས་སྐུའི་ངོ་བོ་དེ་ལས་ངོ་བོ་ཡེ་དག །"
2464153,2466442,2289,"གློ་བུར་བྲལ་དག་གི་དག་པ་གཉིས་ལྡན།"
2466442,2470788,4346,"དེ་ནས་དེ་གཉིས་ལྡན་དེའི་ངང་ལས་གསལ་བའི་ཡེ་ཤེས་ཆོས་ཉིད་ཀྱི་དབྱིངས་སུ་ཤར།"
2470788,2473182,2394,"སྤྲོས་བྲལ་གྱི་འོད་གསལ་ཁྱབ་གདལ་ཆེན་པོ་ཉིད།"
2473182,2476682,3500,"འོད་གསལ་ལྷུན་གྲུབ་ཀྱི་སྣང་ཆ་ཀ་དག་ཕྱོགས་ལ་གྲོལ་བ་ཡིན།"
2476682,2483822,7140,"གཉིས་པ་ལོངས་སྤྱོད་རྫོགས་སྐུ་ལ། དགོངས་པ་ཆོས་སྐུའི་དབྱིངས་དེ་ལས་མ་གཡོས་བཞིན་དུ་"
2483822,2489613,5791,"ས་དང་པོ་ནས་བཅུ་པ་མ་ཐུག་པའི་བྱང་ཆུབ་སེམས་དཔའ་རྣམས་ལ་འཇའ་ཚོན་ལྟ་བུའི་རྒྱལ་བ་རིགས་ལྔ།"
2489613,2492802,3189,"དེ་ལའང་ཚད་དུ་གཟུང་རྒྱུ་མེད་པ་མང་པོ་གངས་ཆེན་མཚོ།"
2492802,2497723,4921,"མཚན་བཟང་པོ་སུམ་ཅུ་རྩ་གཉིས། དཔེ་བྱད་བཟང་པོ་བརྒྱད་བཅུ་རྫོགས་པའི་དཔེ་བྱད་དུ་འབར་བ་ཡིན།"
2497723,2500978,3255,"གསུམ་པ་སྤྲུལ་སྐུའི་དེ་ཉིད་ནི། དཔེར་ན་ཆུ་སྣོད་ག་ན་ཡོད་ན་"
2500978,2507413,6435,"ཟླ་བའི་གཟུགས་བརྙན་ཤར་བ་བཞིན་གདུལ་བྱའི་ཆུ་སྣོད་གང་ཡོད་པ་དེ་དང་དེ་རུ་སྣང་སྟེ།"
2507413,2511894,4481,"བཟོའི་སྤྲུལ་པའི་སྐུ་ཟེར་ད་ལྟ་སྐུ་གསུང་ཐུགས་རྟེན་ལ་སོགས་པ་ཡོད་པ་དང༌།"
2511894,2515608,3714,"སྐྱེ་བ་མཆོག་གི་སྤྲུལ་པའི་སྐུ་དང༌། བྱ་དང་རི་དྭགས་ལ་སོགས་པ་གང་ལ་གང་འདུལ་"
2515608,2521057,5449,"དེ་ལྟར་སྣང་བས་འགྲོ་དྲུག་གི་གནས་ན་སྲིད་པ་ཇི་སྲིད་བར་སེམས་ཅན་གྱི་དོན་མཛད་དེ་"
2521057,2524681,3624,"འཕྲིན་ལས་བསམ་མི་ཁྱབ་པ་རང་ཤུགས་ཀྱིས་འབྱུང་བ་ཡིན་ནོ། །"
2524681,2532213,7532,"སྐུ་ལ་བརྟེན་པའི་ཡེ་ཤེས་དྲུག་ལྡན་ནི། །ཆོས་དབྱིངས་ཡེ་ཤེས་ཆོས་ཉིད་འཕོ་འགྱུར་མེད། །"
2532213,2537623,5410,"མེ་ལོང་ཡེ་ཤེས་རང་གསལ་ཀུན་སྣང་གཞི། །མཉམ་ཉིད་ཡེ་ཤེས་རོ་གཅིག་འབྱེད་པ་མེད། །"
2537623,2541409,3786,"ཀུན་རྟོག་ཡེ་ཤེས་ཇི་སྙེད་ཇི་བཞིན་གཟིགས། །བྱ་གྲུབ་ཡེ་ཤེས་མཛད་པ་བསམ་མི་ཁྱབ། །"
2541409,2545403,3994,"ལྷུན་གྲུབ་ཡེ་ཤེས་འདུས་མ་བྱས་ཉིད་ནི། །དཔེ་བྲལ་རྒྱལ་བའི་ཡེ་ཤེས་ཀུན་གྱི་བདག །"
2545403,2547688,2285,"ནོར་བུ་བཞིན་དུ་མི་རྟོག་དོན་ཀུན་འབྱུང༌། །"
2547688,2553620,5932,"གསུངས། སངས་རྒྱས་སྐུ་གསུམ་པོ་དེ་ལ་བརྟེན་པའི་ཡེ་ཤེས་དྲུག་ཡོད།"
2553620,2557517,3897,"དེའི་ནང་ནས་ཆོས་དབྱིངས་ཡེ་ཤེས་འདི་ཆོས་ཀྱི་དབྱིངས་འཕོ་འགྱུར་མེད་པའི་དགོངས་པ་དེ་ཡིན།"
2557517,2563995,6478,"མེ་ལོང་ཡེ་ཤེས་འདི་གཏིང་གསལ་ཆེན་པོའི་སྒོ་ནས་གཞན་ཡེ་ཤེས་བཞི་པོ་འཕྲོ་བའི་རྟེན་ཡིན།"
2563995,2566486,2491,"མཉམ་ཉིད་ཡེ་ཤེས་ཀྱིས་འཁོར་འདས་སྤང་བླང་"
2566486,2569829,3343,"བདེ་སྡུག་ཐམས་ཅད་རོ་གཅིག་འབྱེད་པ་མེད་པ་དེ་ཡིན།"
2569829,2573694,3865,"ཀུན་རྟོག་གི་ཡེ་ཤེས་ཇི་ལྟ་ཇི་སྙེད་གཉིས་ཀྱི་ནང་ནས་ཇི་སྙེད་མཁྱེན་པའི་ཡེ་ཤེས་ཏེ།"
2573694,2578659,4965,"བྱ་གྲུབ་ཡེ་ཤེས་གདུལ་བྱ་སེམས་ཅན་གང་ལ་གང་འདུལ་གྱི་མཛད་པ་བསམ་མི་ཁྱབ་པ་ཡིན།"
2578659,2582512,3853,"དེ་ཡེ་ཤེས་ལྔ་པོ་འདིའང་རྒྱུ་རྐྱེན་གྱིས་གསར་དུ་མ་བྱས་པ།"
2582512,2585131,2619,"ཡེ་ནས་ལྷུན་གྱིས་གྲུབ་པའི་ཡེ་ཤེས་འདུས་མ་བྱས་པ།"
2585131,2591936,6805,"དཔེ་ལས་འདས་པའི་རྒྱལ་བའི་ཡེ་ཤེས་ཀུན་གྱི་བདག་རྣམ་རྟོག་གི་རྗེས་སུ་འགྲོ་བ་མེད་དེ།"
2591936,2595802,3866,"ནོར་བུ་ལ་གསོལ་བ་བཏབ་ན་དགོས་འདོད་འབྱུང་བ་བཞིན་དགོས་འདོད་འབྱུང༌།"
2595802,2601080,5278,"བཞི་པ་ཐུགས་རྗེ་འགྲོ་ལ་འབྱུང་ཚུལ་ནི། །སེམས་བསྐྱེད་སྨོན་ལམ་ཚོགས་གཉིས་བསགས་པ་དང༌། །"
2601080,2605643,4563,"ལྷུན་གྲུབ་ངང་ལས་ཡེ་ཤེས་སྟོབས་ཀྱིས་འབྱུང༌། །ལྔ་པ་ཐུགས་རྗེ་ཇི་ལྟར་སྐྱེ་ཚུལ་ནི། །"
2605643,2609257,3614,"རང་བཞིན་ཤུགས་ཀྱིས་ཐུགས་རྗེ་སྐྱེ་བ་དང༌། །ཡུལ་དང་ཕྲད་པའི་ཐུགས་རྗེ་སྐྱེ་བ་དང༌། །"
2609257,2616956,7699,"བསྐུལ་ཞིང་གསོལ་བ་གདབ་ལས་སྐྱེ་བའོ། །"
2616956,2624194,7238,"གསུངས་དུས། སངས་རྒྱས་ཀྱི་ཐུགས་རྗེ་འདི་འགྲོ་ལ་ཇི་ལྟར་འབྱུང་བ་ཡིན་ཟེར་ན།"
2624194,2630247,6053,"སྔོན་སློབ་པ་ལམ་གྱི་གནས་སྐབས་བྱང་ཆུབ་མཆོག་ཏུ་ཐུགས་བསྐྱེད་པ་དང༌།"
2630247,2634033,3786,"བདག་ཅག་གི་སྟོན་པས་སྨོན་ལམ་ཆེན་པོ་ལྔ་བརྒྱ་བཏབ་པ་ལྟ་བུ་དང༌།"
2634033,2636154,2121,"མགོན་པོ་འོད་དཔག་མེད་ཀྱི་མཚན་བཟུང་བ་ཙམ་གྱིས་"
2636154,2640352,4198,"བདེ་བ་ཅན་དུ་སྐྱེ་བའི་སྨོན་ལམ་བཏབ་པའི་སྨོན་ལམ་འདི་མངོན་སུམ་དུ་གྲུབ་པ་དང༌།"
2640352,2642682,2330,"བསོད་ནམས་དང་ཡེ་ཤེས་ཀྱི་ཚོགས་གཉིས་བསགས་པ་དང༌།"
2642682,2646668,3986,"དེ་ལ་ཆེད་དུ་འབད་རྩོལ་ལྟ་བུ་མ་ཡིན་པ་ལྷུན་གྲུབ་ཀྱི་ངང་ལས་"
2646668,2650987,4319,"ཇི་ལྟ་ཇི་སྙེད་མཁྱེན་པའི་ཡེ་ཤེས་སྟོབས་ཀྱིས་འབྱུང༌།"
2650987,2655069,4082,"ལྔ་པ་ཐུགས་རྗེ་ཇི་ལྟར་སྐྱེ་བའི་ཚུལ་ནི། རང་བཞིན་ཤུགས་ཀྱི་ཐུགས་རྗེ་ཟེར་"
2655069,2659372,4303,"སངས་རྒྱས་ཐམས་ཅད་ལ་གཞན་ཕན་བྱང་ཆུབ་མཆོག་ཏུ་སེམས་བསྐྱེད་པ་འདི།"
2659372,2662165,2793,"ཐུགས་ཀྱིས་བསྐྱེད་དེ་སེམས་ཅན་ཐམས་ཅད་ལ་དུས་རྟག་པར་"
2662165,2665185,3020,"དགོངས་དགོངས་ཁ་ཡོད་དུས་རང་བཞིན་ཤུགས་ཀྱི་ཐུགས་རྗེ་ཟེར།"
2665185,2669335,4150,"དེ་ནས་གང་ཟག་གདུལ་བྱ་ཡུལ་ཞིག་གིས་གསོལ་བ་བཏབ་དད་པ་ཡོད་ན།"
2669335,2672488,3153,"དེ་ལ་ལྷག་པར་དུ་ཐུགས་རྗེ་འཇུག་སླ་བ་ཡིན་པའི་ཕྱིར་ན་"
2672488,2675300,2812,"གདུལ་བྱ་ཡུལ་དང་ཕྲད་པའི་ཐུགས་རྗེ་སྐྱེ་བ་དང༌།"
2675300,2678639,3339,"ཡང་གང་ཟག་ཅིག་སངས་རྒྱས་ཀྱི་མཚན་ནས་བརྗོད་གསོལ་བ་བཏབ་ན།"
2678639,2682526,3887,"སངས་རྒྱས་ཀྱིས་དེ་ལ་དེ་བཞིན་ཐུགས་རྗེས་གཟིགས་རེད་དུས་"
2682526,2687039,4513,"བསྐུལ་ཞིང་གསོལ་བ་གདབ་པས་སྐྱེ་བའོ། །དྲུག་པ་དེ་ལས་འགྲོ་དོན་མཛད་ཚུལ་ནི། །"
2687039,2692340,5301,"རྟེན་ཅན་རྟེན་མེད་ངོ་བོ་ཉིད་གསུམ་སྟེ། །ཕྱོགས་ཆར་ཆད་རྣམས་འདི་བཞི་ངེས་བྱ་བ། །"
2692340,2696781,4441,"ཆོས་སྐུས་གོ་འབྱེད་རྟེན་མེད་དོན་མཛད་ཅིང༌། །སྨོན་ལམ་སེམས་བསྐྱེད་ནུས་པས་སྒྲིབ་སྦྱངས་ཏེ། །"
2696781,2699015,2234,"འགྲོ་ལ་གཟུགས་སྐུ་སྣང་བར་མཛད་པའོ། །ལོངས་སྐུ་ཡེ་ཤེས་ཐུགས་རྗེ་རང་སྣང་བས། །རྟེན་ཅན་དོན་མཛད་ས་བཅུའི་སྒྲིབ་པ་སྦྱོང༌། །ངོ་བོ་ཉིད་ཀྱིས་དོན་མཛད་དབྱིངས་ཀྱི་སྐུ། །ཡོད་མེད་སྒྲོ་སྐུར་ཞི་བའི་ངང་ཉིད་ལས། །གདུལ་བྱ་རྣམས་ལ་གང་འདོད་དེར་སྣང་བས། །སྣ་ཚོགས་སྤྲུལ་པས་དོན་ཀུན་མཛད་པ་ཡིན། །གྲུབ་པའི་མཐའ་ལས་རྟེན་ཅན་དོན་མཛད་པ། །མཐར་ཐུག་རྫོགས་པའི་སངས་རྒྱས་ས་དེ་ན། །སྐུ་དང་ཡེ་ཤེས་གྲུབ་པས་དོན་མཛད་འདོད། །རྟེན་མེད་དེ་ལྟར་གྲུབ་པས་འགག་མེད་དེ། །འོན་ཀྱང་དྲང་སྲོང་མཆོད་སྡོང་བསྒྲུབས་པ་བཞིན། །སྨོན་ལམ་དབང་གིས་དེ་ལྟར་སྣང་བར་འདོད། །ངོ་བོ་ཉིད་ཀྱིས་དོན་གཉིས་མཛད་པ་ཡང༌། །དེ་དག་གཉིས་ལྟར་ཡོད་མེད་སྒྲོ་སྐུར་གྲོལ། །དབྱེར་མེད་ངོ་བོ་ཉིད་ཀྱི་སྐུ་དེ་ལས། །ཇི་ལྟར་འཚམས་པར་བཞག་ནས་དོན་བྱེད་འདོད། །འདི་དག་གསུམ་ཡང་དོན་ལ་གཅིག་དགོས་པས། །སྔ་མ་ལྟ་བུར་ཁོང་དུ་ཆུད་པར་བྱ། །དེ་ཡིས་ཕྱོགས་འཛིན་ཡོད་མེད་གཟེབ་ལས་གྲོལ། །དེ་ལྟར་བླ་མེད་བྱང་ཆུབ་བརྙེས་པ་ནི། །སོ་སོ་སྐྱེ་བོ་མོས་པ་ཕུན་ཚོགས་ལ། །ཐུན་མོང་ཁྱད་པར་མཆོག་གི་ལམ་གསུམ་ལ། །བརྟེན་ནས་འབད་པས་རིམ་གྱིས་གོང་བགྲོད་དེ། །ཡོན་ཏན་ཡིད་བཞིན་ལྷུན་གྱིས་གྲུབ་པས་ན། །ཐར་ལམ་བསྒྲུབ་ལ་རང་བཞིན་འབད་པ་གཅེས། །"
2699015,2703458,4443,"གསུངས། ད་འདི་སངས་རྒྱས་ཀྱིས་དེ་ལས་འགྲོ་བའི་དོན་ཇི་ལྟར་མཛད་རེད་ཟེར་ན།"
2703458,2707152,3694,"རྟེན་ཅན་དང་རྟེན་མེད་ངོ་བོ་ཉིད་གསུམ་གྱིས་འགྲོ་བའི་དོན་མཛད་པ་ཡིན།"
2707152,2714734,7582,"དེ་ནས་རྟེན་ཅན་རྟེན་མེད་ངོ་བོ་ཉིད་གསུམ་པོ་དེ་མི་ཤེས་པའི་གང་ཟག་"
2714734,2717621,2887,"ཕྱོགས་ཆར་ཆད་རྣམས་འདི་བཞི་ངེས་པར་བྱ་དགོས་ཏེ།"
2717621,2722790,5169,"ཆོས་སྐུས་གདུལ་བྱ་སེམས་ཅན་ལ་ཟག་མེད་ཀྱི་ཡོན་ཏན་ཐམས་ཅད་ཀྱི་གོ་འབྱེད་པ་ཡིན་ཏེ།"
2722790,2727492,4702,"ཆོས་སྐུ་ལ་རྟེན་གཟུགས་སྐུ་ཞེས་བྱ་བ་མེད་དུས་རྟེན་མེད་པས་སེམས་ཅན་གྱི་དོན་མཛད།"
2727492,2731258,3766,"སྨོན་ལམ་དང་སེམས་བསྐྱེད་ཀྱི་ནུས་པས་སེམས་ཅན་གྱི་སྒྲིབ་པ་སྦྱངས།"
2731258,2736171,4913,"འགྲོ་ལ་སངས་རྒྱས་ལོངས་སྐུ་དང༌། སྤྲུལ་སྐུའི་གཟུགས་སྣང་བར་མཛད་པའོ། །"
2736171,2739570,3399,"ལོངས་སྐུ་ཡེ་ཤེས་ཐུགས་རྗེ་རང་སྣང་བས་རྟེན་ཅན་"
2739570,2742941,3371,"མཚན་དཔེས་བརྒྱན་པའི་སྐུའི་རྟེན་འདི་ཡོད་པ་དེས།"
2742941,2747346,4405,"ས་དང་པོ་ནས་བཅུ་པའི་བར་དུ་བྱང་ཆུབ་སེམས་དཔའ་རྣམས་ཀྱི་སྒྲིབ་པ་སྦྱོང་བར་མཛད་པ་ཡིན།"
2747346,2751542,4196,"ངོ་བོ་ཉིད་ཀྱིས་སེམས་ཅན་གྱི་དོན་མཛད་དེ་ཆོས་ཀྱི་དབྱིངས་ཀྱི་སྐུ་ཡིན་པས་ན།"
2751542,2756108,4566,"ཡོད་པ་དང་མེད་པ་སྒྲོ་སྐུར་ཞི་བའི་ངང་ཉིད་ལས།"
2756108,2761487,5379,"གདུལ་བྱ་རྣམས་གནས་སྐབས་དང་མཐར་ཐུག་གི་ཕན་བདེ་གང་འདོད་པ་དེ་དང་དེར་སྣང་བས།"
2761487,2765953,4466,"སྣ་ཚོགས་སྤྲུལ་པ་ཟེར། བཟོ། སྐྱེ་བ། མཆོག་གི་སྤྲུལ་སྐུས་དོན་མཛད་པ་ཡིན།"