162,4162,4000,"མི་འདོད་པའི་ཡུལ་སྡང་བས་ཞེ་སྡང་ལྟ་བུ་སྐྱེས་པའི་ཚེ་ན་"
4162,8694,4532,"རྣམ་རྟོག་རྐྱེན་གྱི་ཁྲིད་ནས་ཆོས་ཉིད་ཀྱི་ངོ་བོ་དེ་བརླག།"
8694,13090,4396,"གང་ཟག་དེ་ཐ་མལ་པར་འཆོར་ནས་འཆོར་བར་གྱུར་པ་ཡིན་པའི་ཕྱིར་ན་"
13090,17421,4331,"རྗེས་ཐོབ་ཀྱི་ཤེས་པ་དེ་ལའང༌། མཉམ་བཞག་ཉམས་མྱོང་གི་རྩི་དེ་དང་མ་བྲལ་བས་"
17421,22731,5310,"བཟང་རྐྱེན་ངན་རྐྱེན་ཐམས་ཅད་ལམ་དུ་འཁྱེར་བའི་ཟང་ཐལ་དུ་སྐྱོང་བ་གལ་ཆེ་བ་ཡིན་པས་ན།"
22731,25680,2949,"དུས་དང་གནས་སྐབས་ཐམས་ཅད་དུ། དེ་ཡི་ཚེ་ཡང་"
25680,30055,4375,"རྗེས་ཐོབ་ལས་གྲོལ་བྱེད་ཀྱི་ཐབས་དེ་ལའང་སྒོམ་བྱ་གཞན་ཞིག་འཚོལ་མི་དགོས་ཀྱི།"
30055,33263,3208,"མཉམ་བཞག་གི་ཆོས་སྐུའི་ལྟ་བ་ཉམས་མྱོང་ཡོད་པ་དེ་"
33263,36205,2942,"རྗེས་ཐོབ་ཀྱི་སྐབས་ལའང་དེ་བརྗེད་འགྲོ་བ་དང༌། ཡེངས་འགྲོ་བ་དང༌།"
36205,40637,4432,"འཁྲུལ་འགྲོ་བ་ལྟ་བུ་མ་འབྲལ་བའི་ངང་ནས་ལུས་ངག་ཡིད་གསུམ་གྱི་བྱ་བྱེད་དང༌།"
40637,45139,4502,"དགེ་སྡིག་གི་རྣམ་རྟོག་ཐམས་ཅད་མེད་པ་ཡག་པོ་ཅིག་ཤར་ན་འདིའི་སྒྲིག་གི་འདུག་བསམ།"
45139,48523,3384,"སྡུག་པ་རྣམ་རྟོག་མང་བ་ལ་སོགས་པ་བྱུང་ན་ཡང་སྒོམ་ཤེས་ས་མ་རེད་བསམ་"
48523,52507,3984,"སེམས་སྦུ་སུ་དོག་པོ་ལྟ་བུ་མི་བྱ་བར་ཚུལ་བཞིན་དུ་"
52507,54863,2356,"ཉམས་སུ་ལེན་ཡིན་ས་རེད་བསམ་རྒྱུའི་ངེས་ཤེས་ཐོབ་ནའང་"
54863,58315,3452,"དེ་ལ་རློམ་སེམས་དང་ཆགས་པ་སྤོངས། རང་ཞི་རང་གྲོལ་བྱེད།"
58315,61772,3457,"ཉམས་ལེན་ཉོན་མོངས་དང་རྐྱེན་ངན་ལ་སོགས་པ་མང་པོ་བྱུང་ནའང་"
61772,66221,4449,"དེ་ལ་སྡང་བློ་མི་བྱ་བ་ཆོས་ཉིད་ཀྱི་རོལ་པ་ཤེས་པའི་རྩིས་མེད་རང་ཡན་གྱི་ངང་དུ་"
66221,71048,4827,"དགག་སྒྲུབ་མེད་པ་ཆད་ཆོད་ཡང་ཡུད་གསུང་དུས་དུམ་བུ་དུམ་བུ་བྱས་ནས་ག་ཚོད་སྒོམ་ཐུབ་ཐུབ་སྒོམ།"
71048,74846,3798,"དེ་འདྲ་བྱས་དུས་སྐྱོང་བ་ཡིན་པས་ན། ཆོས་སྐུ་གཅིག་པོའི་ཡོ་ལངས་བསྐྱངས།"
74846,78497,3651,"དེ་ལྟ་བུའི་ཉམས་ལེན་དེ་ཉིད་ལ་ཁ་སང་གོང་དུ་བཤད་པ་ལྟར་དུ་"
78497,84728,6231,"ལྟ་བ་ཀློང་ཆེན་རབ་འབྱམས་ཀྱི་སྐོར་དེ་ཉམས་སུ་ལེན་བྱའི་ཡུལ་ལྟ་བུ་གྱུར་འགྲོ་དུས།"
84728,87771,3043,"སྒོམ་པ་མཁྱེན་བརྩེའི་འོད་ཟེར་ལ་ཞེས་བརྩེ་བའི་སྙིང་རྗེ་ཆེན་པོ་དང༌།"
87771,91237,3466,"མཁྱེན་པའི་ཡེ་ཤེས་གཉིས་སྐྱེས་འོང་རྒྱུ་དེ་བརྩེ་བའི་སྙིང་རྗེ་དེ་ཞི་གནས།"
91237,93249,2012,"མཁྱེན་པའི་ཡེ་ཤེས་དེས་ལྷག་མཐོང་ཡིན་གསུངས།"
93249,94393,1144,"དོན་དུ་རྣམ་གྲངས་ཙམ་དུ་དེ་ལྟར་གསུངས་པ་རེད་མ་གཏོགས་"
94393,97142,2749,"གཞི་འབྲས་དབྱེར་མེད་གཞི་ལྷག་ཟུང་འཇུག་ཏུ་བསྒོམ་པས་"
97142,103110,5968,"དེ་ནམ་ཞིག་སྤྲོས་བྲལ་གཉུག་མའི་རྣལ་འབྱོར་མ་བཅོས་ལྷན་ཅིག་སྐྱེས་པའི་ཆོས་ཉིད་ཀྱི་རང་ངོ་མཐོང་སྟེ།"
103110,106214,3104,"དེ་མ་བརྗོད་པར་སྐྱོང་བ་ནི་གསང་སྔགས་རྡོ་རྗེ་ཐེག་པའི་"
106214,110407,4193,"རྒྱུད་སྡེ་རྒྱ་མཚོ་ཐམས་ཅད་ཀྱི་ཉམས་ལེན་གྱི་སྙིང་པོ་དབང་བཞི་པ་དོན་གྱི་ཡེ་ཤེས་"
110407,114796,4389,"དེ་སྔ་ཡན་ཆེད་གྲུབ་ཐོབ་རིག་པ་འཛིན་པ་ཐམས་ཅད་ཀྱི་འདི་ཉམས་ལེན་བྱས་ཏེ་སངས་རྒྱས་སོང་བ་རེད།"
114796,116901,2105,"སྒྲུབ་བརྒྱུད་ཡིད་བཞིན་ནོར་བུའི་ཁྱད་ཆོས་"
116901,122358,5457,"རྒྱ་བོད་གསར་རྙིང་གི་གྲུབ་བརྙེས་བརྒྱུད་པ་དང་བཅས་པ་ཐམས་ཅད་ཀྱི་དགོངས་པ་རྨ་མེད་པའམ་"
122358,126219,3861,"སྐྱོན་མེད་པ་ཡིན་པས་ན་དེ་ཉིད་རང་གི་ཆོས་ཉིད་ཀྱི་གཤིས་ལུགས་"
126219,128501,2282,"སྒྲ་ཇི་བཞིན་དུ་རྒྱུད་ལ་སྐྱེས་པ་ཡིན་ཟེར།"
128501,130913,2412,"ཡིད་ཆེས་ཀྱི་བློ་ཐག་རྦད་ཀྱིས་བཅད་།"
130913,133518,2605,"དེ་མེད་ནས་བཟུང་སྟེ་ཆོས་ཉིད་ཀྱི་རང་ངོ་སྐྱོང་མི་ནུས་པ།"
133518,136851,3333,"རེ་འགའ་བསྐྱེད་རིམ་སྒོམ་མཁན་འདྲ། རེ་འགའ་གཏུམ་མོ་བསྒོམ་མཁན་འདྲ།"
136851,139106,2255,"ཡང་རེ་འགའ་ཚོགས་བསག་སྒྲིབ་སྦྱོང་བྱེད་མཁན་འདྲ།"
139106,142839,3733,"དེ་འདྲ་བྱས་བསྡད་ན་ནང་གི་ཡེ་ཤེས་དེ་ལ་ཉམས་མྱོང་བོགས་ཐོན་རྒྱུ་ཡོད་མ་རེད་དུས་"
142839,147325,4486,"མན་ངག་གཞན་ལ་དེ་ལྟར་བྱ་དགོས་བསམ་རྒྱུའི་འགྲམ་ཆུ་མི་ལྡང་བར་མ་བྱས་ན།"
147325,151147,3822,"དཔེར་ན་མི་གླེན་པ་ཞིག་གི་གླང་པོ་ཆེ་ཅིག་ཁྱིམ་དུ་བཞག"
151147,156800,5653,"མུན་པའི་ནང་ལྟ་བུ་ལ་ཕྱིན་ནས་མ་མཐོང་བས་ངའི་གླང་པོ་ཆེ་རླག་སོང་ཟེར་སྟེ་"
156800,162314,5514,"ཁོ་ཐག་རིང་པོ་མང་པོ་འགྲོ་དུས་ནགས་ཚལ་གི་ནང་ལ་གླང་པོ་ཆེ་བསྡད་བསྡད་ཡོད་པ་"
162314,167365,5051,"མང་པོ་ཡོད་ཀྱི་རེད། དེ་རྣམས་ཀྱི་རྐང་པའི་རྗེས་མཐོང་ཡོང་དུས་"
167365,171032,3667,"གླང་པོ་ཆེ་དེ་ན་ཅིག་ཡོད་པ་འདྲ་བསམ་ནས་བརྩལ་བསྡད་ན་རྙེད་རྒྱུ་ཡོད་མ་རེད།"
171032,175972,4940,"དཔེ་དེ་བཞིན་དུ་བློས་བྱས་ཀྱི་སྒོ་ནས་བཅོས་མའི་གཟེབ་ཏུ་འཆུས་ནས་ཟེར་དུས་"
175972,178640,2668,"དཔེར་ན་བྱེའུ་གཅིག་ཡིན་ན་སྨྱུག་མའི་གཟེབ་ཀྱི་་ནང་དུ་བཅུག་བཞག་ན།"
178640,181160,2520,"དེའི་བྱེའུ་དེ་གཞན་དུ་འགྲོ་ཤེས་རྒྱུ་འཕུར་ཤེས་རྒྱུ་མ་རེད།"
181160,184905,3745,"དཔེ་དེ་བཞིན་དུ་བློས་བྱས་ཀྱི་བཅོས་མ་ཐམས་ཅད་མེད་པའི་འཁྲུལ་པའི་གཟེབ་ཏུ་བཅུག་ནས་"
184905,187708,2803,"རང་འཁྲུལ་བའི་ཀློང་ནས་གྲོལ་བའི་དུས་མེད་པས་ན་"
187708,193848,6140,"རང་གི་ཉམས་ལེན་རིག་པ་རྗེན་གཅེར་དུ་སྐྱོང་བར་གྱུར་པ་འདི་ལ་བློ་ཐག་རྩེ་གཅིག་ཏུ་ཆོད་དགོས་པ་ཡིན་པས་ན།"
193848,198641,4793,"དེ་ལས་གཞན་མེད་ཁོ་ཐག་བཅད། དེ་ལྟར་ཆོས་སྐུ་རང་གནས་ཀྱི་ཡེ་ཤེས་དེ་ཉིད་"
198641,203205,4564,"སེམས་ཀྱི་འཁྲུལ་པ་དང་ཉམས་ཀྱི་ཞེན་པ་ལ་སོགས་པ་གང་གིས་ཀྱང་མ་བསླད་པར་"
203205,210162,6957,"འཁྲུལ་མ་མྱོང་བའི་སངས་རྒྱས་ནི་གནས་ལུགས་ཀྱི་རང་ངོ་ཤེས་པའི་དོན་གྱི་སངས་རྒྱས་དེ་"
210162,211517,1355,"རང་གི་སེམས་དེ་ཡིན་"
211517,214337,2820,"འདི་ཡིན་གྱི་མ་རེད་མ་འོང་པ་ན་སངས་རྒྱས་འདྲ་རེད་འོང༌མ་གཏོགས།"
214337,215703,1366,"ད་ལྟ་རེད་མི་ཡོང་བསམ་ནས་"
215703,217386,1683,"ད་སངས་རྒྱས་ཡིན་རྒྱུ་མ་རེད་"
217386,220991,3605,"མིན་ནའང་བླ་མ་དང་གདམ་ངག་གི་ནང་ནས་སངས་རྒྱས་ཡིན་བསམ་གསུངས་འདུག་གེ།"
220991,224639,3648,"ཡིན་རྒྱུ་ཞེ་ནང་ལ་བསམ་ནའང་མ་རེད་པར་ངེས་ཤེས་གཏིང་ནས་སྐྱེས་ཏེ།"
224639,228177,3538,"ཆོས་སྐུ་ཀུན་ཏུ་བཟང་པོ་དེ་རང་གི་རིག་པ་མ་བཅོས་པའི་ངང་འདི་ཡིན་བསམ་"
228177,234002,5825,"ཐག་བཅད་དེ་ཉམས་མྱོང་དེ་ཡི་རྒྱུན་མཉམ་བཞག་རྗེས་ཐོབ་ཉིན་མཚན་དུས་དང་རྣམ་པ་ཀུན་ཏུ་"
234002,239682,5680,"བརྗོད་པ་མེད་པར་སྐྱོང་བ་གནད་ཀྱི་གསང་ཚིག་གཉིས་པ་ཡིན་པས་ཐག་གཅིག་ཐོག་ཏུ་བཅད་ཟེར་མཁན་དེ་རེད།"
239682,243019,3337,"ཆོས་ཉིད་ཀྱི་ལྟ་བ་དེ་འཁོར་འདས་ཐམས་ཅད་ཀྱི་སྲོག་འདྲ་ཅིག་རེད་བསྡད་ཡོད་རེད།"
243019,249163,6144,"དེའི་སྲོག་འདྲ་པོ་དེ་ངོས་ཟིན་ཚར་ན་འཁོར་བ་ལ་རང་གི་ཅི་བསམ་པ་བཞིན་དུ་སྤྲུལ་སྒྱུར་ཐུབ་ཀྱི་རེད།"
249163,252494,3331,"མྱ་ངན་ལས་འདས་པ་ཐམས་ཅད་ལའང་རང་གི་རིག་པའི་ངང་ལ་རང་ཤུགས་ཀྱི་རྫོགས་ཏེ།"
252494,257209,4715,"ཡོན་ཏན་ཐམས་ཅད་རང་ཤུགས་ཀྱི་སྐྱེ་བ་དཔེར་ན་གུ་རུ་རིན་པོ་ཆེ་ལྟ་བུ་ཅིག་རེད་པ་ཡིན་པས་ན།"
257209,265611,8402,"འདི་ལྟ་བུའི་གསང་ཚིག་གཉིས་པ་བཞིན་དུ་ཡིན་པས་ན། དེ་ལྟ་བུ་ཡིན་ནས་བཟུང་སྟེ་ཡང་ཉན་ཐོས་དང་རང་རྒྱལ་ལྟ་བུ་དང༌།"
265611,269493,3882,"རྟོག་གེའི་རིགས་ཐམས་ཅད་ལ་འདི་འདྲ་གོ་སོང་ན་བློ་ཁོག་ཏུ་འགྲོ་ཀྱི་མ་རེད་དུས་"
269493,272402,2909,"དེ་རྣམས་ལ་རྦ་བར་བྱ་བ་ཡིན་པའི་ཕྱིར་ན་གསང་ཚིག་ཟེར།"
272402,279208,6806,"ལྟ་བ་ཀློང་ཆེན་རབ་འབྱམས་སོང་ཚར་ཏེ་ད་ལྟ་བསྒོམ་པ་མཁྱེན་བརྩེ་འོད་ཟེར་ཞེས་པ་དེ་བཤད་པ་ཡིན་པས་"
279208,281988,2780,"འདི་ཉམས་ལེན་གནད་དུ་འགྲོ་བ་གལ་ཆེ་བས་ན་"
281988,288166,6178,"ཐག་གཅིག་ཐོག་ཏུ་བཅད་པ་ཞེས་བྱ་བ་དེའི་གནད་གཉིས་པ་བསྟན་པས་སྒོམ་པ་ཉམས་སུ་ལེན་བྱ་ཡིན་ནོ།"
288166,293921,5755,"༈ ནམ་མཁའ་དང་མཉམ་པའི་སེམས་ཅན་ཐམས་ཅད་སངས་རྒྱས་ཀྱི་ས་ལ་བཀོད་པར་བྱ།"
293921,298306,4385,"དེའི་ཆེད་དུ་ཚིག་གསུམ་གནད་དུ་བརྡེག་པའི་མན་ངག་གི་ཁྲིད་གསན་པར་བགྱིའོ་"
298306,302057,3751,"སྙམ་པའི་ཐུགས་བསྐྱེད་པ་དང་བཅས་པའི་སྒོ་ནས་གསལ་བཏབ་སྟེ་གསན་པར་གནང་བར་ཞུ།"
302057,304321,2264,"གང་གསན་པར་བྱ་བའི་ཆོས་ཀྱི་རིམ་པ་དེ་ལ་"
304321,313373,9052,"རང་བཞིན་རྫོགས་པ་ཆེན་པོའི་ཉམས་སུ་ལེན་པའི་ལམ་གྱི་གནད་ཐམས་ཅད་ངོ་རང་ཐོག་ཏུ་སྤྲད་པ།"
313373,318408,5035,"ཐག་གཅིག་ཐོག་ཏུ་བཅད་པ། གདེང་གྲོལ་ཐོག་ཏུ་བཅའ་བ་གསུམ་གྱི་སྒོ་ནས་"
318408,322427,4019,"ལྟ་བ་སྒོམ་པ་སྤྱོད་པ་གསུམ་བསྟན་ཏེ་བསྡུས་པར་གྱུར་པ་ཡིན་པའི་ཕྱིར་ན།"
322427,328290,5863,"ངོ་རང་ཐོག་ཏུ་སྤྲད་པ་དང་། ཐག་གཅིག་ཐོག་ཏུ་བཅད་པ་གཉིས་ཀྱི་ཁྲིད་ཀྱི་རིམ་པ་ཕུལ་ཟིན་ཏེ།"
328290,331234,2944,"དེ་རིང་གི་སྐབས་སུ་བབས་པ་གདེང་གྲོལ་ཐོག་ཏུ་བཅའ་བ་ཞེས་"
331234,335874,4640,"སྤྱོད་པའི་མན་ངག་གཙོ་བོར་བསྟན་པ་ཡིན་ལ། སྤྱོད་པ་ཟེར་མཁན་དེ་གང་རེད་ཟེར་ན།"
335874,340712,4838,"རྣམ་རྟོག་བློ་བུར་གྱི་ཆོས་འདི་ད་སྔ་འཁྲུལ་གྲོལ་ཐམས་ཅད་བྱས་སོང་བ་རེད།"
340712,344666,3954,"རྣམ་རྟོག་དེ་ཆོས་ཉིད་ཀྱི་ཀློང་དུ་གྲོལ་སོང་ན་རྣམ་རྟོག་ཤར་ནའང་"
344666,348498,3832,"ལས་བསགས་ནུས་ཀྱི་མ་རེད་དུས་དེའི་ཕྱིར་ན་ད་ནི་དེ་དགའི་ཚེ་ན་"
348498,354058,5560,"གྲོལ་ལུགས་ཀྱི་གདེང་ཡོད་ན་རྣམ་རྟོག་ཤར་ཡང་ཉེས་པ་ཡོད་མ་རེད།"
354058,357751,3693,"དེའི་ཕྱིར་ན་གདེང་མེད་ནས་བཟུང་སྟེ་སེམས་གནས་ངལ་གསོའི་སྒོམ་ཙམ་ཟེར་"
357751,362207,4456,"ད་ལྟ་རྨོངས་པ་ཕལ་ཆེར་གྱི་ཡིན་ན་སེམས་ཀྱི་ངོ་བོ་ཟེར་མཁན་དེ་ལ་"
362207,365805,3598,"རྣམ་རྟོག་མི་འཕྲོ་བ་ཐིབ་བེ་གནས་བསྡད་ན་དེ་ཡག་པོ་ཡིན་རྒྱུ།"
365805,369181,3376,"རྣམ་རྟོག་མང་པོ་ཤར་འོང་ན་སྡུག་པོ་ཡིན་ཟེར་གྱི་རེད་དེ་དེ་མ་རེད།"
369181,373325,4144,"སེམས་གནས་པའི་ངོ་བོ་དེ་ལ་ལྷོད་ཀྱིས་གློད་ནས་བལྟས་བཞག་ན་"
373325,379171,5846,"དེ་ངལ་གསོའི་སྒོམ་ཙམ་དེ་ནི་ཁམས་གོང་མའི་ས་ལས་མི་འདའ་བས་ཟེར་དུས།"
379171,381515,2344,"སེམས་གནས་ན་ཁ་སང་གོང་དུ་གསུང་བ་ལྟར་དུ་"
381515,384369,2854,"བདེ་བ་གསལ་བ་མི་རྟོག་པ་གསུམ་གྱི་ཉམས་མ་གཏོགས་འོང་གི་མ་རེད།"
384369,387304,2935,"དེའི་ཉམས་སེམས་གནས་ཏེ་རྣམ་རྟོག་མེད་པའི་"
387304,391941,4637,"བདེ་གསལ་མི་རྟོག་པའི་ཉམས་ཤར་བ་དེའི་རྟོགས་པ་དངོས་གནས་རེད་བསམ་མཆོག་འཛིན་ཞུགས་སོང་ན།"
391941,396809,4868,"བདེ་བ་ལ་མཆོག་འཛིན་ཞུགས་ན་འདོད་ཁམས། གསལ་བ་ལ་མཆོག་འཛིན་ཞུགས་ན་གཟུགས་ཁམས།"
396809,400550,3741,"མི་རྟོག་པ་ལ་མཆོག་འཛིན་ཞུགས་ན་གཟུགས་མེད་ཀྱི་ཁམས་ལ་འགྲོ་རྒྱུ་རེད་དུས།"
400550,405295,4745,"དེ་སྐྱེ་བ་ཕྱི་མར་དེ་སྐྱེ་བྱེད་སྒོམས་རྒྱུ་མ་གཏོགས་རྫོགས་པ་ཆེན་པོའི་ལམ་གནད་རེད་ཀྱི་མ་རེད་དུས་"
405295,407392,2097,"ཁམས་གོང་མའི་གོལ་ས་ལས་མི་འདའ་ཞིང༌།"
407392,412527,5135,"དེ་ལྟ་བུའི་སེམས་གནས་པ་བརྟན་པ་ཡོད་ནའང་ཐི་བློ་བུར་གྱི་སེམས་ཆགས་དགོས་བྱེད་"
412527,415945,3418,"ནོར་དང་ལོངས་སྤྱོད་ལྟ་བུ་ལ་སོགས་པ་དང༌།"
415945,420046,4101,"གཉེན་དང་ཕ་མ་ལྟ་བུ་ལ་ཆགས་པ་དང་དགྲ་ལ་སྡང་བ་བྱེད་པ་"
420046,424630,4584,"དེའི་རྐྱེན་དང་རྣམ་རྟོག་རང་ཤར་རང་གྲོལ་དུ་འགྲོ་ཐུབ་ཀྱི་མ་རེད་དུས་རྐྱེན་མི་ཐུབ།"
424630,426849,2219,"རྐྱེན་མ་ཐུབ་པ་དེ་ལ་བརྟེན་ཏེ་"
426849,432167,5318,"དེ་ལས་དགེ་སྡིག་འདུ་བྱེད་པ་ལས་ཅིག་རྒྱུན་མི་ཆད་ཐག་ཆོད་ཀྱི་བློ་གདེང་མི་སྐྱེ་"
432167,437706,5539,"ཆོས་ཉིད་གཉུག་མའི་ངང་དུ་བཙན་པ་མི་ཟིན་པས་ན་དེ་མི་ཐོབ་པས་གྲོལ་ལུགས་དེ་གལ་ཆེ་ལ།"
437706,439832,2126,"དེའི་གྲོལ་ལུགས་དེ་ག་འདྲ་དགོས་ཟེར་ན་"
439832,442038,2206,"འདོད་པའི་ཡུལ་ལ་ཆགས་པ་དྲག་པོ་སྐྱེས་ཏེ་"
442038,446625,4587,"དཔེར་ན་ནོར་དང་ལོངས་སྤྱོད་དང་ཐོབ་དང་གོ་ས་ལྟ་བུ་ཅིག་ཡིན་ན།"
446625,453061,6436,"ཡིན་གཅིག་མིན་གཉིས་དེ་ཐོབ་དགོས་བསམ་ཉིན་མཚན་དཀའ་ངལ་མང་པོ་ཁྱད་དུ་བསད་ནས་"
453061,456090,3029,"སྒྲུབ་པ་དེ་ལྟ་བུའི་ཆགས་པ་དྲག་པོ་སྐྱེ་བའི་ཚེ་ནའང་འདྲ།"
456090,459586,3496,"ཡང་ན་མི་འདོད་པའི་ཡུལ་ལ་དགྲ་མིས་མངོན་གསུམ་དུ་བཟུང་སྟེ་"
459586,466803,7217,"མཚོན་དུག་གཏོང་བ་ལྟ་བུའི་མི་འདོད་པའི་ཡུལ་ལ་ཞེ་སྡང་དྲག་པོ་སྐྱེས་པའི་ཚེ་ཡིན་ནའང་འདྲ་"
466803,471259,4456,"དེ་མིན་ན་རང་ལ་ཟས་གོས་ནོར་ལོངས་སྤྱོད་ལ་སོགས་པའི་མཐུན་རྐྱེན་དང་"
471259,475044,3785,"རྒྱུ་སྦྱོར་བ་མང་པོ་ལ་སོགས་པའི་སྦྱོར་བ་བྱུང་ན་སེམས་དགའ་བ།"
475044,479400,4356,"མི་མཐུན་པའི་རྐྱེན་གྱི་མི་ཁ་གཏམ་ངན་ན་ཚ་གདོན་བགེགས་བྱུང་ན།"
479400,484027,4627,"སྡུག་བསྔལ་གྱི་ཚོར་བ་གང་བྱུང་ཡང་ཆོས་ཉིད་ཀྱི་ངོ་བོ་ངོས་བཟུང་ན།"
484027,487488,3461,"དེའི་ཚེ་ན་ཞེ་སྡང་སྐྱེས་ནའང་འདྲ། དགའ་བ་སྐྱེས་ནའང་འདྲ།"
487488,491728,4240,"འདོད་ཆགས་སྐྱེས་ནའང་འདྲ། མི་མཐུན་སྡུག་བསྔལ་བྱུང་ནའང་འདྲ།"
491728,496867,5139,"དེའི་ཚེ་རྣམ་རྟོགས་སྐྱེ་བ་དེའི་ངོ་བོ་དེ་ངོས་བཟུང་ན་"
496867,499095,2228,"རིག་པའི་རྩལ་དེ་དེ་ན་སླེབས་བསྡད་ཡོད་ཟེར་རེད།"
499095,502528,3433,"རིག་པའི་རྩལ་དེ་སྔོན་ལ་ཕར་འཇམ་ནས་གཉིད་ཁུགས་སོང་བ་འདྲ་པོ་ཡོད་དུས།"
502528,505898,3370,"ཚུར་ལྷོང་འོང་བ་ཡིན་པས་ན་གྲོལ་ཆའི་ཡེ་ཤེས་ངོས་ཟིན་ཟེར་དུས་"
505898,511102,5204,"རྩལ་དེ་ངོས་ཟིན་ནས་རྩལ་གྱི་རིག་པ་ལ་ཕར་བལྟས་ན་གྲོལ་གཞིའི་ཡེ་ཤེས་དེ་ངོས་ཟིན་འོང་གི་རེད།"
511102,513837,2735,"ད་ལྟ་ཚེ་འདིའི་ཉམས་ལེན་མ་བྱས་པར་བར་དེའི་སྐབས་ལ་"
513837,517539,3702,"སྣང་བ་མང་པོ་ཤར་ཚད་ཐམས་ཅད་ནང་སེམས་ཀྱི་ཆོ་འཕྲུལ་ཡིན་པར་ཤེས་ཏེ་"
517539,519539,2000,"སེམས་ཆོས་ཉིད་ཀྱི་ངང་ནས་གཡོ་མ་བྱས་ན་"
519539,522442,2903,"བར་དེའི་སྣང་བ་ཐམས་ཅད་རང་ཞིང་རང་གྲོལ་དུ་འགྲོ་ཀྱི་རེད་དུས།"
522442,527088,4646,"དེའི་ཕྱིར་ན་ད་ལྟ་ཆགས་སྡང་རྨོངས་གསུམ་གྱི་རྟོག་པ་གང་སྐྱེས་ནའང་"
527088,530032,2944,"རྟོག་པ་དེ་ཆོས་ཉིད་ཀྱི་རོལ་པའི་རྩལ་ཡིན་པར་ཤེས་ཏེ་"
530032,532817,2785,"ཆོས་ཉིད་ཀྱི་ངོ་བོ་ལ་ཕར་མཉམ་པར་བཞག་བཞག་ན་"
532817,537900,5083,"ཆོས་ཉིད་ཀྱི་ངོ་བོ་སྟོང་པ་རང་བཞིན་གསལ་བ་ཐུགས་རྗེ་ཀུན་ཁྱབ་དེ་ངོས་ཟིན་ན་གྲོལ་གཞི་རེད།"
537900,541125,3225,"དེའི་གྲོལ་གཞིའི་ཡེ་ཤེས་དེ་ངོས་ཟིན་པ་གལ་ཆེ་བས།"
541125,546229,5104,"དེ་ཚེ་ཆགས་སྡང་དགའ་སྡུག་དང༌། གཞན་ཡང་ཉམས་ལེན་ཤར་གྲོལ་གྱི་གནད་མེད་ན་ཟེར་དུས་"
546229,550225,3996,"རྣལ་འབྱོར་ཉམས་ལ་མི་ཤར་དགུ་ཤར་དབྱར་ཁའི་སྤང་ལ་མི་བཀྲ་དགུ་བཀྲ་ཟེར་མཁན་དེ་རེད།"
550225,553065,2840,"རྣལ་འབྱོར་པའི་ཉམས་ལ་མི་ཤར་བ་སྣ་གཅིག་ཡོད་ཀྱི་མ་རེད་དེ།"
553065,555756,2691,"མེད་ནའང་དེ་ཐམས་ཅད་ཆོས་ཉིད་ཀྱི་ཀློང་དུ་གྲོལ་སོང་ན།"
555756,560302,4546,"ཉམས་འཇའ་མཚོན་དང་འདྲ་བའི་ལྟད་མོ་ཡི། །བློ་བྱིས་པ་དང་འདྲ་བའི་སྒོམ་ཆེན་བསླུ། །ཟེར་རེད་"
560302,563643,3341,"ཉམས་ཀྱི་སྣང་བ་ལ་ཞེན་ཆགས་སྐྱེ་སོང་ན་སྒོམ་ཆེན་འཁྲུལ་འགྲོ་རེད།"
563643,566675,3032,"ཉམས་ཀྱི་སྣང་བར་ཞན་པ་མ་སྐྱེས་རང་ཤར་རང་གྲོལ་དུ་སོང་ན་"
566675,569787,3112,"ཆོས་ཉིད་ཤར་གྲོལ་གྱི་གནད་དེ་རེད་འོང་གི་རེད།"
569787,574816,5029,"དེའི་གནད་མེད་ན་སེམས་བྱུང་འོག་རྒྱུའི་རྣམ་རྟོག་ཅི་སྐྱེས་ཐམས་ཅད་ཀྱི་ཟེར་དུས་"
574816,577482,2666,"རང་གིས་ནི་གཅིག་སེམས་གནས་བསྡད་ཡོད་བསམ་པ་གཅིག་བྱས།"
577482,580289,2807,"འོག་ནས་རྣམ་རྟོག་མང་པོ་ཅིག་འཕྲོ་འགྲོ་དུས་"
580289,584848,4559,"དཔེར་ན་རང་ཐག་བསྐོར་བཞག་དུས་སྟེང་ནས་མར་ཡོས་ག་ཚོད་བླུག་ནའང་"
584848,589186,4338,"འོག་ནས་ཕྱེ་ཡི་ནང་ན་ཨི་ཁུང་ནང་ནས་མར་བབ་འགྲོ་རྒྱུ་མ་གཏོགས་ཡར་གང་ཡོང་རྒྱུ་ཡོད་མ་རེད།"
589186,593214,4028,"དཔེ་དེ་བཞིན་དུ་རང་གི་སེམས་ཧེབ་སྟེ་བལྟས་ན་སེམས་གནས་བསྡད་ཡོད་བསམ་ལ།"
593214,596295,3081,"འོག་ནས་རྣམ་རྟོག་ཆུའི་གཉེར་མ་ལྟ་བུ་མང་པོ་ཅིག་རེད་འགྲོ་དུས།"
596295,598830,2535,"སྒོམ་དེ་ཕར་མེད་པར་བྱས་འགྲོ་ཀྱི་རེད་དུས་"
598830,605316,6486,"ཅི་སྐྱེས་ཐམས་ཅད་ཀྱི་རྣམ་རྟོག་ཕྲ་ཞིང་ཕྲ་བ་མང་པོ་སྐྱེས་པ་དེའི་ཆགས་པ་སྡང་བ་ལ་སོགས་པ་"
605316,606934,1618,"འཁོར་བའི་ལས་གསོག་པ་ཡིན་པས་"
606934,610294,3360,"མདོར་ན་ཕྲ་བའི་རྣམ་རྟོག་དང་རགས་པའི་རྣམ་རྟོག་ཅི་སྐྱེས་ནའང་"
610294,612925,2631,"སྐྱེས་མ་ཐག་ཏུ་སྐྱེ་མི་ཉན་བསམ་ཕར་བཀག་དགོས་མ་རེད།"
612925,618497,5572,"རྣམ་རྟོག་ཤར་དགོས་རེད། ཤར་མ་ཐག་ཏུ་རྣམ་རྟོག་གི་ཉམས་དེ་ན་ཡེ་ཤེས་དེ་སླེབ་སྡོད་ཡོད་དུས།"
618497,622291,3794,"ཡེ་ཤེས་ཀྱི་ངོ་བོ་ངོས་ཟིན་ན་རྣམ་རྟོག་དེ་ཕར་མེད་པར་ཆགས་འགྲོ་གི་རེད།"
622291,627026,4735,"དཔེར་ན་ནམ་མཁའ་ལ་སྤྲིན་པ་ནག་པོ་འཁྲིགས་ན་ནམ་མཁའ་སྡུག་ཏུ་འགྲོ་གི་མ་རེད།"
627026,630504,3478,"འཇའ་མཚོན་ལ་སོགས་པ་ཡག་པོ་ཤར་ན་ནམ་མཁའ་བཟང་དུ་འགྲོ་གི་མ་རེད།"
630504,632112,1608,"དེ་གཉིས་ཀར་རེ་དོགས་ཡོད་མ་རེད།"
632112,636149,4037,"དཔེ་དེ་བཞིན་དུ་དགེ་སྡིག་གི་རྣམ་རྟོག་ཆགས་སྡང་དགའ་སྡུག་གང་སྐྱེས་ནའང་"
636149,639218,3069,"རང་གྲོལ་རྗེས་མེད་དུ་སྐྱོང་བ་གནད་ཡིན་པས་ན་དེ་རེད།"
639218,644214,4996,"བློ་བུར་ཟེར་དུས་རྣམ་རྟོག་སྔོན་ནས་རིག་པ་ཁོ་རང་གི་ངོ་བོ་ལ་ཡོད་ཨེ་རེད་ཟེར་ན་ཡོད་མ་རེད།"
644214,650399,6185,"རྗེས་ནས་ཀྱང་རྣམ་རྟོག་ཡོད་མ་རེད། མེད་ནའང་བློ་བུར་ཐོག་རྒྱག་ཏུ་ཅིག་སླེབ་འོང་བ་དེ་བློ་བུར་ཟེར་རེད།"
650399,656258,5859,"དེའི་བློ་བུར་གྱི་རྣམ་རྟོག་མ་ལུས་པ། དེས་ན་རྣམ་རྟོག་གང་སྐྱེས་པ་ཐམས་ཅད་"
656258,660158,3900,"རྣམ་རྟོག་སྐྱེས་པ་ངོ་མ་ཤེས་ན་ནི་འོག་འགྱུ་རེད།"
660158,664560,4402,"རྣམ་རྟོག་གཅིག་གི་གཉིས་སྐྱེས་གཉིས་ཀྱི་གསུམ་སྐྱེས་རྣམ་རྟོག་བརྒྱ་ཐམ་པའི་བར་དུ་འཁྲུལ་སོང་ན་"
664560,668331,3771,"དེ་འགྱུ་བ་འཁྲུལ་སོང་རེད་དུས། དེའི་འཁྲུལ་འབྱམས་སུ་མ་སོང་བ།"
668331,672398,4067,"བློས་བྱས་འཇུར་དྲན་མ་ཡིན་པ་ཟེར་ཡང་སེམས་འདི་ཡེངས་མི་ཉན་བསམ་"
672398,677791,5393,"ཧ་ཅང་བསྡམས་ཆེ་སོང་ན་སེམས་སྦུ་སུ་དོག་པོ་རེད་ནས་སྙིང་རླུང་ལ་སོགས་པ་ན་འོང་གི་རེད།"
677791,681737,3946,"དེ་ལྟ་བུའི་འཇུར་དྲན་མ་ཡིན་པ་སེམས་མ་བཅོས་རང་བབས་སུ་བཞག་སྟེ་"
681737,685043,3306,"རང་ངོ་ཤེས་ཙམ་ཅིག་བྱུང་ན་དེ་ལ་གཉུག་མའི་དྲན་པ་ཟེར་རེད།"
685043,687546,2503,"དེའི་གཉུག་མའི་དྲན་པ་དེ་དང་མ་འབྲལ་བའི་ངང་ནས་"
687546,692788,5242,"རྣམ་རྟོག་ཅི་ཤར་ཐམས་ཅད་རང་གི་རྣམ་རྟོག་གི་ངོ་བོ་རང་ངོ་ཡིན་པར་ངོ་ཤེས་པར་བྱས་ནས།"
692788,698513,5725,"རྣམ་རྟོག་འཆར་ཤར་བ་དེ་གྲོལ། གྲོལ་ཚར་དུས་རྣམ་རྟོག་གི་རྗེས་མཐུད་ཐུབ་ཀྱི་མ་རེད།"
698513,703469,4956,"བག་ཆགས་ཀྱི་རྗེས་མཐུད་མེད་པའི་ངང་ནས་དཔེར་ན་ཆུ་ལ་རི་མོ་བྲིས་པ་ལྟར་སྐྱོང་དགོས་པས་ན་"
703469,708784,5315,"དེ་ཆུ་ལ་རི་མོ་ཨ་ལྟ་བུ་ཅིག་བྲིས་དང༌། མགོ་བྲིས་ཚེ་ཡང་དཔུང་པ་ཞིག་འགྲོ་གི་རེད།"
708784,710753,1969,"དཔུང་པ་བྲིས་ཚེ་མགོ་ཞིག་འགྲོ་ཀྱི་རེད་དུས།"
710753,714327,3574,"དཔེ་དེ་བཞིན་དུ་རྣམ་རྟོག་དགེ་བ་ཅིག་སྐྱེས་ཡོད་ནའང་དེའི་ངོ་བོ་ཆོས་ཉིད་དུ་དག"
714327,717997,3670,"མི་དགེ་བ་ཅིག་སྐྱེས་ཡང་ཆོས་ཉིད་ཀྱི་ངོ་བོར་གྲོལ་ཏེ་སྐྱོང་དགོས་པས་ན།"
717997,724247,6250,"ངོ་ཤེས་ངང་ལ་རྗེས་མཐུད་མེད། དེ་ཡི་ཚེ་ན་རྣམ་རྟོག་གང་སྐྱེས་པ་ཐམས་ཅད་རང་གྲོལ་དུ་ཟེར་དུས་"
724247,728079,3832,"རྣམ་རྟོག་ཁོ་རང་ལ་གཉེན་པོ་རེ་རེ་དགོས་མ་རེད།"
728079,731775,3696,"རྣམ་རྟོག་ཁོ་རང་གི་ངོ་བོ་སྟོང་པ་རེད། དེའི་ངོ་བོ་དེ་ངོ་ཤེས་ན།"
731775,735762,3987,"སྟོང་པ་དེ་ལ་བཟུང་ཐུབ་ནས་བཟུང་སྟེ་རྣམ་རྟོག་དེ་གྲོལ་འགྲོ་རེད།"
735762,743413,7651,"དེ་རང་གྲོལ་དུ་དག་འགྲོ་ན་ཆོས་ཉིད་ཀྱི་ལྟ་བ་གདེང་གྲོལ་ཐོག་ཏུ་བཅའ་བ་དེ་རེད་ཀྱི་རེད།"
743413,746123,2710,"རང་གྲོལ་དུ་མ་དག་ན་ནི་དགེ་བའི་རྣམ་རྟོག་འདི་"
746123,751481,5358,"འགྱུ་དང་སྡིག་པའི་རྣམ་རྟོག་འདི་འགྱུ་ངོ་ཤེས་པ་ཙམ་གྱི་འཁྲུལ་པའི་ལས་རྒྱུན་མི་ཆད་པས།"
751481,755129,3648,"ངོ་ཤེས་པ་དང་མཉམ་དུ་རིག་པ་རང་ངོ་གཅེར་གྱིས་མཐོང་བ་དང༌།"
755129,759641,4512,"རྣམ་རྟོག་གྲོལ་ཚུལ་དེ་ལ་སྔར་འདྲིས་ཀྱི་མི་དང་འཕྲད་པ་ལྟ་བུའི་རྣམ་རྟོག་གྲོལ་བ་དང་གཅིག །"
759641,763628,3987,"སྦྲུལ་མདུད་རང་སར་གྲོལ་བ་ལྟ་བུའི་རྣམ་རྟོག་གྲོལ་བ་དང་གཉིས།"
763628,767066,3438,"ཁང་སྟོང་དུ་རྐུན་མ་ཞུགས་བ་ལྟ་བུའི་རྣམ་རྟོག་གྲོལ་ཚུལ་གསུམ་ཡོད་གསུང་"
767066,771771,4705,"དེའི་ནང་ནས་སྔར་འདྲིས་ཀྱི་མི་དང་འཕྲད་པ་ཟེར་མཁན་དེ་ག་འདྲ་རེད་ཟེར་ན་"
771771,774513,2742,"སྔར་ནས་ངོ་ཤེས་འདྲིས་སོང་གི་མི་ཅིག་ཡིན་ན།"
774513,777776,3263,"མི་སྟོང་ཕྲག་མང་པོ་གཅིག་གི་ཁྲོད་དུ་དེ་གནས་ཡོད་ན།"
777776,780732,2956,"འདི་ངའི་ངོ་ཤེས་དེ་རེད་བསམ་སྟེ་ངོས་ཟིན་འགྲོ་གྱི་རེད།"
780732,784422,3690,"ངོ་ཤེས་ཚར་ན་དེ་ལ་སྐད་ཆ་ལབ་ཀྱི་རེད། གཞན་བཤད་ཀྱི་མ་རེད།"
784422,789347,4925,"དཔེ་དེ་བཞིན་དུ་ད་ལྟ་ལས་དང་པོ་པའི་སྐབས་སུ་རྣམ་རྟོག་དེ་ངོ་ཤེས་པས་གྲོལ།"
789347,794216,4869,"ངོ་ཤེས་མ་ཐག་ཏུ་ཆོས་ཉིད་ཀྱི་ངང་དུ་གྲོལ་ན་རྣམ་རྟོག་ཆགས་སྡང་གི་རྟོག་པ་སྐྱེས་ནའང་"
794216,797117,2901,"ཆགས་སྡང་གི་རྗེས་མཐུད་དེ་ཡོད་མ་རེད། དད་པ་མོས་གུས་ཡིན་ན།"
797117,802361,5244,"དེ་ཡི་རྗེས་མཐུད་དེ་མེད་དུས་རྗེས་མེད་དུ་རྟོགས་པ་གཅིག་གནད་དུ་ཆེ་བས་གྲོལ་ཆའི་ཆོས་སྐུ་ངོས་བཟུང༌།"
802361,806623,4262,"དཔེར་ན་ཆུ་ལ་རི་མོ་ད་ལྟ་བྲིས་པ་ད་ལྟ་ཞིག་ནས་རི་མོ་བྲི་བ་དང༌།"
806623,810783,4160,"རི་མོ་ཡལ་བ་དུས་མཉམ་པ་ལྟར་དུ་རྣམ་རྟོག་སེམས་ལས་སྐྱེས་པ་དང༌།"
810783,815379,4596," རྣམ་རྟོག་གྲོལ་བ་དུས་མཉམ་དུ་སོང་ནས་རང་ཤར་རང་གྲོལ་རྒྱུན་ཆད་མེད་པ་ཡིན་པའི་ཕྱིར་ན།"
815379,819556,4177,"དཔེར་ན་ཆུ་ལ་རི་མོ་བཞིན་ཞེས་གསུངས་དེས་ན་རྣམ་རྟོག་ཤར་བ་དེ་ལ་"
819556,822098,2542,"རྣམ་རྟོག་ཡོད་མི་ཉན་བསམ་ཕར་བཀག་ཉན་མ་རེད།"
822098,825249,3151,"མི་བཀག་པར་རྣམ་རྟོག་ཇི་ཤར་ཤར་དུ་བཅུག་ལ།"
825249,828877,3628,"ཤར་བའི་ངོ་བོ་དེ་ལ་གཉུག་མའི་དྲན་པས་རྩིས་ཟིན་ན་"
828877,834228,5351,"ཆོས་ཉིད་ཀྱི་ཀློང་དུ་དག་པ་དཔེར་ན་རྗེ་བཙུན་མི་ལ་ལ་ཉ་མ་དཔལ་དར་འབུམ་གྱི་ཞུས་པ་ལྟ་བུ་"
834228,839773,5545,"སེམས་ཉིད་སྒོམ་དུ་བཏུབ་ལགས་ཀྱང༌། རྣམ་རྟོག་སྒོམ་དུ་མ་བཏུབ་ཞུས་དུས།"
839773,843596,3823,"རྣམ་རྟོག་སེམས་ཀྱི་ཆོ་འཕྲུལ་ཡིན། རྣམ་རྟོག་མེད་པའི་ངང་དུ་བཞག །"
843596,845801,2205,"གསུངས་རྣམ་རྟོག་གྲོལ་སོང་བའི་ངང་དུ་ཞོག་གསུང་རེད།"
845801,850255,4454,"དེ་ལྟ་བུ་ལམ་འཁྱེར་ཉིད་ཉམས་ལེན་གྱི་གནད་དུ་འཇོག་དགོས་པས་ན་"
850255,853826,3571,"རང་ཤར་རང་གྲོལ་ཏེ་རྣམ་རྟོག་ཁོ་རང་ཤར་ཡང་ག་ནས་ཤར་རེད་ཟེར་ན་"
853826,857976,4150,"ཆོས་ཉིད་ཀྱི་ངང་ནས་ཤར་འོང་རེད། གྲོལ་ཡང་ག་ན་གྲོལ་རེད་ཟེར་ན་"
857976,862224,4248,"ཆོས་ཉིད་ཀྱི་ངང་དུ་གྲོལ་རེད། མཐའ་ཡི་རྒྱ་མཚོའི་རྦ་རླབས་དེ་ཚུར་འཕྲོ་འོང་དུས་"
862224,863567,1343,"འོང་རྒྱ་མཚོ་ཁོ་རང་ལས་འཕྲོ་འོང་གི་རེད།"
863567,866603,3036,"ཕར་ཐིམ་ནའང་རྒྱ་མཚོ་ཁོ་རང་ལ་ཐིམ་འགྲོ་བ་ལྟར་རྒྱུན་ཆད་མེད།"
866603,871839,5236,"དེ་ལྟར་རྣམ་རྟོག་ཆོས་སྐུའི་རྩལ་འབྱོང་བས་རྟོག་པ་གང་ཤར་རིག་པའི་རྩལ་སྦྱོང་དུ་འཆར་ཞིང་"
871839,875929,4090,"དུག་ལྔའི་རྣམ་རྟོག་ཅི་ཙམ་རག་པ་ཤུགས་ཆེན་པོ་སྐྱེས་ཀྱང་"
875929,878964,3035,"ཉམས་ལེན་གྱི་གདེངས་ཐོབ་པའི་གང་ཟག་ཡིན་ན་"
878964,880860,1896,"ག་ཚོད་ཉོན་མོངས་ཤུགས་ཆེན་པོ་ཅིག་སྐྱེས་ནའང་"
880860,883527,2667,"དེའི་ངོ་བོ་དེས་རྟོག་པ་དེའང་ཡར་འབོགས་ཐོན་གྱི་རེད།"
883527,887592,4065,"གྲོལ་བའི་རིག་པ་གསལ་ངར་དང་ལྡན་པར་འཆར་བར་གྱུར་བའི་ཕྱིར་ན།"
887592,893875,6283,"ཅི་ཤར་རིག་སྟོང་རྗེན་པའི་ཟས། ཟེར་དུས་དཔེར་ན་མི་ལྟོགས་པ་ཅིག་ཡོད་ན་"
893875,898135,4260,"ཟས་གང་ཟོས་བཞག་ནའང་ཡིད་ཁར་མི་འོང་བ་ཅིག་ཡོད་ཀྱི་མ་རེད།"
898135,900826,2691,"དཔེ་དེ་བཞིན་དུ་རྣམ་རྟོག་བཟང་ངན་གང་ཤར་ནའང་"
900826,905221,4395,"རིག་སྟོང་གི་ཀློང་དུ་གྲོལ་ཐུབ་པ་ཅིག་རེད་སོང་ན། དེ་རྗེན་པའི་ཟས་ཟེར།"
905221,909083,3862,"རྣམ་རྟོག་གང་རྒྱུ་ཚད་ཐམས་ཅད་རིག་ངོ་ཟང་ཐལ་གྱི་ངང་ལས་"
909083,914074,4991,"རིག་པ་རང་རྩལ་དུ་འཆར་བའི་ཚེ་ན་དགེ་བའི་རྣམ་རྟོག་ཡིན་ན་བླངས་དགོས་རྒྱུ།"
914074,917346,3272,"སྡིག་པའི་རྣམ་རྟོག་ཡིན་ན་སྤངས་དགོས་རྒྱུ་བླང་དོར་མེད་པར་སྐྱོང་བས་"
917346,921535,4189,"ཤར་དུས་གྲོལ་བ་སྐྱེས་པས་ཆོས་སྐུའི་ཡོ་ལང་སྟེ་ངོས་བཟུང་བཞག་ན་དཔེར་ན་"
921535,926672,5137,"སྦྲུལ་ཞིག་མདུད་པ་རྒྱབ་ན་སྦྲུལ་གྱི་གཟུགས་པོ་དེ་མཉེན་ཆེ་བའི་དབང་གིས་"
926672,930971,4299,"རང་གིས་རང་བཤིག་འགྲོ་བ་མ་གཏོགས་མི་ལྟ་བུ་རོགས་གཞན་གྱིས་དཀྲོལ་དགོས་ཀྱི་མ་རེད།"
930971,935557,4586,"དཔེ་དེ་བཞིན་དུ་རྣམ་རྟོག་ཁོ་རང་ཤར་མ་ཐག་ཏུ་ཆོས་ཉིད་ཀྱི་སྦུབ་དེ་ལ་"
935557,941736,6179,"རྣམ་རྟོག་ཁོ་རང་གི་ཁོ་རང་ཕར་གྲོལ་འགྲོ་ལེ་རེད་དུས་སྦྲུལ་མདུད་རང་སར་གྲོལ་བ་ལྟ་བུ་ཟེར་བ་དེ་ཡིན།"
941736,945495,3759,"དེ་རེད་སོང་ན་རྣམ་རྟོག་ཤར་ཚར་ཆོས་སྐུའི་ཡོ་ལང་ལས་མ་འདས་པས་"
945495,950878,5383,"ཇི་འགྱུར་ཆོས་སྐུ་རྒྱལ་པོའི་རྩལ་སེམས་ཀྱི་རྟོག་པའི་ངོ་བོ་དེ་མངོན་སུམ་མ་རིག་ནས་"
950878,953664,2786,"འཁྲུལ་པའི་གཟུགས་དེ་ཡི་འཁྲུལ་སྣང་མང་པོ་ཡོད་པས་"
953664,958712,5048,"རིག་པ་ཡེ་ཤེས་ཆོས་སྐུའི་ཀློང་དུ་དག་པས། འོད་གསལ་དུ་སྣང་བ་རྒྱུན་ཆད་མེད་པའི་ངང་དུ།"
958712,960708,1996,"རྣམ་རྟོག་འགྱུ་བ་གང་སྐྱེས་ཐམས་ཅད་ཀྱང་"
960708,965796,5088,"རང་ངོ་སྟོང་པ་ཡིན་པས་ན་རྗེས་མེད་རང་དག་ཨ་ལ་ལ་ཞེས་གསུངས་པ་ཡིན་པས་"
965796,968865,3069,"རྣམ་རྟོག་རྗེས་ཤེས་མེད་པར་ཕར་དག་སོང་ན།"
968865,972158,3293,"ལས་མི་བསགས་པ་དང་ཆོས་ཉིད་གསལ་འདེབས་ཀྱི་ཚུལ་དུ་འོང་བ་ཡིན་པས་"
972158,974668,2510,"དེ་ངོ་མཚར་ཆེན་པོ་ཡིན་ཞེས་སོ།"
984348,987992,3644,"༈ བྱང་ཆུབ་མཆོག་ཏུ་ཐུགས་བསྐྱེད་པ་གསལ་བཏབ་སྟེ་གསན་པར་གནང་བ་ཞུ།"
987992,991977,3985,"གང་གསན་པར་བྱ་བའི་ཆོས་ལ་རྫོགས་པ་ཆེན་པོའི་ལྟ་སྒོམ་སྤྱོད་གསུམ་གྱི་མན་ངག་"
991977,997856,5879,"ཚིག་གསུམ་གྱི་ནང་དུ་གནད་དུ་བསྡུ་བ་ལས། དང་པོ་ལྟ་བ་ངོ་རང་ཐོག་ཏུ་སྤྲོད་པ་དང༌།"
997856,1000719,2863,"སྒོམ་པ་ཐག་གཅིག་ཐོག་ཏུ་བཅད་པ་གཉིས་སོང་ཟིན་ཏེ།"
1000719,1003633,2914,"གསུམ་པ་སྤྱོད་པ་གདེང་གྲོལ་ཐོག་ཏུ་བཅའ་བ་ལ།"
1003633,1007887,4254,"དེ་ལྟ་བུའི་རྣལ་འབྱོར་པ་ཉམས་ལེན་ཡུན་རིང་པོ་སྐྱོང་བའི་ཚེ་ན་"
1007887,1012664,4777,"ན་ཚ་སྐྱིད་སྡུག་དགའ་སྡུག་བཟང་ངན་ཉམས་རྟོགས་པ་ལ་སོགས་པ་གང་ཤར་ནའང༌།"
1012664,1016044,3380,"དེ་ཐམས་ཅད་ཉམས་ལེན་གྱི་གྲོགས་སུ་ལམ་དུ་འཁྱེར་དགོས་ཀྱི་རེད།"
1016044,1020203,4159,"དེའི་ལམ་འཁྱེར་ལ་ཡུན་རིང་བར་གོམས་པའི་ཚེ་ན་རྣམ་རྟོག་སྒོམ་དུ་ཤར་ཟེར་དུས་"
1020203,1023107,2904,"རྣམ་རྟོག་གི་སྒོམ་གྱི་གྲོགས་བྱེད་པ་མ་གཏོགས་རྣམ་རྟོག་གི་སྒོམ་"
1023107,1026387,3280,"ཕར་མེད་པར་བྱེད་མ་ཐུབ་པས་ན་སྒོམ་དུ་ཤར།"
1026387,1028933,2546,"གནས་འགྱུའི་བར་ལག་འགྱེལ་ཟེར་དུས་གནས་པ་དང༌།"
1028933,1034067,5134,"འགྱུ་བ་གཉིས་ཀྱི་བར་ལག་གནས་པ་དེ་ཤུགས་ཆེ་ནས་འགྱུ་བ་རང་དག་ཏུ་འགྲོ་བས་"
1034067,1037682,3615,"གནས་འགྱུའི་བར་ལག་འགྱེལ་བས་ཤར་བས་གནས་ལ་གནོད་གསུང་དུས་"
1037682,1041180,3498,"རྣམ་རྟོག་ག་ཚོད་ཤར་ནའང་སེམས་གནས་པའི་ངོ་བོ་ལ་མི་གནོད་པས་ན་"
1041180,1045151,3971,"ནམ་མཁའ་ལ་སྤྲིན་པ་ག་ཚོད་ཡོད་ནའང་ནམ་མཁའ་རང་ཕོ་འགྱུར་ཡོད་མ་རེད་དུས།"
1045151,1048498,3347,"དཔེ་དེ་ལྟ་བུ་ཡིན་པས་ན་འཆར་ལུགས་སྔར་དང་འདྲ་བ་གསུང༌།"
1048498,1052321,3823,"རྣལ་འབྱོར་པ་དང་འཇིག་རྟེན་པ་གཉིས་རྣམ་རྟོགས་ཤར་ལུགས་ལ་གཅིག་པ་མ་གཏོགས་"
1052321,1057247,4926,"སོ་སོ་མེད་ན་ཡང་དེ་ཡི་ཚེ་ན་རྩལ་གྱི་རྣམ་རྟོག་དེ་ལ་"
1057247,1060318,3071,"འཇིག་རྟེན་པས་དགའ་སྡུག་རེ་དོགས་མང་པོ་བྱེད་པས་ན་"
1060318,1063743,3425,"འཆར་ཚུལ་ཐ་མལ་པའི་སྐྱེ་བོ་གཞན་དང་འདྲ་གི་རེད།"
1063743,1067742,3999,"ཐ་མལ་པ་རྣམས་ཀྱིས་རྣམ་རྟོག་ངན་པ་དེ་ཕར་དགག་བཟང་པོ་དེ་ཚུར་སྒྲུབ།"
1067742,1070691,2949,"དེ་ལ་ཨ་འཐས་སུ་ཤར་ཏེ་བདེན་པར་ཞན་འགྲོ་དུས་"
1070691,1075132,4441,"དགེ་སྡིག་གི་འདུ་བྱེད་ཀྱི་ལས་གསོག་པའི་ཆགས་སྡང་གི་གཞན་དབང་དུ་གྱུར་པ་དེ་ལྟ་བུ་རེད།"
1075132,1077653,2521,"རྣལ་འབྱོར་པ་ལ་རྣམ་རྟོག་ཤར་ཤར་གི་རེད།"
1077653,1079435,1782,"ཐ་མལ་པ་དང་ཁྱད་མེད་ཤར་གྱི་རེད་དེ།"
1079435,1082412,2977,"རྣལ་འབྱོར་པར་རྣམ་རྟོག་ཤར་འོང་བའི་དུས་ནས་"
1082412,1087405,4993,"རྣམ་རྟོག་ཁོ་རང་གི་ཁོ་རང་གྲོལ་བ་བྱེད་པ་ཡིན་པའི་ཕྱིར་ན་ཤར་གྲོལ་དུས་མཉམ་དུ་འདྲེས།"
1087405,1091078,3673,"རྣམ་རྟོག་གྲོལ་ཚུལ་ལའང་དང་པོ་རྣམ་རྟོག་འདི་ཤར་འདི་མི་ཤར་བ་མེད་པས་"
1091078,1094673,3595,"རྣམ་རྟོག་ངོ་ཤེས་ཤར་དུས་ཤར་བ་རང་གི་ངོ་བོ་དེ་ལ་བལྟས་ནས་"
1094673,1097783,3110,"རྣམ་རྟོག་སྟོང་པ་ཉིད་ཡིན་པའི་དབང་གིས་རང་ཤར་རང་གྲོལ་དུ་འགྲོ།"
1097783,1103860,6077,"རྣམ་རྟོག་ངོ་ཤེས་པས་གྲོལ་བ་སྔར་འདྲིས་ཀྱི་མི་དང་འཕྲད་པ་ལྟ་བུ་ཟེར་དེ་རེད།"
1103860,1107321,3461,"བར་དུ་རྣམ་རྟོག་ཁོ་རང་ལ་གཉེན་པོ་གཞན་འཚོལ་མི་དགོས་པ་"
1107321,1111130,3809,"རྣམ་རྟོག་རང་གི་རང་གྲོལ་བ་སྦྲུལ་གཟུགས་པོ་མཉེན་པོ་རེད་སོང་བས་"
1111130,1114817,3687,"གཟུགས་པོ་མདུད་པ་བྱས་བཞག་ན་ཁོ་རང་གི་མདུད་པ་ཁོ་རང་གི་བཤིག་ཐུབ་ཀྱི་རེད་དུས།"
1114817,1118843,4026,"དེའི་ཕྱིར་ན་སྦྲུལ་གྱི་མདུད་པ་ལྟར་ཐ་མལ་རྣམ་རྟོག་རང་གྲོལ་བ་དང༌།"
1118843,1123318,4475,"ཐ་མ་ཡིན་ན་རྣམ་རྟོག་ཕན་མེད་གནོད་མེད་དུ་གྲོལ་བ་ཁང་སྟོང་དུ་རྐུན་མ་ཞུགས་པ་ལྟ་བུ་ཟེར།"
1123318,1125359,2041,"ཁང་པ་སྟོང་པ་གཅིག་གི་ནང་དུ་རྐུན་མ་སོང་ན།"
1125359,1128481,3122,"ཁང་པའི་ནང་ནོར་ཤོར་རྒྱུ་ཡོད་མ་རེད། རྐུན་མ་ལ་ཐོབ་རྒྱུ་ཡོད་མ་རེད།"
1128481,1133077,4596,"དཔེ་དེ་བཞིན་དུ་རྣལ་འབྱོར་པ་ལ་མར་ཆགས་སྡང་རྨོངས་གསུམ་གྱི་རྟོག་པ་སྐྱེས་ནའང་འདྲ།"
1133077,1136189,3112,"ཡར་དད་པ་དང་སྙིང་རྗེ་མོས་གུས་ལ་སོགས་པ་སྐྱེས་ནའང་འདྲ།"
1136189,1141432,5243,"དེ་ཐམས་ཅད་ཀྱི་ཆོས་ཉིད་རིག་པའི་ངོ་བོ་དེ་ལ་ཕན་གནོད་དང་དགག་སྒྲུབ་གང་ཡང་མེད་པ་ཡིན་པས་ན་"
1141432,1145186,3754,"གྲོལ་ལུགས་ཀྱི་གནད་དང་ལྡན་པས་ན། གྲོལ་ལུགས་ཁྱད་པར་གནད་དུ་ཆེ།"
1145186,1147775,2589,"རྣམ་རྟོག་ངོ་ཤེས་པ་ཙམ་གྱི་གྲོལ་ཐུབ་ཀྱི་མ་རེད་དེ།"
1147775,1152412,4637,"རྣམ་རྟོག་གི་ངོ་བོ་སྐྱེ་བ་མེད་པ། དགག་པ་མེད་པ། གནས་པ་མེད་པ་ཤེས་སོང་ན་"
1152412,1155696,3284,"རྣམ་རྟོག་དེའི་བསླུ་ཐུབ་ཀྱི་མ་རེད་དུས། གྲོལ་ལུགས་ཁྱད་པར་གནད་དུ་ཆེ།"
1155696,1161298,5602,"དེས་ན་ཇི་སྐད་དུ། སྒོམ་པ་ཤེས་ཀྱང་གྲོལ་མ་ཤེས། བསམ་གཏན་ལྷ་དང་ཅི་མ་འདྲ། ཟེར་དུས་བཟུང་སྟེ་"
1161298,1165623,4325,"སེམས་མི་གཡོ་བ་གཞི་གནས་ལ་སོགས་པ་བསྒོམ་བསྡད་ན་བསྒོམ་ཤེས་ཀྱི་རེད་དེ།"
1165623,1167559,1936,"གཞི་གནས་ལ་གྲོལ་ལུགས་ཀྱི་གདེང་ཡོད་མ་རེད།"
1167559,1170910,3351,"གྲོལ་ལུགས་ཀྱི་གདེང་མེད་ན་ཁམས་གོང་མ་བསམ་གཏན་གཟུགས་མེད་ཀྱང་"
1170910,1173905,2995,"ཞི་གནས་ཀྱི་ཏིང་ངེ་འཛིན་ལ་ཕར་མནལ་ཁུག་པ་ལྟ་བུ་རེད་འགྲོ་གི་རེད།"
1173905,1176861,2956,"དེ་འདྲ་ཡིན་དུས་ཁམས་གསུམ་འཁོར་བ་ལས་གཏན་དུ་གྲོལ་ཤེས་ཀྱི་མ་རེད།"
1176861,1180871,4010,"རྫོགས་པ་ཆེན་པོའི་རྣལ་འབྱོར་པ་ཡིན་ན་གྲོལ་ལུགས་ཀྱི་གནད་ཡོད་པ་དེ་ལ་བརྟེན་ཏེ་"
1180871,1183488,2617,"གཞི་གནས་ཀྱི་གནས་ཆ་རྒྱ་ཆེན་པོ་ཅིག་མེད་ནའང༌།"
1183488,1188810,5322,"གྲོལ་ལུགས་རང་གྲོལ་གྱི་གནས་ཡོད་པ་དེ་ལ་བརྟེན་ཏེ་འཁོར་བའི་རྩ་བ་ནས་འདོན་ཐུབ་ཀྱི་རེད།"
1188810,1191819,3009,"དེའི་ཕྱིར་ན་གྲོལ་ལུགས་ཀྱི་གནད་འདི་ལྟ་བུ་དང་མི་ལྡན་པས་"
1191819,1197646,5827,"སྒོམ་ཞི་གནས་ཀྱི་བསམ་གཏན་ཙམ་ལ་ཉིན་མཚན་འཁོར་ཡུག་ཏུ་ཞི་གནས་ཀྱི་ངང་དུ་གཉིད་ཁུག་པ་ལྟ་བུ་བྱུང་ན།"
1197646,1200025,2379,"དེ་ལྟ་སྒོམ་གྱི་གདེང་ཆེན་པོ་ཡིན་པ་འདུག་བསམ་སྟེ་"
1200025,1202775,2750,"གདེང་འཆའ་བ་དག་ནི་ཁམས་གོང་མ་ཟེར་དུས་"
1202775,1205759,2984,"གཟུགས་ཅན་ཁམས་དང་གཟུགས་མེད་ཁམས་ཀྱི་བསམ་གཏན་དུ་གོལ་ལ།"
1205759,1208977,3218,"གནས་ན་གནས་པའི་རང་ངོ་ཤེས་ཏེ་ཆོས་ཉིད་རྗེན་པ་ལ་ཕུད།"
1208977,1211847,2870,"འགྱུ་ན་འགྱུ་བའི་རང་ངོ་ཤེས་ཏེ་འགྱུ་བ་རང་དག་ལ་སོང༌།"
1211847,1216317,4470,"དེ་རེད་དགོས་རེད་མ་གཏོགས་པའི་གནས་འགྱུ་ངོ་ཤེས་ཙམ་ཞིག་གིས་ཆོག་པར་འདོད་པ་རྣམས་ནི་"
1216317,1218430,2113,"འཁྲུལ་རྟོག་ཐ་མལ་པ་དང་ཁྱད་མེད་པས་"
1218430,1221735,3305,"གནས་འགྱུ་ངོ་ཤེས་པ་ཙམ་གྱི་ཆགས་སྡང་གི་རྐྱེན་ཐུབ་ཀྱི་མ་རེད།"
1221735,1224970,3235,"སྟོང་ཉིད་དང་ཆོས་སྐུ་ལ་སོགས་པའི་བློ་བྱས་ཀྱི་རྒྱས་འདེབས་ཟེར།"
1224970,1228568,3598,"རྣམ་རྟོག་སྟོང་པ་ཉིད་རེད་ཅེས་ཁྲིད་ཀྱི་ནང་དུ་གསུང་པའི་"
1228568,1231584,3016,"སྟོང་པ་ཡིན་གྱི་རེད་བསམ་པ་ཙམ་ཞིག་གི་མོས་པ་བྱས་བཞག་ན་"
1231584,1237159,5575,"འདུ་བྱེད་ཀྱི་ལས་ཉོན་མི་གསོག་རྒྱུ་དང༌། བདག་འཛིན་གྱི་གཉེན་པོ་འགྲོ་ཀྱི་མ་རེད་དུས་"
1237159,1241997,4838,"དེའི་ཕྱིར་ན་རྒྱས་འདེབས་པ་དག་ཀྱང་རྐྱེན་ངན་དང་འཕྲད་ཚེ་གཉེན་པོའི་རང་མཚང་སྟོན་ཟེར།"
1241997,1246031,4034,"དཔེར་ན་རྐྱེན་ངན་དང་འཕྲད་འོང་ན་ཆགས་སྡང་རང་མཚན་དུ་སྐྱེ་འོང་གི་རེད་དུས་"
1246031,1250872,4841,"རང་མཚང་སྟོན་པས་ན་རང་ཚུགས་མི་ཐུབ་པས་ན་གྲོལ་ལུགས་ཀྱི་གནད་འདི་ལྟ་བུ་མེད་ན་"
1250872,1254377,3505,"སྒོམ་པ་ཐམས་ཅད་བློས་བྱས་ཡིད་དཔྱོད་ཀྱི་བསྒོམ་པ་ཟེར་ན་འཁྲུལ་པའི་ལམ་ཡིན་ཟེར།"
1254377,1258817,4440,"རྫོགས་པ་ཆེན་པོའི་ལམ་ནི་ཤར་གྲོལ་རང་གྲོལ་གཅེར་གྲོལ་ལ་སོགས་"
1258817,1262265,3448,"གྲོལ་ཚུལ་གྱི་གནད་མི་འདྲ་བ་དུ་མ་མིང་དུ་བཏགས་ཀྱང༌།"
1262265,1265018,2753,"རྣམ་རྟོག་ཁོ་རང་དོན་དུ་རང་གི་རང་གྲོལ།"
1265018,1269294,4276,"གྲོལ་ཚར་དུས་རྣམ་རྟོག་ཆོས་ཉིད་ཀྱི་དབྱིངས་སུ་དག་སོང་དུས་"
1269294,1272502,3208,"དགེ་སྡིག་གི་རྣམ་རྟོག་ཅི་སྐྱེས་ཡོད་ན་ཡང་དེའི་རྗེས་ཤེས་པ་དེ་ལ་"
1272502,1275750,3248,"དེའི་འཁྲུལ་པ་དེ་བསྡད་མེད་ན་རྗེས་མེད་དུ་དག་སོང་བ་རེད་དུས་"
1275750,1280259,4509,"རྗེས་མེད་དུ་དག་པའི་གྲོལ་ཚུལ་འདི་ཡང་རང་གྲོལ་མངོན་སུམ་དུ་རྟོགས་པའི་གནད་གཅིག་ཡིན་པ་"
1280259,1283324,3065,"རང་བཞིན་རྫོགས་པ་ཆེན་པོའི་ཁྱད་ཆོས་ཐུན་མོངས་མ་ཡིན་པ་ཡིན་པས།"
1283324,1289002,5678,"དེ་ལྟ་བུའི་མན་ངག་དང་ལྡན་ན་གསུངས་དུས། རྣམ་རྟོག་སྐྱེ་མེད་དུ་གྲོལ་བའི་མན་ངག་དང་ལྡན་ན།"
1289002,1292278,3276,"རྣལ་འབྱོར་པ་དེའི་རྒྱུད་ལ་ཉོན་མོངས་དང་རྣམ་རྟོག་གང་སྐྱེས་ཀྱང༌།"
1292278,1297800,5522,"ཉོན་མོངས་ཤུག་དྲག་པོ་སྐྱེས་ནའང་འདྲ་རྣམ་རྟོག་མང་པོ་ཆུ་བོའི་གཉེར་མ་ལྟ་བུ་ཞིག་བྱུང་ནའང་འདྲ།"
1297800,1300736,2936,"དེ་ཆོས་སྐུ་དེ་ལ་ཚུར་གསོལ་འདེབས་བྱས་ལྷོད་འོང་རྒྱུ་མ་གཏོགས་པའི་"
1300736,1303556,2820,"ཆོས་སྐུ་ལ་མེད་པར་བྱེད་རྒྱུ་མ་རེད་དུས་ཆོས་སྐུར་ལྷོང་ནས་"
1303556,1307148,3592,"དེའི་ཆོས་སྐུར་ལྷོང་བ་དེ་ལ་བརྟེན་ཏེ་ཆོས་སྐུ་ཡར་རྩལ་རྫོགས་འོང་དུས་"
1307148,1309850,2702,"ཟུང་འཛིན་འཁྲུལ་པའི་རྣམ་རྟོག་ཡེ་ཤེས་ཀྱི་རང་བཞིན་དུ་དག །"
1309850,1312802,2952,"རྣལ་འབྱོར་པ་དེ་ལ་སྐྱིད་སྡུག་ལེགས་ཉེས་གང་བྱུང་ནའང་"
1312802,1316165,3363,"དེ་ཐམས་ཅད་མེད་པར་ཆོས་ཉིད་སྟོང་པ་ཉིད་ཡིན་པས་སྟོང་པ་ཉིད་ལ།"
1316165,1318864,2699,"ན་བ་ ཚ་བ་ དགའ་བ་ སྡུག་པ་ཡོད་ཀྱི་མ་རེད་དུས།"
1318864,1321966,3102,"དེའི་ཕྱིར་ན་སྐྱིད་སྡུག་ལེགས་ཉེས་གང་སྐྱེས་རྣལ་འབྱོར་དེ་ལ་"
1321966,1326500,4534,"ཡེ་ནས་རྐྱེན་ངན་ཐམས་ཅད་ལམ་གྱི་བོགས་དོན་གྲོགས་སུ་འཆར་བར་འགྱུར་བ་མ་གཏོགས་མེད།"
1326500,1329447,2947,"ཉོན་མོངས་པའི་འཆིང་བས་མི་བཟོད་པ་ལམ་དུ་བྱེད།"
1329447,1335375,5928,"འཁོར་བ་མ་སྤང་གནས་སུ་དག་སྟེ་ཇི་སྲིད་སྲིད་ཞིའི་འཆིང་བ་ལས་གྲོལ་ཏེ་ཟེར་དུས་"
1335375,1337844,2469,"ཁམས་གསུམ་འཁོར་བའི་ཟུང་འཛིན་རྩད་མི་ཆོད་གསུང་ནས་"
1337844,1342772,4928,"སྲིད་པ་ལ་མི་གནས་ཞི་བ་མྱ་ངན་ལས་འདས་པའི་གོང་ཕང་ཉན་ཐོས་དང་རང་རྒྱས་ལྟ་བུ་མ་ཡིན་"
1342772,1348939,6167,"སྲིད་ཞིའི་འཆིང་བ་ལས་གྲོལ་ཏེ་བྱར་མེད་བརྩོན་གྲུབ་དང་བྲལ་བའི་ངང་དུ་ལ་ཟླ་འོང་བ་དེ་གཅིག་པས་ན།"
1348939,1352483,3544,"འདི་ལྡན་མ་སྒོམ་ཆོས་སྐུའི་ངང༌། གསུང་གྲོལ་ལུགས་ཀྱི་གནད་འདི་དང་ལྡན་ན་"
1352483,1356090,3607,"རྣལ་འབྱོར་པ་དེ་ཟ་ནའང་འདྲ། ཉལ་ནའང་འདྲ། བསྡད་ནའང་འདྲ།"
1356090,1359502,3412,"ཏིང་ངེ་འཛིན་སྒོམ་ནའང་འདྲ་ཐམས་ཅད་ཆོས་སྐུ་གཅིག་གི་ངོ་བོ་མ་གཏོགས་མེད་ཟེར།"
1359502,1363214,3712,"དེ་ལྟ་བུ་གྲོལ་ལུགས་ཀྱི་གདེང་མེད་ན། ང་རྫོགས་པ་ཆེན་པོ་ཡིན་"
1363214,1366955,3741,"བསམ་པའི་ལྟ་བ་མཐོ་མཐོ་བོ་དང་ལོ་དང་ཟླ་བ་མང་པོ་སྒོམ་བཞག་པའི་"
1366955,1370914,3959,"སྒོམ་པ་ཟབ་ཟབ་མོ་ཇི་ལྟ་བུ་རྒྱུད་ན་ཡོད་པ་ང་རྒྱལ་གྱི་རློམ་ཀྱང༌།"
1370914,1374400,3486,"རང་གི་སེམས་ལ་མི་ཕན། ཉོན་མོངས་པའི་གཉེན་པོར་མི་འགྲོ་བས་"
1374400,1377800,3400,"ཡང་དག་པའི་ལམ་མ་ཡིན་ཏེ་བགེགས་དང་གོལ་སར་འཆོར་བ་ཡིན་ལ།"
1377800,1381600,3800,"དེའི་ཕྱིར་ན་རང་ཤར་རང་གྲོལ་གྱི་གནད་འདི་ལྟ་བུ་དང་ལྡན་ན།"
1381600,1384002,2402,"དེའི་ཤར་གྲོལ་གྱི་གནད་ཡོད་པའི་གང་ཟག་དེ་ལ་"
1384002,1387545,3543,"ཀུན་མཁྱེན་ཀློང་ཆེན་རབ་འབྱམས་ཀྱིས་རྟོགས་སོང་སྙམ་པ་དེ་མ་རྟོགས་པའི་རྟགས་སོ།"
1387545,1391937,4392,"གསུངས་པ་ལྟ་བུ་རེད་དུས་དེའི་ཕྱིར་ན་ངའི་ལྟ་བ་འདི་མཐོན་པོ་ཡིན་རྫོགས་ཆེན་གྱི་ལྟ་བ་རེད།"
1391937,1394733,2796,"གཞན་ལས་ཁྱད་པར་འཕགས་འདུག་བསམ་རྒྱུའི་འཛིན་པ་ཡོད་མ་རེད་དུས།"
1394733,1398893,4160,"མཐོའི་འཛིན་སྟངས་དང༌། སྒོམ་པ་ཡུན་རིང་པོ་བྱས་ན་སྒོམ་པ་ཟབ་མོ་རེད་"
1398893,1401474,2581,"བསམ་པའི་གཏད་སོ་རྡུལ་ཕྲ་རབ་ཙམ་མེད་ཀྱང༌།"
1401474,1404961,3487,"སྒོམ་པ་ཚད་ལྡན་རེད་སོང་བའི་དེའི་རྟགས་ལ་རྣལ་འབྱོར་པ་དེ་"
1404961,1408705,3744,"རང་གི་རྒྱུད་ལ་གཉིས་འཛིན་གྱི་འཆིང་བ་ལས་གྲོལ་བ་མི་འགྱུར་མི་སྲིད་ཀྱི་"
1408705,1412216,3511,"རིན་པོ་ཆེ་གསེར་གྱི་གླིང་དུ་ཕྱིན་ན་ས་རྡོ་ཕལ་ས་བཙལ་དགོས་ནའང་"
1412216,1413956,1740,"གསེར་མ་གཏོགས་གཏན་ནས་རྙེད་ཀྱི་མ་རེད།"
1413956,1417425,3469,"དཔེ་དེ་བཞིན་ཆོས་ཉིད་རིག་པའི་རང་པོ་ལ་བཙན་ས་ཟིན་སོང་ན།"
1417425,1421649,4224,"གནས་འགྱུ་དང་རྣམ་རྟོག་གང་སྐྱེས་པ་ཐམས་ཅད་སྒོམ་གྱི་གྲོགས་སུ་ཤར་འགྲོ་དུས་"
1421649,1425107,3458,"རྣལ་འབྱོར་པ་དེ་ལ་ཉོན་མོངས་ག་ཚོད་ཡོད། འཁྲུལ་པ་ག་ཚོད་ཡོད་ནའང་"
1425107,1426860,1753,"ཡར་བོགས་འདོན་དུ་འགྱུར་འགྲོ་གི་རེད་དུས་"
1426860,1430901,4041,"དེ་ནི་འཁྲུལ་པ་རང་མཚན་པར་ཆོས་ཉིད་རང་ཤར་རང་གྲོལ་གྱི་ངོ་བོ་ནས་བྱས་ན་"
1430901,1433854,2953,"རྣལ་འབྱོར་པ་དེ་ལ་འཁྲུལ་པ་ལས་ངན་འདི་རེད་ཟེར་བཙལ་ཏེ་"
1433854,1435754,1900,"ཉུག་བསྡད་ནའང་མི་རྙེད་པར་འགྱུར་བས་ན།"
1435754,1441592,5838,"གདེང་གྲོལ་ཐོག་ཏུ་བཅའ་བ་འདི་ཁོ་ན་ཉམས་ལེན་གནད་དུ་འགྲོ་མི་འགྲོའི་ཤན་འབྱེད་ཟེར་དུས་"
1441592,1445099,3507,"དཔེར་ན་བཟོད་རྙེད་པ་ལྟ་བུ་ཡིན་པའི་ཕྱིར་ན་གནམ་ཐིག་ལྟ་བུ་ཡིན་པས།"
1445099,1448853,3754,"དེའི་གདེང་གྲོལ་ཐོག་ཏུ་བཅའ་བ་སྟེ་གནད་གསུམ་པའོ། "
