0,2300,2300,"ཆ་ཤས་ཀྱི་དམ་བཅའ་ཉམས་སོང་རེད། "
2300,4038,1738,"མ་ཕྲད་ན། སོ་སོར་འབྲེལ་མེད་རེད་ཚར་དུས།"
4038,6466,2428,"དཔེར་ན་ཤར་གྱི་རི་དང་ནུབ་ཀྱི་རི་གཉིས་"
6466,9478,3012,"ཕན་ཚུན་འབྲེལ་བ་ཡོད་མ་རེད་དུས། འབྲེལ་མེད་དུ་གནས་པའི་ཕྱིར་ན།"
9478,12184,2706,"དེ་ནས། འདས་པ་ནི་འགགས་ཟིན་པས་དངོས་པོར་མི་གྱུར་པས།"
12184,14873,2689,"དཔེར་ན། མི་ཤི་ཚར་ན་མིང་ཙམ་མ་གཏོགས་ཡོད་རྒྱུ་མ་རེད་དུས།"
14873,18689,3816,"མི་རིགས། མ་འོངས་པ་ནི་མོ་གཤམ་གྱི་བུ་དང་རི་བོང་གི་རྭ་ལྟ་བུ་"
18689,21590,2901,"གཏན་ནས་མ་སྐྱེས་པའི་ཕྱིར་ན། མ་འོངས་པ་ཟེར། མིང་ཞིག་བཏགས་རེད་ཟེར་མ་གཏོགས།"
21590,22805,1215,"དངོས་པོར་མི་རུང་།"
22805,26889,4084,"དེ་ནས། འདས་པ་དང་མ་འོངས་པ་གཉིས་ལ་མ་ལྟོས་པའི་ད་ལྟ་བ་ཞིག་ཡོད་ན།"
26889,29784,2895,"ད་ལྟ་བ་འདི་ལ། དབྱིབས། རི་ཡི་བཟོ་ལྟ་འདྲ་འདུག་བསྡད་དང་།"
29784,31004,1220,"ཆུ་ཡི་བཟོ་ལྟ་འདྲ་འདུག།"
31005,32290,1285,"ཁ་དོག་དཀར་སེར་དམར་ལྗང་། "
32290,35767,3477,"གོང་དུ། དངོས་པོ་ཡོད་པ། ཀ་བ་དང་བུམ་པ་ལྟ་བུ་ཡིན་དང་།"
35767,38207,2440,"དེ་ནས། དངོས་པོ་མེད་པ་བར་སྣང་གི་"
38207,39669,1462,"མེ་ཏོག་ལྟ་བུ་ཞིག་ཡིན།"
39669,41712,2043,"དེ་ནས། གཅིག་ཡིན་དང་། དུ་མ་ཡིན་ལ་སོགས་པ།"
41714,45343,3629,"དབུ་མ་རིགས་པ་དུ་མ་ཡི་སྒོ་ནས་ཡང་ནས་ཡང་དུ་དཔྱད་ན།"
45343,48400,3057,"དངོས་པོར་གྲུབ་རིགས་པའི་ཚུལ་དུ་མ་ཡིས་དཔྱད་ཀྱང་"
48400,51986,3586,"དོན་དུ། མཁས་པ་ཇི་ལྟ་བུ་ཞིག་གིས་རིགས་པས་དཔྱད་ན་མི་རྙེད་པའི་ཕྱིར་ན།"
51986,53359,1373,"དངོས་པོར་མི་རུང་བ་དང་།"
53359,56959,3600,"གཞན་ཡང་དེ་ལྟ་བུའི་གཟུང་འཛིན་གཉིས་སུ་མེད་པའི་ཡེ་ཤེས་དེ་"
56959,61415,4456,"ཡོད་པར་རྟོགས་བྱེད་ཀྱི་ཚད་མ་དེ་གང་རེད་ཞུས་ནས་ཟེར་ན། སེམས་ལས་བྱུང་བ་ཡིན་ཟེར།"
61415,64376,2961,"དེ་སེམས་ལས་བྱུང་བ་ཡིན་དང་། སེམས་ཁོ་རང་། དངོས་ཡིན།"
64376,66212,1836,"དང་པོ་སེམས་ལས་བྱུང་བ་ཡིན་ན།"
66212,68867,2655,"སེམས་ལས་བྱུང་བ་ཡི་སེམས་ཁོ་རང་འདི་ག་འདྲ་འདུག།"
68867,71702,2835,"དེ་ནས། སེམས་ཁོ་རང་ལ། དུས་གསུམ་སྐད་ཅིག་གི་ཆ་ཤས་ལ་"
71702,73311,1609,"སེམས་ཟེར་མཁན་འདི་རེད། ཟེར་རྒྱུ་ཅིག་དང་།"
73311,77344,4033,"གཟུགས་དང་། དབྱིབས་དང་། ཁ་མདོག། དངོས་པོ་ཕྲད་མ་་་་གང་ཡང་གོ་རྒྱུ་མ་རེད་དུས།"
77344,79487,2143,"དེ་ནས། སེམས་ཁོ་རང་མ་གྲུབ་ཚར་ནས་བཟུང་ཏེ།"
79487,82709,3222,"དེ་ནས། སེམས་ལས་བྱུང་ས་མེད་ཚར་ནས། འབྱུང་རྒྱུའི་སེམས་དེ་ཡང་།"
82709,85636,2927,"རྫུན་པར་ཡིན་པ་སྔར་ནས་གཏན་ལ་ཕབ་ཟིན་པ་ཡིན།"
85636,89034,3398,"དེ་ནས། ཡུལ་ཅན་ཤེས་པ་རྫུན་པས་ཡུལ་བདེན་པ་མཐོང་དུ་མི་རུང་།"
89034,92812,3778,"ཕྱི་མ་སེམས་ཁོ་རང་དངོས་གནས་ཡིན་ཟེར་ན། སེམས་གཅིག་པུ་དེ་ལ།"
92812,94899,2087,"དེ་ནས། གཞལ་བྱ། སེམས་གཅིག་ཁོ་རང་དེ་ཡིས་"
94899,98176,3277,"གཞལ་བྱ་འཇལ་བྱེད་ཀྱི་ཡུལ་དང་ཡུལ་ཅན་གཉིས་ཡོད་དམ་མེད།"
98176,100592,2416,"གཞལ་བྱ་འཇལ་བྱེད་ཀྱི་ཡུལ་ཡུལ་ཅན་གཉིས་ཡོད་ན།"
100592,104308,3716,"དེ་ནས། སེམས་ད་ལྟ་ཡོད་མེད་རང་གིས་མྱོང་བ་ཡི་སྒོ་ནས་ཤེས་རྒྱུ་རེད་དུས།"
104308,106547,2239,"གཉིས་སུ་འགྲོ་བས་ན། སེམས་་་་ མི་གཅིག་ལ་སེམས་གཉིས།"
106547,109709,3162,"ཡུལ་གྱི་སེམས་གཅིག། ཡུལ་ཅན་གྱི་སེམས་གཅིག། ཡོད་དགོས་རྒྱུ་རེད།"
109709,110547,838,"མི་འཐད་པ་དང་།"
110547,112542,1995,"དེ་ནས། གཉིས་སུ་མེད་ཟེར་མཁན་ཞིག་ཡིན་ན།"
112542,114345,1803,"དཔེར་ན། ཕྱུགས་ཀྱི་རྭ་གཡས་གཡོན་གཉིས།"
114345,117650,3305,"གཅིག་ཏུ་བསྒྲིལ་བཞག་དུས། རྐུས་པ་དཀར་དམར་གཉིས། གཅིག་ཏུ་བསྒྲིལ། ཟུང་འཇུག་རེད་སོང་ན།"
117650,122464,4814,"དེ་ཟུང་འཇུག་འདི། སྦས་ཉེན་གྱི་མ་རེད། དཀར་པོར་བལྟས་བཞག་ན། ནག་པོ་འཇོམས་ཚར་ཡོད་རེད།"
122468,124334,1866,"ནག་པོ་མེད་ན། དཀར་པོ་འཇོམས་ཚར་ཡོད་རེད་དུས།"
124334,127613,3279,"དེར་མ་ཟད། དེ་ནས། གཉིས་མེད་ཀྱི་ཡེ་ཤེས་ཟེར།"
127613,129593,1980,"གཟུང་འཛིན་གཉིས་སུ་མེད་པའི་ཡེ་ཤེས་ཟེར་མཁན་ཞིག།"
129593,132731,3138,"ད་ལྟ་རྟོགས་བྱ་མཐར་ཐུག་པ་ཞིག་ཡོད་གསུངས་བསྡད་རྒྱུ་དེའང་།"
132731,135423,2692,"དངོས་གནས་དྲང་གནས་འདི་རེད་ཟེར་རྒྱུ། དངོས་པོ། མཚན་མ།"
135423,137660,2237,"ཐེར་གཟུགས་ཅིག་ཡོད་ན། གཏན་ནས་ཡོད་སྲིད་ཀྱི་མ་རེད་དུས།"
137660,139927,2267,"དེ་ནས། གཉིས་མེད་ཀྱི་ཡེ་ཤེས་དེའང་།"
139927,143937,4010,"ངེས་པར་བདེན་གྲུབ་ཏུ་ཡོད་ནས་བཟུང་ཏེ། བདེན་པར་གྲུབ་པ་ཞིག་ཡིན་ན། རྒྱུ་ལས་སྐྱེ་དགོས་རྒྱུ་རེད།"
143937,146286,2349,"དེ། རྒྱུ། ག་ནས་སྐྱེ་བསྡད་ཡོད་རེད་ཟེར་ན།"
146286,149695,3409,"རྒྱུ། དཔེར་ན། ཞིག་པ་ཞིག་ལས་སྐྱེས་དང་། མ་ཞིག་པ་ཞིག་ལས་སྐྱེས།"
149695,151382,1687,"རྒྱུ་ཞིག་པ་ཞིག་ལས་སྐྱེ་ན།"
151382,154162,2780,"དཔེར་ན། ཕ་ཤི་ཚར་ན། ཕ་ཤི་ཚར་དུས་"
154162,156908,2746,"བུ་ད་ལྟ་བ་ཞིག་གཏན་ནས་འབྱུང་ལོ་ཡི་མ་རེད་དུས།"
156908,158989,2081,"དེ་ནས། ཞིག་པ་འདས་པའི་དངོས་པོ་ཐམས་ཅད་"
158989,161404,2415,"དངོས་་་ དངོས་མེད་ཡིན་པའི་ཕྱིར་ན།"
161404,163014,1610,"དངོས་པོ་སྐྱེ་མི་སྲིད་པའི་ཕྱིར།"
163014,165959,2945,"དངོས་མེད་ཞིག་ལས་དངོས་པོ་ཞིག་སྐྱེ་དགོས་ན། གཏན་ནས་སྲིད་ཀྱི་མ་རེད།"
165959,168435,2476,"མེ་དང་ མེ་ལས་ཆུ་འབྱུང་བ་ལྟ་བུ་རེད།"
168435,170477,2042,"དེ་ནས། ས་བོན་འགགས་ཟིན་པའི་ཕྱིར་ན་"
170477,171519,1042,"རྒྱུར་མི་འགྱུར་ལ།"
171519,173624,2105,"དེ་ནས། ཕྱི་མ། མ་ཞིག་པ་ཞིག་གིས་སྐྱེས་ན། "
173624,177094,3470,"རང་རྒྱུ་མ་ཞིག་བཞིན་དུ་ཟེར། ཁོ་རང་གིས། ད་ལྟ་བ་ཡིན་བཞིན་དུ་"
177094,178975,1881,"འབྲས་བུ་བསྐྱེད་ན། ཡང་མེད་ནས་བཟུང་ཏེ།"
178975,182063,3088,"རྒྱུ་དེ་འབྲས་བུ་རེད་འགྲོ་དགོས། ཡང་ན་འབྲས་བུ་འདི་རྒྱུ་རེད་འགྲོ་ལེ་མ་གཏོགས་"
182063,185699,3636,"རྒྱུ་འབྲས་སྔ་ཕྱིའི་རྣམ་པར་དབྱེ་བ་དོན་མེད་དུ་ཐལ་བའི་ཕྱིར་ན།"
185699,188909,3210,"བསྐྱེད་བྱ་སྐྱེད་བྱེད་ཀྱི། མི་འཐད་པ་ཡི་ཕྱིར་རོ། །"
188909,191276,2367,"དེ་ལྟར་ན་དང་པོར། ཆོས་ཉིད་སེམས་ཀྱི།"
191276,194083,2807,"ཆོས་ཞིག་གི་ངོ་བོ་དེ། སྐྱེ་བ་མེད་ན།"
194083,196420,2337,"དེ་ནས། དང་་་"
196420,198289,1869,"་་་ཟེར་དུས། དང་པོ་དངོས་པོ་ཟེར་མཁན་ཞིག།"
198289,200082,1793,"ཚུར་བརྟེན་ནས་སྐྱེས་སོང་མེད་ན།"
200082,202389,2307,"ཕར་འཆི་བ་ཟེར་མཁན་གཏན་ནས་སྲིད་ཀྱི་མ་རེད།"
202389,204225,1836,"མཐར་འགག་པ་མི་སྲིད་ལ། "
204225,206829,2604,"དེ་ནས། མཐར་འགག་པ་་་་། དེ་གཉིས་མེད་ན་ཟེར་དུས་ཞིག།"
206829,208984,2155,"སྐྱེ་བ་དང་འགག་པ་དེ་གཉིས་མེད་ན།"
208984,211808,2824,"སྐྱེ་བ་དང་འགག་པ་གཉིས་ལ་བལྟས་ནས་དབུས་ཞིག་གདགས་དགོས་རེད་ཟེར་མ་གཏོགས།"
211808,213651,1843,"སྐྱེ་བ་འགའ་མེད། འགག་པ་འགའ་མེད་ན།"
213651,217098,3447,"དེ་གཉིས་ལ་མ་བལྟས་པའི་དབུས་ཡན་གར་བ་ཞིག་གནས་པ་མི་སྲིད་དེ། "
217098,219971,2873,"དེའི་ཕྱིར་ན། དེ་ནས། སྐྱེ་བ་དང་འགག་པ་གཉིས་ཡང་།"
219971,221430,1459,"ཕན་ཚུན་གཅིག་ལ་གཅིག་ལྟོས་ཏེ་"
221430,224880,3450,"སྐྱེ་བ་ལ་ལྟོས་ཏེ་འགག་པ། འགག་པ་ལ་ལྟོས་ཏེ་སྐྱེ་བ། ལྟོས་རེད་ཟེར།"
224894,229058,4164,"སྐྱེ་འགག་གཉིས་པོ་ཕན་ཚུན་ལྟོས་གྲུབ་རེད་ཚར་ན། འདུས་ཤེས་མང་པོ་ཞིག་བྱས་བཞག་ན།"
229058,232087,3029,"དེའི་བརྒྱུད་པ་ཞིག་བཞག་བཞག་ན། སྡུག་བསྔལ་ཐམས་ཅད་ཞི་འགྲོ་ཡི་རེད་དུས།"
232087,235123,3036,"དཔེ་དེ་བཞིན་དུ། སྐྱེ་བ་མེད་པ་ཞིག་གཏན་ལ་ཕབ་ན།"
235123,238450,3327,"དེ་ནས། འགག་པ་དང་། ད་ལྟ་བའི་ཆོས་ཐམས་ཅད་ཀྱང་། རྟེན་མེད་དུ་"
238450,240918,2468,"གཏན་ལ་ཕབ་འགྲོ་རྒྱུ་མ་གཏོགས་ཡོད་རྒྱུ་མ་རེད་དུས།"
240918,242408,1490,"དེ་ནི་ཕན་ཚུན་ལྟོས་ཏེ་"
242408,245441,3033,"གྲུབ་པའི་ཕྱིར་ན། སྐྱེ་འགག་དབུས་སུ་འཛིན་པ་ལྟར་སྣང་ཟེར།"
245441,247668,2227,"དཱ། ཀུན་རྫོབ་མིང་ཙམ་བརྡ་ཙམ་བཏགས་ན་ནི།"
247668,250509,2841,"སྐྱེ་བ་མིན་པ་འགག་པ་ཟེར། བརྡ་སྤྲད་རྒྱུ་ཞིག་ཡོད་རེད་ཟེར་མ་གཏོགས།"
250509,253813,3304,"རིགས་པ་ཡིས། མས་དཔྱད་བཞག་ན། སྐྱེ་འགག་དབུས་སུ་འཛིན་པ་ལྟར་སྣང་བའང་"
253813,255714,1901,"བློ་འཁྲུལ་པ་ཡི་སྒོ་ནས། དཔེར་ན།"
255714,258930,3216,"ཐག་ཕྲ་ཡི་སྟེང་དུ། ནང་ར་རིགས་ཅིག་ལ་"
258930,261211,2281,"ཐག་པ་ཕྲ་བོ་འདི་སྦྲུལ་རེད་བསམ་འོང་ན།"
261211,264685,3474,"འདི། སྦྲུལ་བསམ་རྒྱུ་ཡི། རྗེས་མཐོང་བྱེད་རྫི་ཡི་སྦྲུལ་དངོས་གནས་འདི་"
264685,266950,2265,"ཐག་པ་ཡི་སྟེང་ནས་དང་པོ་ནས་ཡོད་མ་རེད།"
266950,269658,2708,"སྦྲུལ་རེད་བསམ། སེམས་ཞེད་སྡོད་པའི་སྐབས་ལའང་ཡོད་མ་རེད།"
269658,273584,3926,"ཐག་ཕྲ་སྦྲུལ་མ་རེད། ཐག་པ་རེད་བསམ་གཏན་ལ་ཕབ་སོང་དུས་སྐབས་ལ་ཡོད་མ་རེད་དུས། "
273584,277569,3985,"དཔེ་དེ་བཞིན་དུ། ཡུལ་དང་ཡུལ་ཅན་གྱི་འཛིན་པ་ཐམས་ཅད། ད་ལྟ་སྦྲུལ་བཏགས་བཞག་དུས།"
277569,279255,1686,"བློ་འཁྲུལ་བས་བཏགས་པ་ཞིག་གི།"
279255,283664,4409,"དེ་ནས། གློ་བུར་བ་ཟེར་མཁན་འདི། སྔ་ནས་མེད་པ་གསར་པ་ཞིག་རེད་ཟེར་མཁན་འདི།"
283664,286690,3026,"འཁྲུལ་པའི་ངོ་བོ་ཡིན་པས། དོན་དུ་བདེན་པར་མ་གྲུབ་པས།"
286690,289614,2924,"རང་བཞིན་མེད་པར་གཏན་ལ་ཕབ་པར་གྱུར་བ་ཡིན་ནོ།"
289614,291265,1651,"འོ་ན་མེད་པ་དེ་ཙམ་ཟེར་དུས་ཀྱི་"
291265,295013,3748,"སྐྱེ་བ་འགའ་མེད། འགག་པའང་མེད། གནས་པ་མེད་པ། མེད་པ་མེད་རྐྱང་འདི་"
295013,296942,1929,"གནས་ལུགས་མཐར་ཐུག་པ་ཡིན་ནམ་སྙམ་ན།"
296942,298781,1839,"དེ་གནས་ལུགས་མཐར་ཐུག་མ་ཡིན་ཏེ།"
298781,301001,2220,"དཔེར་ན་ཡོད་དང་མེད་ཟེར་མཁན་འདི།"
301001,303817,2816,"ཡོད་པ་ལ་ལྟོས་ཏེ་མེད་པ། མེད་པ་ལ་ལྟོས་ཏེ་ཡོད་པ་"
303817,306058,2241,"ཕན་ཚུན་ལྟོས་ཏེ་དགོས་པའི་ཕྱིར་ན།"
306058,309845,3787,"དེ་ནས། གཟོད་མ་ཉིད་ནས་ཡོད་མ་མྱོང་བའི་མེད་པ་ཇི་ལྟར་འགྲུབ་སྟེ།"
309845,310752,907,"འགྲུབ་ཀྱི་མ་རེད།"
310752,313731,2979,"དཔེར་ན། ཕྱུགས་ལ་རྭ་གཡས་ཡོད་ན། གཡོན་བཏགས་ཆོག་གི་རེད།"
313731,318740,5009,"གཡོན་ཡོད་ན་གཡས་བཏགས་ཆོག་གི་རེད་ཟེར་མ་གཏོགས། གཡས་གཏན་ནས་མེད་ན་གཡོན་ཟེར། གདགས་བྱ་འདོགས་བྱེད་ཡོད་མ་རེད་དུས།"
318740,321067,2327,"གཉིས་ཀ་དེ་བས་ཀྱང་གནས་ལུགས་མ་ཡིན་ཏེ།"
321067,324575,3508,"དེ་གཉིས་ཕན་ཚུན་རྫས་འགལ་བས་ཟེར། ཡོད་པ་དང་མེད་པ་གཉིས་"
324575,326725,2150,"མེ་དང་ཆུ་ལྟ་བུ། གཅིག་ནི་དངོས་ཡོད་རེད།"
326725,329080,2355,"གཅིག་ནི་དངོས་མེད་རེད་དུས། རྫས་འགལ་བས་ན།"
329080,331371,2291,"དེ་གཞི་གཅིག་གི་སྟེང་དུ་ཡོད་མེད་གཉིས་ཀ་"
331371,332620,1249,"འགྲུབ་མི་སྲིད་པ་དང་།"
332620,336179,3559,"སྔར་བཤད་པའི་རིགས་པ་ཐམས་ཅད་ཐོག་ཏུ་འབབ་པར་འགྱུར་བའི་ཕྱིར་རོ། །"
336179,337950,1771,"དེས་ན། ཡོད་མེད་གཉིས་ཀ་མ་ཡིན་པ་"
337950,341529,3579,"ཕུང་པོ་གསུམ་པ་ཞིག་དཱ། ཡོད་པའང་མ་ཡིན། མེད་པ་ཡང་མ་ཡིན་སོང་རྒྱོགས་ཀྱི་"
341529,344281,2752,"ཕུང་གསུམ་པ་ཞིག། ཤེས་བྱ་ལ་གཏན་ནས་སྲིད་ཀྱི་མ་རེད།"
344281,346798,2517,"དེ་ནས། དེ་མི་སྲིད་དུས། དེ་ལྟར་རིགས་པའི་ཚུལ་ཟབ་མོས་"
346798,348789,1991,"ཇི་ལྟར་དཔྱད་ཀྱང་། དེ་ནས།"
348789,350853,2064,"གཟུང་འཛིན་གྱི་དངོས་པོ་དེ་ཐམས་ཅད་"
350853,353399,2546,"ཡོད་པ། མེད་པ། སྤྲོས་པའི་མཐའ་ཐམས་ཅད་ལས་"
353399,355290,1891,"ནམ་ཡང་ཐུག་པར་མི་འགྱུར་ཏེ།"
355290,357987,2697,"ཡུལ་རང་ངོས་ནས་སྤྲོས་པ་ཐམས་ཅད་ཉེ་བར་ཞི་བའི་ཕྱིར་རོ་ཟེར།"
357987,360047,2060,"གནས་ལུགས་མཐར་ཐུག་གི་ངོ་བོ་ཡིན་ན།"
360047,365165,5118,"དེ་ནས། གང་གིས་རྟེན་ཅིང་འབྲེལ་བར་འབྱུང་། །འགག་པ་མེད་པ་སྐྱེ་མེད་པ། །ཟེར་མཁན་འདིའི་རང་བཞིན་དུ་སླེབས་ཚར་ན།"
365165,370634,5469,"དེ་ནས། ལྟོས་བྱ་ལྟོས་བྱེད། སྣང་བ་དངོས་པོ། ཡོད་པ་མེད་པ་གཅིག་ཏུ་གཏན་ལ་ཕབ་ཡོད་དུས།"
370634,372915,2281,"གྲུབ་པ་ཞིག་དང་། བརྡར་བཏགས་རྒྱུ་མ་རེད་དུས།"
372915,374838,1923,"དེ་ནས། སྤྲོས་པ་ཐམས་ཅད་ཞི་ཚར་ན།"
374838,376430,1592,"སྤྲོས་པ་ཞི་བ་ཡི་མཐར་ཐུག་པ་"
376430,379392,2962,"འདི་ནི། བདག་ཅག་གི་སྟོན་པ་ཡིས། ཟབ་ཞི་སྤྲོས་བྲལ་འོད་གསལ་འདུས་མ་བྱས། །"
379392,381815,2423,"བདུད་རྩི་ལྟ་བུའི་ཆོས་ཤིག་བདག་གིས་བརྙེས། །ཟེར་མཁན་"
381815,383075,1260,"དེ་ལ་ཐུག་འགྲོ་རྒྱུ་རེད་དུས།"
383075,384753,1678,"དེ་ལ་མ་ཐུག་གི་བར་དུ་"
384753,387196,2443,"ལེགས་པར་གཏན་ལ་ཕབ་དགོས་པ་ཡིན་གསུངས།"
387196,391034,3838,"དེ་ནས། བཞི་པ། གཉིས་སུ་མེད་པའི་ཡེ་ཤེས་ཀྱི་ངོ་བོར་གཏན་ལ་ཕབ་པ་འདི།"
391034,393012,1978,"འཛིན་པ་ཐམས་ཅད་འགོག་པའི་ཚུལ་དང་།"
393012,395753,2741,"དཔྱད་མཐར་མཉམ་པར་བཞག་པའི་ཚུལ་ཏེ་གཉིས་ཡོད་པའི་ནང་ནས།"
395753,398085,2332,"དང་པོ་འཛིན་པ་ཐམས་ཅད་འགོག་པའི་ཚུལ་"
398085,400026,1941,"ཞེས་པ་འདི་རེད་དུས། དེ་ནས།"
400026,403267,3241,"དགག་བྱའི་སྤྲོས་པ་མཐའ་དག་ཀྱང་། །གཟོད་ནས་རང་བཞིན་མ་དམིགས་ཕྱིར། །"
403267,405040,1773,"དེ་ཉིད་བཀག་པའི་སྤྲོས་བྲལ་ཀྱང་། །"
405040,406581,1541,"དོན་དུ་གྲུབ་པ་ཡོད་མ་ཡིན། །"
406581,409576,2995,"ཞེས་པའི་སྒོ་ནས་བསྟན་པར་མཛད་པ་སྟེ།"
409576,412852,3276,"དེ་དཔེར་ན། འཛིན་པ་ཞུགས་ན་ལྟ་བ་མིན་ཟེར་མཁན་དེ་རེད་དུས།"
412852,417310,4458,"འཛིན་པ་ཞིག་ཡོད་ཚར་ན། ལྟ་བ་མཐར་ཐུག་པ། ཡང་དག་པ་ཞིག་གཏན་ནས་ཡོད་རྒྱུ་མ་རེད།"
417310,420134,2824,"དེའི་ཕྱིར་ན། འཛིན་པ་མེད་པ་ཡི་གཤིས་ཅིག་ལ་ཐུག་དགོས་རེད།"
420134,422145,2011,"དེ་ནས་འཛིན་པ་དེ་ཉིད་གང་རེད་ཟེར་ན།"
422145,424064,1919,"མཐར་ཐུག་དཔྱོད་པའི་རིག་ཤེས་ཚད་ངོར།"
424064,425825,1761,"མཐར་ཐུག་ཟེར་ན། དེ། ད་ལྟ།"
425825,428786,2961,"ཆོས་ཐམས་ཅད་བདེན་པ་གཉིས་ཀྱི་སྒོ་ནས་གཏན་ལ་ཕབ་དགོས་དུས།"
428786,430389,1603,"མཐར་ཐུག་དེ་དོན་དམ་བདེན་པ་རེད།"
430389,435742,5353,"དོན་དམ་བདེན་པ་དེ་ལའང་། རྣམ་གྲངས་པའི་དོན་དམ་བདེན་པ་དང་། རྣམ་གྲངས་མ་ཡིན་པའི་དོན་དམ་བདེན་པ་གཉིས་ཡོད་རེད།"
435742,439984,4242,"ཉམས་སུ་མྱང་བྱ་མཐར་ཐུག་གི་ངོ་བོ་དེ། རྣམ་གྲངས་མ་ཡིན་པའི་དོན་དམ་བདེན་པ་དེ་རེད།"
439984,442395,2411,"འདི། དོན་དམ་བདེན་པ་གཏན་ལ་ཕབ་པ་ལ།"
442395,444218,1823,"ད་ལྟ་ང་ཚོ་སོ་སོ་སྐྱེ་བོ་རྣམས་ཀྱིས།"
444218,447713,3495,"ཐོས་པའི་སྒྲོ་འདོགས། རིགས་པ་ཡི་སྒོ་ནས་གཏན་ལ་ཕབ་དགོས་རྒྱུ་རེད་ཟེར་མ་གཏོགས།"
447713,451907,4194,"དེ་མིན་ན། དོན་དམ་གྱི་བདེན་པ་འདི། མྱོང་བ་ཡི་ཐོག་ལ་སླེབ་ཀྱི་མ་རེད།"
451907,454208,2301,"རིགས་པ་ལས། རྗེས་དཔག་གི་རིགས་པ་རེད་དུས།"
454208,456568,2360,"དེ་ནས། སངས་རྒྱས་བཅོམ་ལྡན་འདས་ཀྱིས་གསུངས་བཞག་རྫི་ཡི་བཀའ།"
456568,457876,1308,"རྗེས་འཇུག་མཁས་པ་"
457876,461612,3736,"དཔལ་མགོན་འཕགས་པ་ཀླུ་སྒྲུབ་ཀྱི་དབུ་རྩ་བ། རིགས་ཚོགས་ལ་སོགས་པ་ལྟ་བུ་དང་།"
461612,465490,3878,"དབུ་མ་འཇུག་པ་ཡི་ཤིང་རྟ་རྣམ་བདུན་ལྟ་བུའི་རིགས་པ་ཞིག་གིས་དཔྱད་བཞག་ན།"
465490,468721,3231,"དེ་ནས། ཡོད་མེད་མཐའ་ལས་འདས་པའི་ཆོས་ཉིད་དེ་འདྲ་ཞིག་ཡིན་ས་རེད་བསམ།"
468721,471520,2799,"དཔེ་ཆ་ཡི་གོ་བའི་སྒོ་ནས། ཅིག་ཡོང་འོང་རྒྱུ་རེད་དུས།"
471520,474896,3376,"འདི། གོ་བ་ཡི་ངེས་ཤེས་མཐར་ཐུག་པ་ཞིག་སྐྱེས་ན། བསམ་པའི།"
474896,477089,2193,"ཐོས་བསམ་སྒོམ་གསུམ་གྱི་ཤེས་རབ་ཟེར་མཁན་ནང་ནས། "
477089,478959,1870,"བསམ་པའི་ཤེས་རབ་ཟེར་མཁན་དེ་རེད།"
478959,482042,3083,"དེའི་ཕྱིར་ན། མཐར་ཐུག་པ་དཔྱོད་པའི་རིག་ཤེས་ཚད་མའི་ངོར།"
482042,484417,2375,"དགག་བྱའི་སྤྲོས་པ། ཡུལ། ད་ལྟ།"
484417,488102,3685,"ཕྱི་གཟུང་བ་ཡུལ་དང་། ནང་འཛིན་པ་སེམས་ཀྱི་མ་ཞུགས་སྤྲོས་པ་དང་ནི།"
488102,490979,2877,"ཡོད་པ་དང་། མེད་པ་དང་། ཡོད་མེད་གཉིས་ཀ་དང་།"
490979,492571,1592,"གཉིས་ཀ་མ་ཡིན་པ་མཐའ་དག་"
492571,493910,1339,"བྱེ་བྲག་རེ་རེ་ནས་"
493910,497993,4083,"དོན་དུ་ཡོད་པར་མ་གྲུབ་པའི་ཚུལ། མེད་པར་མ་གྲུབ་པའི་ཚུལ། གཉིས་ཀ་མ་གྲུབ་པའི་ཚུལ།"
497993,500200,2207,"གཉིས་མིན་མ་གྲུབ་པའི་ཚུལ་"
500200,501946,1746,"རིམ་པ་བཞིན་དུ་དཔྱད་དུས།"
501946,503218,1272,"བདེན་པར་མ་གྲུབ་སྟེ།"
503218,505376,2158,"སྔར་སྨོས་པའི་རིགས་པས་དཔྱད་ན།"
505376,506908,1532,"འདི། ཡོད་པ་དང་མེད་པ་ཟེར་རྒྱུ་འདི་"
506908,512224,5316,"སྟོང་པ་ཉིད་དེ། དང་པོ་ཡོད་པའི་དུས་ནས་ཡོད་མེད་ཀྱི་མཐའ་ལས་འདས་སོང་རྫི་རེད་ཚར་རེད་མ་གཏོགས།"
512224,514751,2527,"དང་པོ་སྔོན་ནས་བུམ་པ་ལྟ་བུ་ཞིག་ཡོད།"
514751,518918,4167,"རྗེས་ནས། དེ་ཐོ་བས་བཅག་འོང་དུས། བུམ་པ་དངོས་མེད་རེད་སོང་། དེ་ལྟ་བུ་མ་རེད་དུས།"
518918,522595,3677,"སྔར་འདོད་པའི་རིགས་པས་དཔྱོད་ན། རང་བཞིན་གྱིས་མ་གྲུབ་པའི་ཕྱིར་ན། "
522595,525054,2459,"དེ་ནས། ཡོད་པ་དང་མེད་པ། གཉིས་ཀ་དང་གཉིས་མིན་"
525054,527741,2687,"ཐམས་ཅད་བཞི་ཀ། ལྷན་ཅིག་ཏུ་ཚོགས་པ་ལ་"
527741,533119,5378,"ལྟོས་ཏེ། དེ་ནས། ཡོད་པ་ལ་ལྟོས་ཏེ་མེད་པ། ཡོད་མེད་གཉིས་ཀ་ལ་ལྟོས་ཏེ་གཉིས་ཀ་ཡིན་པ་གཉིས་ཀ་མ་ཡིན་པའིཅི་"
533119,535412,2293,"སྤྲོས་པ་སྤྱི་ཙམ་ཉིད་དུ་ཡང་།"
535412,537529,2117,"དེ་རིགས་པས་དཔྱད་ན། བདེན་པར་མ་གྲུབ་སྟེ། "
537529,540765,3236,"རྩོམ་གཞི་གཟུང་བ་དང་འཛིན་པ་གཉིས་བྱེད་བྲག་མེད་པའི་ཕྱིར་ན།"
540765,542624,1859,"དེ་ནས། རྩོམ་གཞི་དེ་ལྟ་བས་ན་"
542624,545889,3265,"སྤྱི་དང་བྱེ་བྲག་གཉིས་ཀྱི་སྤྲོས་པ་ཐམས་ཅད་བདེན་པར་མེད་པས།"
545889,547938,2049,"སྤྲོས་པ་དེ་དག་བཀག་པའི་གྲུབ་དོན་"
547938,550908,2970,"སྤྲོས་བྲལ་སྤྱི་ཙམ་དུའང་བདེན་པར་མ་གྲུབ་སྟེ། དེ།"
550908,554321,3413,"སྤྲོས་པ་བྲལ་བའི་ཡེ་ཤེས་རེད་ཟེར། དོ་དགོང་། གཟུང་ས་གཏན་ནས་ཡོད་མ་རེད།"
554321,558309,3988,"དེའི་ཕྱིར་ན། མེད་པ་བཀག་པས་ཡོད་པ་འགྲུབ་མི་སྲིད་པའི་ཕྱིར་ན། "
558309,560211,1902,"དོན་དུ་སྤྲོས་བྲལ་ཉིད་ཀྱང་"
560211,562772,2561,"རང་བཞིན་གྱིས་གྲུབ་པ་ཡོད་པ་མ་ཡིན་པས་ཟེར།"
562772,565231,2459,"དེ་ནས། "
565231,569187,3956,"ཚིག་བྲལ་ངག་གི་ལམ་གྱིས་མི་མཚོན་པའི། །སེམས་དང་ཡིད་ཀྱི་རྒྱུ་བ་རྣམ་སྤངས་པ། །ཞེས་"
569187,570845,1658,"བརྗོད་པའི་ཚིག་གི་ཡུལ་དུ་"
570845,573676,2831,"སྤྲོས་པ་ཡོད་མེད་ཀྱི་སྟེང་ནས་མ་གྲུབ་པའི་ཕྱིར་ན།"
573676,575900,2224,"རང་བཞིན་ཡོད་པར་གྲུབ་པ་མ་ཡིན་པས།"
575900,577371,1471,"དེ་ནས། མ་ཡིན་པའི་ཆོས་"
577371,580356,2985,"ཆོས་ཉིད་ཀྱི་ངོ་བོ་དེ་ལས་ཤར་ན། ཕྱི་གཟུང་བ་ཡུལ།"
580356,583479,3123,"ནང་འཛིན་པ་སེམས། ཐམས་ཅད་སྤྲོས་བྲལ་བའི་ཆོས་ཉིད་དེ།"
583479,586770,3291,"དེ་ནས། མཐར་ཐུག་གི། ངོ་མ་ཉམས་མྱོང་གི་སྒོ་ནས་གཏན་ལ་ཕབ་དགོས་ན།"
586770,591471,4701,"དེ་ནས། བསམ་གྱིས་མི་ཁྱབ་པའི་ཆོས་ཉིད་ཟེར་རྒྱུ་དེ་རེད་དུས། སྨྲ་བསམ་བརྗོད་མེད་ཤེས་རབ་ཕ་རོལ་ཕྱིན། །ཟེར་རྒྱུ་འདི་རེད།"
591471,594686,3215,"མཁས་པ་པཎྜི་ཏ། རིག་པའི་གནས་ཐམས་ཅད་ཐོགས་པ་མེད་པ་ཞིག་ཡོད་ནའང་"
594686,597602,2916,"ཆོས་ཉིད་མཐར་ཐུག་འདི་བསྟན་དགོས་ན། བསྟན་ཤེས་ཀྱི་མ་རེད།"
597602,601585,3983,"དེ་རྫོགས་པའི་སངས་རྒྱས་བཅོམ་ལྡན་འདས་ཀྱིས་ཀྱང་། ཆོས་ཉིད་མཐར་ཐུག་དེ་བསྟན་དགོས་དུས་བཟུང་སྟེ།"
601585,603808,2223,"དེ་སྟོང་པ་ཡི་ཕྱོགས་ནས། ནམ་མཁའ་ལྟ་བུ་ཟེར།"
603808,605574,1766,"ལྟ་བ་ཡི་ཕྱོགས་ནས་ཉི་མ་ལྟ་བུ་ཟེར།"
605574,607907,2333,"ཆ་ཤས་ཆ་ཤས་དཔེ་ཡིས་མཚོན་སྡོད་རྫི་མ་གཏོགས་"
607907,612017,4110,"སྟོང་ཉིད་གོང་པོ་འདི། འདི་འདྲ་རེད་ཟེར། དཔེ་གཅིག་གིས་མཚོན་བྱ་གཏན་ནས་ཡོད་པ་མ་རེད།"
612017,615870,3853,"དེའི་ཕྱིར་ན། དེ་མེད་དུས། དེ་ནས། འཕགས་པ་རྣམས་ཀྱིས་མཉམ་བཞག་དེས་གཟིགས་སོང་ན། "
615870,619838,3968,"འཕགས་པའི་མཉམ་བཞག་མཐར་ཐུག། སངས་རྒྱས་འཕགས་པའི་མཉམ་བཞག་གིའང་། དེ་ལ་ དེ་"
619838,624104,4266,"དགོངས་པ་མི་གཡོ་བའི་ངང་ནས། སོ་སོ་རང་རིག་པའི་ཡེ་ཤེས་ཀྱི་སྤྱོད་ཡུལ་རེད་བསྡད་རེད་ཟེར་མ་གཏོགས།"
624104,625488,1384,"སེམས་ལ། ཅིག"
625488,635086,9598,""
635086,636264,1178,"དགོངས་པ་མི་གཡོ་བའི་ངང་ནས།"
636264,639049,2785,"སོ་སོ་རང་རིག་པའི་ཡེ་ཤེས་ཀྱི་སྤྱོད་ཡུལ་རེད་བསྡད་རེད་ཟེར་མ་གཏོགས།"
639049,641779,2730,"སེམས་ལ། ཅིག སྤྱོད་ཡུལ་གཏན་ནས་མེད་པས་ན།"
641779,643540,1761,"བསམ་གྱིས་མི་ཁྱབ་པའི་ཚུལ་དུ། "
643540,645737,2197,"འདི། བསམ་གྱིས་མི་ཁྱབ་པའི་ངོ་བོ་དེ་ལ་བཞག་ན།"
645737,647963,2226,"གཟུང་འཛིན་གྱི་བློ་ཞིག་གཏན་ནས་ཡོད་མ་རེད།"
647963,650954,2991,"དེའི་ཕྱིར་ན། བློ་ཟེར་མཁན་འདི། ཀུན་རྫོབ་བློ་འཁྲུལ་པ་ཡི་དབང་དུ་བཏང་ནས།"
650954,653408,2454,"བློ་ལས་འདས་པའི་ཡེ་ཤེས་ཀྱིས་གཏན་ལ་ཕབ་དུས།"
653408,656657,3249,"དཱ། ཆ་ཤས་དེ་ཡོད་པ་བཀག་ནས། སྣང་ཕྱོགས་ནས་རེ་རེ་གཏན་ལ་ཕབ།"
656657,658077,1420,"སྣང་ཕྱོགས་ནས་རེ་རེ་དེ་"
658077,659984,1907,"མཐར་ཐུག་གྲུབ་མཐའ་དེ་སྟེང་ལ་ཕབ་དགོས་རེད།"
659984,662574,2590,"དཔེར་ན་འཛམ་བུ་གླིང་གི་ཆུ་ཀླུང་ཐམས་ཅད། རྒྱ་མཚོ་ནང་ལ་འགྲོ་བསྡད་དུས།"
662574,664910,2336,"རྒྱ་མཚོ་ཞིག་རེད་འགྲོ་རེད་བ། དཔེ་དེ་བཞིན་དུ།"
664910,667828,2918,"སྣང་ཕྱོགས་དང་སྟོང་ཕྱོགས་ཐམས་ཅད་ནས་མ་གྲུབ་པར་གཏནལ་་ཕབ་དུས་"
667828,671106,3278,"མཐར་ཐུག་བསམ་གྱིས་མི་ཁྱབ་པའི་ཆོས་ཉིད་སྤྲོས་པ་དང་བྲལ་བ་དེ་ལ།"
671106,673405,2299,"ཉེ་བར་ཞི་བ་ཡི་མཐར་ཐུག་དེ་ལ་ཐུག་སོང་ན།"
673405,675606,2201,"དེ་ནས། ཐོས་པ་གང་ལའང་ཅིག་གིས་"
675606,678351,2745,"གཏན་ལ་ཕབ། བསམ་པ་ཡི་སྒོ་ནས་ཉམས་སུ་མྱོང་བ་ལ།"
678351,681059,2708,"དེ་ནས། ཞི་གནས་དང་ལྷག་མཐོང་གི་ཏིང་ངེ་འཛིན་གྱི་སྒོ་ནས་"
681059,681816,757,"སྒོམ་བྱ་རེད་དུས།"
681816,683799,1983,"དེ་ལྟར་ཡིན་པའི་ཚུལ་སློབ་དཔོན་ཀླུ་ཡིས།"
683799,687000,3201,"གཞན་ལས་ཤེས་མིན་ཞི་བ་དང་། །སྤྲོས་པ་རྣམས་ཀྱིས་མ་སྤྲོས་པ། །"
687000,690200,3200,"རྣམ་རྟོག་མེད་དོན་ཐ་དད་མིན། །དེ་ནི་དེ་ཡི་མཚན་ཉིད་དོ། །ཟེར་དུས།"
690200,692758,2558,"དེ་ནས། སོ་སོ་རང་རིག་པའི་ཡེ་ཤེས་ཀྱི་སྤྱོད་ཡུལ་གྱི་"
692758,693864,1106,"ཆོས་ཉིད་དེ་ལ།"
693864,697433,3569,"ཕ་གི། སེམས་ཅན་ཐམས་ཅད་ཀྱི་རྒྱུད་ལ་ཁམས་བདེ་བར་གཤེགས་པའི་སྙིང་པོ་ཡིས་"
697433,699568,2135,"ཏིལ་ལ་མར་བཞིན་དུ་ཁྱབ་བསྡད་ཡོད་རེད་མ་གཏོགས།"
699568,701795,2227,"གཞན་ཞིག་གིས། བསྟན་བྱ་སྟོན་བྱེད་བྱས་ནས་"
701795,702858,1063,"གཏན་ནས་ཡོད་མ་རེད།"
702858,705364,2506,"དེའི་ཕྱིར་ན། དེ། བསྟན་བྱ་སྟོན་བྱེད་མེད་ཚར་དུས།"
705364,708425,3061,"དེ་ནས། དེ། ཆོས་ཐམས་ཅད་སྤྲོས་པ་ཐམས་ཅད་ཞི་ཚར་དུས།"
708425,709757,1332,"སྤྲོས་པ་ཞི་བ་དང་།"
709757,715361,5604,"དེ་ནས། ཡོད་པ། མེད་པ། གྲུབ་མཐའ་ཡི་ལྟ་བ། སྒོམ་པ། སྤྱོད་པ། ལུང་། རིགས་པ་རྣམས་ཀྱིས་ག་ཚོད་སྤྲོས་བསྡད་ནའང་།"
715361,718809,3448,"ཆོས་ཉིད་མཐར་ཐུག་གཏན་ལ་ཕབ་ཤེས་ཀྱི་མ་རེད་དུས།"
718809,722516,3707,"དེའི་ཕྱིར་ན། ཚིག་བྲལ། ངག་གིས་དབེན་རྒྱུ། མི་མཚོན་གསུང་རྒྱུ་འདི་རེད།"
722516,727091,4575,"འདི། ཆོས་ཉིད་མཐར་ཐུག་པ་འདི། སོ་སོའི་སྐྱེ་བོའི་བློ་ཡི་རྣམ་རྟོག་གི་ཡུལ་དུ། ཅིག་འཚོལ་དགོས་ན།"
727091,728797,1706,"བློ་ཡི་རྣམ་རྟོག་གི་ཡུལ་དུ་འགྱུར་འོང་ན།"
728797,730328,1531,"འཁྲུལ་པ་ཀུན་རྫོབ་བྱེད་རྒྱུ་མ་གཏོགས་"
730328,731551,1223,"གཏན་ནས་མེད་བསྡད་དུས།"
731551,733157,1606,"རྣམ་རྟོག་མེད་པའི་དོན་ལ།"
733157,735385,2228,"དེ་ནས། ཆོས་ཉིད་སྟོང་པ་དེའི་ངང་ནས་བཞག་བཞག་ན།"
735385,737774,2389,"ཁམས་གསུམ་འཁོར་བའི་ལས་དང་ཉོན་མོངས་པ་ཟེར་མཁན་ཞིག་ཡང་།"
737774,739752,1978,"ཆོས་ཉིད་སྟོང་པ་ལས་སྤྲོས་ཉེན་གྱི་མ་རེད།"
739752,742040,2288,"མྱ་ནང་ལས་འདས་པའི་སྐུ་དང་ཡེ་ཤེས་ཟེར་མཁན་ཞིག་དཱ།"
742040,743713,1673,"གསར་དུ་འགྲུབ་དགོས་ཀྱི་མ་རེད།"
743713,745619,1906,"འདི། འགྲུབ་མ་དགོས་པའི་ངོ་བོ་དེ་ནི། "
745619,748070,2451,"ཆོས་ཉིད་དེ་ཡི་མཚན་ཉིད་དོ། །ཞེས་པ་དང་།"
748070,749150,1080,"མགོན་པོ་ཞི་བ་ལྷས། "
749150,752414,3264,"གང་ཚེ་དངོས་དང་དངོས་མེད་པ། །བློ་ཡི་མདུན་ན་མི་གནས་པ། །"
752414,755436,3022,"དེ་ཚེ་རྣམ་པ་གཞན་མེད་པས། །དམིགས་པ་མེད་པར་རབ་ཏུ་ཞི། །"
755436,757297,1861,"ཞེས་པ་ལ་སོགས་པས་མཚོན་ཏེ་"
757297,758458,1161,"རྒྱ་ཆེར་གསུངས་པ་ཡིན།"
758458,761586,3128,"དེས་ན། འཁོར་འདས་སྣང་ཚུལ་གྱི་ཆོས་རྣམས་མ་ལུས་པ་ཐམས་ཅད།"
761586,763335,1749,"སྣང་ལུགས་ཀུན་རྫོབ་ཀྱི་ངོས་ནས་ཡིན་ན།"
763335,766554,3219,"ཀུན་རྫོབ་ཀྱི་བདེན་པ་དེ། གཏན་ནས་བསླུ་བ་མེད་པའི་བདག་ཉིད་རེད་དུས།"
766554,769336,2782,"དེ་ནས། རྒྱུ་ རང་རང་གི་རྒྱུ་རྐྱེན་རྟེན་འབྲེལ་ལ་བརྟེན་ནས་"
769336,770544,1208,"སྐྱེས་པའི་ཕྱིར་ན།"
770544,774326,3782,"གཏན་ནས་མེད་པ། རི་བོང་གི་རྭ་དང་། མོ་གཤམ་གྱི་བུ་ལྟ་བུ་ཅི་གང་མ་རེད།"
774326,777568,3242,"གནས་ལུགས། དོན་དམ་ངོ་བོ་ བདེན་པའི་ངོས་ནས་བཤད་ན།"
777568,780609,3041,"རྒྱུ་རྐྱེན་རྟེན་འབྲེལ་གྱིས་བསྐྱེད་བཞག་པ་དེ།"
780609,783988,3379,"ད་ལྟ་རིགས་པས་ཧ་ལམ་དཔྱད་པའི་འགོ་ཙམ་ཞིག་བསྟན་པ་དེ་ཡིན།"
783988,785985,1997,"བདེན་པར་གྲུབ་པ་ཞིག་ཡོད་པ་མ་རེད།"
785985,788336,2351,"དེའི་ཕྱིར་ན། ཆོས་ཉིད་ཀྱི་ངོ་བོའི་གཞི་དེ།"
788336,790602,2266,"ཡོད་པ་དང་མེད་པ་ཞིག་གྲུབ་ཡོད་ན།"
790602,792368,1766,"དེ་རྟེན་འབྲེལ་གྱིས་ཁྱབ་ཚར་རེད།"
792368,795423,3055,"རྟེན་འབྲེལ་གྱི་ངོ་བོ་རེད་ན། ཡོད་པ་མེད་པ་རིགས་པས་དཔྱད་ཚར་དུས་"
795423,797577,2154,"དཔྱད་བཟོད་དུ་མི་འགྲུབ་པ་ཞིག། རང་ཤུགས་ཀྱིས་"
797577,799513,1936,"ཡིན་དུས། དཱ་དོན་དུ་རྟེན་འབྲེལ་ཡན་ལག་"
799513,802220,2707,"བཅུ་གཉིས་ཀྱིས་ཁྱབ་རྒྱུ་རེད། དེའི་ཕྱིར་ན།"
802220,804673,2453,"རྟེན་འབྲེལ་ལ་སྟོང་ཉིད་ཀྱིས་ཁྱབ་པའི་ཕྱིར་ན།"
804673,807308,2635,"སྣང་སྟོང་ཚོགས་པ། ཟུང་དུ་འཇུག་པའི་ཚུལ་ཟེར།"
807308,813302,5994,"སྣང་བཞིན་དུ་སྟོང་། སྟོང་བཞིན་དུ་སྣང་སོང་བ། བརྡ་སྤྲད་པ་ཙམ་ཞིག་རེད་ཟེར་མ་གཏོགས། ང་ཚོ་ཡི། ད་ལྟ། སོ་སོའི་སྐྱེ་བོ་ཡི་བློ་ལས་བྱས་ན།"
813302,817340,4038,"སྣང་བ་ཟེར་མཁན་འདི། ཀ་བ། བུམ་པ། གཟུགས། དབྱིབས། ཁ་དོག། ལག་པས་གཟུང་དུ་ཡོད་པ།"
817340,819402,2062,"མིག་གིས་བསྟན་དུ་ཡོད་པ་ལྟ་བུ།"
819402,822209,2807,"སྟོང་པ་ཟེར་རྒྱུ། བར་སྣང་སྟོང་པ་འདི་འདྲ་ཞིག་གོ་རྒྱུ་རེད་དུས།"
822209,825177,2968,"ཅིག། ཆོས་ཉིད་སྟོང་པ་ཉིད་ཀྱི་སྣང་སྟོང་དེ་འདྲ་མ་རེད།"
825177,829046,3869,"སྣང་ཆ་ནས་བཤད་ན། དེ་ནས། ཟག་མ་མེད་པ་ཆོས་ཁམས་རྒྱ་མཚོ་ལྟ་བུ་འདི།"
829046,830772,1726,"འགགས་པ་མེད་པ་སྣང་ཆོག་ཆོག།"
830772,833891,3119,"སྟོང་པ་བཤད་ན། དེ་ཐམས་ཅད་མེད་པའང་། མེད་སྣང་སྟོང་པ།"
833891,836125,2234,"འབན་སྟོང་ལྟ་བུ་དང་། བར་སྣང་སྟོང་པ་མ་རེད་པར།"
836125,840100,3975,"དེ་ནས། སྣང་སྟོང་ཚོགས་པ་ལས་ཟུང་དུ་འཇུག་པའི་ཚུལ། མདོ་ལས།"
840100,843730,3630,"གང་ཞིག་རྐྱེན་ལས་སྐྱེས་པ་དེ་མ་སྐྱེས། །དེ་ལ་སྐྱེ་བའི་རང་བཞིན་ཡོད་མ་ཡིན། །"
843730,845395,1665,"རྐྱེན་ལ་རགས་ལས་གང་དེ་སྟོང་པ་ཉིད། །"
845395,848265,2870,"གང་གིས་སྟོང་ཉིད་ཤེས་ན་བག་ཡོད་ཡིན། །ཞེས་པ་དང་།"
848265,849103,838,"སློབ་དཔོན་ཀླུས།"
849103,851906,2803,"རྟེན་ཅིང་འབྲེལ་བྱུང་མ་ཡིན་པའི། །ཆོས་འགའ་ཡོད་པ་མ་ཡིན་ནོ། །"
851906,855073,3167,"དེ་ཕྱིར་སྟོང་ཉིད་མ་ཡིན་པའི། །ཆོས་འགའ་ཡོད་པ་མ་ཡིན་ནོ། །ཟེར།"
855073,857436,2363,"ཕྱི་རོལ་འཁོར་འདས་སྣོད་བཅུད་ཀྱི་སྣང་བ་དེ་ཐམས་ཅད།"
857436,859153,1717,"རྟེན་འབྲེལ་རེད་སོང་རྫི་འདི་ཡིས།"
859153,862890,3737,"རྟེན་འབྲེལ་རེད་ཚར་ན། སྟོང་ཉིད་དུ་གཏན་ལ་ཕབ་མི་ཐུབ་པ་གཏན་ནས་ཡོད་མ་རེད།"
862890,864801,1911,"རྟེན་འབྲེལ་དེའང་། སྟོང་ཉིད་མིན་པ་ཡང་།"
864801,868545,3744,"བདེན་པར་གྲུབ་པ་ཞིག་ཡོད་ན། རྟེན་འབྲེལ་གྱི་མཐོང་ཆ་འདི་གཏན་ནས་ཤར་ལོ་ཡི་མ་རེད།"
868545,872064,3519,"དེ་ནས། གང་ལ་སྟོང་པ་ཉིད་རུང་བ། །དེ་ལ་ཐམས་ཅད་རུང་བར་འགྱུར། །ཟེར།"
872064,874271,2207,"སྟོང་ཉིད་ཀྱི་དོན་འདི་མངོན་སུམ་དུ་རྟོགས་ཚར་ན།"
874271,875549,1278,"གང་བྱེད་བཞག་ན་ཆོག་གི་རེད།"
875549,877941,2392,"དཔེར་ན། གྲུབ་པ་ཐོབ་པའི་གང་ཟག་ཐམས་ཅད་ཀྱིས།"
877941,880996,3055,"ལྷག་མཐོང་བདག་མེད་རྟོགས་པའི་ཤེས་རབ་ཀྱིས། སྟོང་ཉིད་མངོན་སུམ་དུ་རྟོགས་དུས།"
880996,882395,1399,"དངོས་ཡོད་དངོས་མེད་ལ་སྒྱུར།"
882395,883676,1281,"དངོས་མེད་དངོས་པོ་ལ་སྒྱུར།"
883676,885808,2132,"རྫུ་འཕྲུལ་ཡ་མ་ཟུང་ཇི་ལྟར་བསྟན་ནའང་"
885808,886900,1092,"བསྟན་ཆོག་པ་སྟེ།"
886900,889530,2630,"དེ་ནས། སྟོང་ཉིད་ཀྱི་ངོ་བོ་མཐར་ཐུག་དེ་གཏན་ལ་ཕབ་ཚར་དུས།"
889530,891679,2149,"སྣང་བ་དེ་སྣང་ལ་མ་ངེས་པ་ཞིག་ཡིན་པ་"
891679,892846,1167,"དེ་གདེང་ཆོད་སོང་བ་རེད།"
892846,895935,3089,"དེ་ནས། ང་ཚོ་འདྲ་ཡིན་ན། དངོས་ཡོད་བྱས་ན་དངོས་པོ་ལ་འཛིན།"
895935,897685,1750,"འདིས་ཕན་བཏགས། གནོད་སྐྱེལ།"
897685,900854,3169,"དངོས་མེད་བྱས་ན་བར་སྣང་སྟོང་པ་ལྟ་བུ་ཞིག་ལ་འཛིན་ཚར་ན།"
900854,903099,2245,"དེ་ཇི་ལྟར་འདོད་པ་བཞིན་དུ་བྱེད་ནུས་ཀྱི་མ་རེད།"
903099,906453,3354,"རྫུ་འཕྲུལ་ཡ་མ་ཟུང་སྟོན་མི་ནུས་པའང་བདེན་པར་འཛིན་པ་འདིས་རེད།"
906453,911257,4804,"དེའི་ཕྱིར་ན། ཡོད་པ་དང་མེད་པ་གཉིས་ཀ་ལས་འདས་པའི་ཆོས་ཉིད་ཀྱི་ངོ་བོ་མཐར་ཐུག་པ་དེ་"
911257,913487,2230,"གཏན་ལ་ཕབ་ཚར་ན། དེ་ཡིན་ནོ། །ཞེས་སོ།།"
913487,916535,3048,"དེ་ལྟར་ན་རིམ་པ་བཞིན་དུ།"
916535,919879,3344,"དེ་ནས། སྣང་སྟོང་ཟུང་འཇུག་གི་ཡེ་ཤེས་ཆེན་པོ་འདི་གཏན་ལ་ཕབ་དུས།"
919879,922589,2710,"ནང་པ་སངས་རྒྱས་པའི་ཆོས་ཀྱི་སྒོ་མོ་དང་པོ་ཕྱེ་འོང་དུས་ནས།"
922589,926288,3699,"འདུས་བྱས་ཐམས་ཅད་ནི་མི་རྟག་པའོ། ཟེར་ཆོས་ཀྱི་བདག་འདི་ག་"
926288,928157,1869,"ཐེག་པ་ཆེ་ཆུང་ཐམས་ཅད་འདོད་ཀྱི་རེད།"
928157,930566,2409,"སྟོང་ཉིད་གཅིག་ཏུ་གཏན་ལ་ཕབ་བསྡད་ཀྱི་ཡོད་རེད་དེ། "
930566,932982,2416,"སྟོང་ཉིད་གཅིག་གཏན་ལ་ཕབ་པར་བྱེད་པ་དེ་ལའང་།"
932982,934928,1946,"ཉན་ཐོས་བྱེ་མདོ་རྣམས་ཀྱིས་དགོངས་ན།"
934928,938939,4011,"ད་ལྟ་གཟུང་བ་རྡུལ་ཕྲན་ཆ་མེད་དང་། ཤེས་པ་སྐད་ཅིག་ཆ་མེད་དེའི་སྟེང་ལ་ཕབ་སྟེ།"
938939,941734,2795,"ཆ་མེད་གཉིས་པོ་འདི་ཡོད་བསམ་ནས་འཛིན་པ་ཞིག་ཞུགས།"
941734,944378,2644,"དེ་ཐམས་ཅད་མེད་བསམ་རྒྱུ་ཡི་འཛིན་པ་ཞིག་ཞུགས་དུས།"
944378,947873,3495,"ཡོད་མེད། མཐར་ཐུག་གཉིས་ཀ་ཡོད་མེད་ལས་འདས་པ་འདི་མ་རྟོགས་པའི་དབང་གིས།"
947873,950612,2739,"འདི་ལྟར་ན། ལྟ་བ་མཐར་ཐུག་མ་ཡིན་གསུངས་རེད།"
950612,953902,3290,"འདིའི་རྗེས་ལ་དཱ། དབུ་མ་ཡི་ནང་ནས་དབུ་མ་དང་པོ་སེམས་ཙམ་པ་རེད།"
953902,956158,2256,"སེམས་ཙམ་པ་ཞིག་ཡིན་ནའང་། སེམས་ཙམ་པས་"
956158,958730,2572,"ཤེས་པ་རང་རིག་རང་གསལ་བྱས་མཁན་འདི་འདུག་འོང་དུས།"
958730,960936,2206,"ཆ་མེད་གཉིས་པོ་སྟོང་ཉིད་དུ་ཕབ་ཚར་རེད་དེ། "
960936,963744,2808,"ཡང་། ཤེས་པ་རང་རིག་རང་གསལ་དེ་ལ་འཛིན་པ་ཞིག་ཞུགས་ཚར་དུས།"
963744,966050,2306,"འདི་ཡིས་ཡང་། ཆོས་ཉིད་མཐར་ཐུག་རྟོགས་ཀྱི་མེད་སོང་རེད།"
966050,968386,2336,"དེའི་རྗེས་སུ། དབུ་མའི་དང་པོ་རང་རྒྱུད་པ་རེད་དེ། "
968386,971646,3260,"འདི་ཡིས། ཀུན་རྫོབ་དང་དོན་དམ་པའི་བདེན་པ་གཉིས་པོ་དེ་ལས།"
971646,974223,2577,"ཅིག། འཛིན་པ་ཞིག་ཞུགས། གཏན་ཚིག་རང་རྒྱུད་དུ་བཞག་ཚར་ན།"
974223,975631,1408,"གཏན་ལ་ཕབ་རྒྱུ་མ་རེད།"
975631,977348,1717,"དེ་ནས། དེ་ཡི་རྗེས་སུ། "
977348,979219,1871,"མཐར་ཐུག། དབུ་མ་ངོ་མ། གཏན་ལ་ཕབ་འོང་དུས།"
979219,982330,3111,"དེའང་། ཐལ་འགྱུར་བ། དཔལ་མགོན་འཕགས་པ་ཀླུ་སྒྲུབ།"
982330,985662,3332,"དབུ་མ་རིགས་ཚོགས་དང་། དེ་རྣམས་ཀྱིས་གཏན་ལ་ཕབ་བཞག་པ་དེ་རེད་དུས།"
985662,987598,1936,"དེ་ཡིས། མཐར་ཐུག་གཏན་ལ་ཕབ་རྒྱུ་འདི།"
987598,989716,2118,"ད་ལྟ། ངས་གོང་དུ་བཤད་པ་བཞིན།"
989716,993294,3578,"ཡོད་མེད་རྟག་ཆད་ཀྱི་མཐའ་ཐམས་ཅད་ལས་འདས་པའི་ངོ་བོ་འདི། ཡོད་པ་"
993294,995398,2104,"འདི་རེད། དཱ་འདི་རྒྱས་པར་བཀོད་ན།"
995398,997996,2598,"དབུ་མ་རྩ་བ་རིགས་ཚོགས་དང་བཅས་པ་ཐམས་ཅད་དང་"
997996,1000485,2489,"དབུ་མ་འཇུག་པ། འདི་རྣམས་ཀྱི་སྒོ་ནས་དཔྱད་ན།"
1000485,1005417,4932,"དེ་ནས། ལེགས་པར་གཏན་ལ་ཕབ་འོང་རྒྱུ་རེད། དཱ། འདི་ལ་མན་ངག་གི་གཞུང་རེད་སོང་རྫི་ཡིས་མདོར་བསྡུས་པ་ཙམ་ཞིག་"
1005417,1009157,3740,"ཚུལ་བཞིན་དུ་བསྟན་པར་མཛད་པ་དེའི་རྗེས་སུ། དཱ་ཡང་།"
1009157,1012033,2876,"གཉིས་པ་ནི། དེ་ལྟར་ཡུལ་ལ་"
1012033,1017554,5521,"དེ་ལྟར་ཡུལ་ལ་དཔྱད་པ་ཡིས། །ཡུལ་ཅན་བརྗོད་བྲལ་གཉུག་མའི་ཀློང་། །"
1017554,1020611,3057,"བསམ་གྱིས་མི་ཁྱབ་ངལ་འཚོ་བ། །འདི་ནི་འཇོག་སྒོམ་ཉིད་དུ་བརྗོད། །"
1020611,1023714,3103,"ཞེས་པ་ལ་སོགས་པ་ཡིས། དཱ་འདི། སྙོམས་"
1023714,1025530,1816,"མཉམ་བཞག་གི་ལྟ་བ་མཐར་ཐུག་དེ་ཡིས།"
1025530,1027478,1948,"ཞེས་པ་ལ་སོགས་པ་ཡིས། དེ་ལྟར།"
1027478,1030486,3008,"མར་གྱི་ཉན་ཐོས་ཐེག་པ་ནས་ཐོག་གི་དབུ་མ་ཡི་བར་དུ། "
1030486,1033169,2683,"རིགས་པའི་ཚུལ་རྣམ་གྲངས་དུ་མ་ཡི་སྒོ་ནས།"
1033169,1037249,4080,"དེ་ནས། རང་རང་གི་ལུང་དང་རིགས་པ་ཡིས་གཞལ་བྱར་གྱུར་བ་ཡི་ཡུལ་རྣམས་ལ་རིམ་པ་བཞིན་དུ་"
1037249,1038446,1197,"དཔྱད་པར་གྱུར་བས།"
1038446,1042700,4254,"དེ་ནས། ནམ་ཞིག་གི་ཚེ་ཡུལ་རང་ངོས་ནས་སྤྲོས་པའི་མཐའ་ཐམས་ཅད་དང་བྲལ་ཞིང་།"
1042700,1047108,4408,"ཡུལ་ཅན་རང་ངོས་ནས། བསམ་གྱིས་མི་ཁྱབ་པའི་གནས་ལུགས་ཞིག་མངོན་དུ་རྟོགས་པའི་ཚེ་ན།"
1047108,1051119,4011,"ཡུལ་ཅན་དཔྱོད་བྱེད་ཉིད་ཀྱང་། ཡུལ་ཅན་དཔྱོད་པར་བྱེད་པ་རིགས་པ་དེ་ཉིད་ཀྱང་།"
1051119,1053169,2050,"བསམ་བརྗོད་ཐམས་ཅད་དང་བྲལ་བའི་ཚུལ།"
1053169,1057106,3937,"དཔེར་ན་བུད་ཤིང་ཟད་པ་ན་མེ་རང་བཞིན་གྱིས་ཟད་པར་འགྱུར་བ་བཞིན་དུ་"
1057106,1058230,1124,"རྟོགས་པར་འགྱུར་བ་ཡིན་ཏེ།"
1058230,1059816,1586,"དེ་སྐད་དུ་མགོན་པོ་ཞི་བ་ལྷས།"
1059816,1062828,3012,"དཔྱད་བྱ་རྣམ་པར་དཔྱད་བྱས་ནས། །རྣམ་དཔྱོད་ལ་ནི་རྟེན་ཡོད་མིན། །"
1062828,1066222,3394,"རྟེན་མེད་ཕྱིར་ན་མི་སྐྱེ་སྟེ། །དེ་ཡང་མྱ་ངན་འདས་པར་བརྗོད། །ཟེར།"
1066222,1068632,2410,"དཔྱད་བྱ་སྣོད་བཅུད་སྣང་ཚུལ་གྱི་ཆོས་ཐམས་ཅད་"
1068632,1070498,1866,"དབུ་མའི་རིགས་པ་ཡིས་ལེགས་པར་དཔྱད་དུས།"
1070498,1072178,1680,"དེ་སྟོང་པ་ཉིད་དུ་གཏན་ལ་ཕབ།"
1072178,1073954,1776,"སྟོང་ཉིད་ཀྱི་ངོ་བོ་དེ་ལས།"
1073954,1078060,4106,"གཏན་ལ་ཕབ་འོང་ན། དེ་ནས། སྟོང་ཉིད་ཞིགའདི་གཏན་ལ་ཕབ་རྫི་ཡི་རིགས་པ་འདིའང་།"
1078060,1081171,3111,"སྟོང་ཉིད་ཀྱི་ངོ་བོ་གཏན་ལ་ཕབ་དུས།"
1081171,1084074,2903,"དེ་ནས། མཐར་ཐུག། རྟེན་དང་བརྟེན་པ། ཅིག་ཀྱང་མེད་པ་འདི།"
1084074,1086626,2552,"མྱ་ངན་འདས་པ་མཐར་ཐུག་ཡིན། ཞེས་བརྗོད་པའི་ཕྱིར།"
1086626,1089131,2505,"དེ་ལྟར་དཔྱད་པའི་མཐར་ཐུག་འོང་ན། གང་རེད་ཟེར་ན།"
1089131,1090885,1754,"སྟོང་ཉིད་ཀྱི་ངོ་བོ་དེ་ལ་ཕབ་རེད།"
1090885,1094861,3976,"སྟོང་པ་ཉིད་དེ། གསར་དུ་རྒྱུ་རྐྱེན་གྱིས་བཟོས་རྫི་དང་། རིགས་པས་བཟོས་བཞག་རྒྱོགས་མ་རེད་པས།"
1094861,1096719,1858,"ཡེ་གདོད་མ་ཉིད་ནས་སྟོང་པ་ཡིན་དུས།"
1096719,1099385,2666,"དེ་ལ་གཉུག་མ་ཞེས་བྱ་བའི་སྒྲ་ཆགས་ཀྱི་རེད།"
1099385,1103354,3969,"དེ་ནས། གཉུག་མ་ཟེར་མཁན་འདི། བཟོ་བཅོས་མ་ཞུགས་པ་ཞིག་ལ་གོ་རྒྱུ་རེད། གཉུག་མ་དེ།"
1103354,1108560,5206,"དེ་ནས། གཉུག་མ་ངོ་བོ་དེ་ལ། སྟོང་པ་ཉིད་དེ་ལ། གཟུང་འཛིན་གྱི་སྒྲིབ་པ་ཡིས་གཏན་ནས་གོས་མྱོང་ཡོད་རྒྱུ་མ་རེད།"
1108560,1110631,2071,"དེ་ནས། གདོད་མ་ནས་རང་བཞིན་གྱིས་"
1110631,1112015,1384,"རྣམ་པར་དག་པའི་ཀློང་དུ།"
1112015,1114527,2512,"འདི། གདོད་མ། རང་བཞིན་རྣམ་པར་དག་པ་དེ།"
1114527,1116570,2043,"སོ་སོའི་སྐྱེ་བོའི་བློ་ཞིག་གིས་"
1116570,1120916,4346,"གཏན་ལ་ཕབ་མི་ནུས། མཐར་ཐུག་དེ་གཏན་ནས་ཕབ་རྒྱུ་མ་རེད་དུས།"
1120916,1125989,5073,"བློ་ཡི་འཇུག་པ་གཞན་ཐམས་ཅད་དང་བྲལ་བའི་བསམ་གྱིས་མི་ཁྱབ་པའི་གནས་ལུགས་ཀྱི་ངང་དུ་བཤད་ན།"
1125989,1127411,1422,"དེ་ནས། ངལ་འཚོ་བ་སྟེ། ཟེར་"
1127411,1130099,2688,"ད་ལྟ་ཀུན་མཁྱེན་ཆོས་ཀྱི་རྒྱལ་པོའི་སེམས་ཉིད་ངལ་གསོ་གསུངས་དུས།"
1130099,1132802,2703,"སེམས་ཀྱི་ཆོས་ཉིད་མཐར་ཐུག་པ་གཏན་ལ་ཕབ་སོང་ན།"
1132802,1136768,3966,"གཟུང་འཛིན་གྱི་སྣང་བ་དེ་ཐམས་ཅད་ཀྱི་ཤ་ཐང་ཆེ་ཆེ་དུ་རྒྱུགས་སྡོད་བསྡད་དུས།"
1136768,1138421,1653,"དེ་ངལ་འཚོ་བ་ལྟ་བུ་ཞིག་རེད།"
1138421,1141390,2969,"དེའི་ཕྱིར་ན། དཱ་སྟོང་ཉིད་མཐར་ཐུག་པ་དེ་དང་པོ།"
1141390,1142967,1577,"ཐོས་པའི་ཤེས་རབ་ཀྱིས་གཏན་ལ་ཕབ།"
1142967,1145048,2081,"དེའི་རྗེས་སུ་བསམ་པའི་ཤེས་རབ་ཀྱིས་གཏན་ལ་ཕབ།"
1145048,1147508,2460,"དེ་ནས། དེའི་རྗེས་སུ་བསམ་པའི་ཤེས་རབ་འདི།"
1147508,1149517,2009,"བསྒོམ་པའི་ཉམས་མྱོང་ཞིག་གཏན་ལ་ཕབ།"
1149517,1151633,2116,"སྒོམ་པའི་ཉམས་མྱོང་གི་སྒང་དུ་བཞག་འོང་ན།"
1151633,1154762,3129,"བློས་བྱས་ཆེའམ་ཆུང་བ་ཐམས་ཅད་རང་སར་དུ་གྲོལ་ཚར་དུས།"
1154762,1156821,2059,"དེ་ནས། གནས་ལུགས་ཀྱི་ངང་དུ་ངལ་འཚོ།"
1156821,1159132,2311,"ངལ་འཚོ་བ་འདིའི་སྒང་དུ། དེ་ནས། མཉམ་པར་བཞག་ན།"
1159132,1160707,1575,"འཕགས་པའི་མཉམ་བཞག་ཟེར་མཁན་འདི་རེད་དུས།"
1160707,1164049,3342,"མ་གཡོས་པས་བཞག་པ་ན། སེམས་སེམས་བྱུང་གི་སྤྲོས་པ་མཐའ་དག་"
1164049,1165613,1564,"ཉེ་བར་ཞི་བ་འདི་ནི་"
1165613,1167605,1992,"འཇོག་སྒོམ་ཉིད་དུ་བརྗོད་པའི་ཚུལ།"
1167605,1171452,3847,"འཕགས་པ་བྱམས་པས། འདི་ལ་བསལ་བར་བྱ་བ་དང་། །བཞག་པར་བྱ་བ་ཅུང་ཟད་མེད། །"
1171452,1174371,2919,"ཡང་དག་ཉིད་ལ་ཡང་དག་བལྟ། །ཡང་དག་མཐོང་ན་རྣམ་པར་གྲོལ། །"
1174371,1176198,1827,"ཞེས་པ་ལ་སོགས་པ་རྒྱ་ཆེར་གསུངས་ཟེར་དུས།"
1176198,1178684,2486,"དཱ་སྟོང་ཉིད་ཀྱི་དོན་དེ། མ་རྩ། གཏན་ལ་ཕབ་དུས།"
1178684,1180293,1609,"པཎྜི་ཏ་ཡི་དཔྱད་སྒོམ་དང་། "
1180293,1182559,2266,"ཀུ་སུ་ལུ་ཡི་འཇོག་སྒོམ་ཟེར་གཉིས་ཡོད་རེད།"
1182559,1183958,1399,"པཎྜི་ཏའི་དཔྱད་སྒོམ་ཞིག་ཡིན་ན།"
1183958,1187747,3789,"ད་ལྟ་གོང་དུ་རིགས་པའི་འགོ་བསྟན་པ་དེ་ལྟ་བུ་ཞིག་གིས། རིམ་པ་བཞིན་དུ་"
1187747,1189289,1542,"ཚུར་ཤིག་གཏན་ལ་ཕབ་འོང་ན།"
1189289,1192606,3317,"དེ་ནས། མཐར་ཐུག་དཔྱད་མེད་སྒོམ་མེད་གནས་མེད་ཀྱི་བསམ་བརྗོད་ལས་འདས་པའི་ཡུལ་"
1192606,1195528,2922,"འདི་ཡག་པོ་གཏན་ལ་ཕབ་ཐུབ་འོང་རྒྱུ་རེད།"
1195528,1197713,2185,"དེ་ནས། དེ་ལྟ་བུ་ཡི་ལུང་དང་རིགས་པ་ཡིས་དཔྱད་ན།"
1197713,1199146,1433,"དཔྱད་པ་དེ་རྫོགས་འགྲོ་རྒྱུ་རེད།"
1199146,1203875,4729,"དེ་ནས། ལུང་རིགས། དེ་ལྟ་བུ་རྒྱ་ཆེན་པོ། ཧ་ཅང་འདུན་པ་གཏད་མ་ཐུབ་པའི་གང་ཟག་ཅིག་ཡིན་ན།"
1203875,1206387,2512,"བླ་མ་མན་ངག་གི་སྟོབས་ཀྱིས། དེ་ནས། རིམ་པ་བཞིན་དུ་"
1206387,1209018,2631,"ཞི་གནས་དང་ལྷག་མཐོང་། ཕྱག་ཆེན་དང་རྫོགས་ཆེན། "
1209018,1209936,918,"དབུ་མའི་སྒོམ་རིམ། "
1209936,1211439,1503,"དེ་རྣམས་ཀྱིས་གཏན་ལ་ཕབ་ན།"
1211439,1214136,2697,"སྤྲོས་པ་ཐམས་ཅད་དང་བྲལ་བའི་ཉེ་བར་ཞི་བའི་ངོ་བོ་འདི།"
1214136,1216937,2801,"གནས་ལུགས་རྟོགས་འོང་རྒྱུ་རེད། དེ་ནས། གནས་ལུགས་རྟོགས་པ་དེ་ཡི་"
1216937,1218322,1385,"སྟེང་ལ་བཞག་བཞག་ན།"
1218322,1221179,2857,"ཆོས་་་་ རྣམ་ཀུན་མཆོག་ལྡན་གྱི་སྟོང་ཉིད་ཟེར་མཁན་འདི་རྟོགས་འོང་རེད།"
1221179,1223581,2402,"རྣམ་ཀུན་མཆོག་ལྡན་གྱི་སྟོང་ཉིད་འདི་རྟོགས་སོང་ན།"
1223581,1225410,1829,"འདིའི་ངོ་བོ་ལ་སྐྱོན་བསལ་རྒྱུ་ཡོད་མ་རེད།"
1225410,1226802,1392,"ཡོན་ཏན་རྫོགས་རྒྱུ་ཡོད་མ་རེད།"
1226802,1229082,2280,"དཱ། དེ། མཐར་ཐུག་སྒྲ་ཇི་བཞིན་དུ་རྟོགས་ན།"
1229082,1231914,2832,"རྒྱུ་མཚན་ཉིད་ཐེག་པའི་ལམ་ནས་ཆ་བཞག་ན། དེ།"
1231914,1235763,3849,"མཐོང་བ། ས་དང་པོ་ཡི་བདེན་པ་མངོན་སུམ་དུ་མ་ཐུབ་བར་དུ་རྟོགས་ཐུབ་ཀྱི་མ་རེད།"
1235763,1238004,2241,"དེ་ནས། གསང་སྔགས་རྡོ་རྗེ་ཐེག་པའི་ལམ་ཞིག་ཡིན་ན།"
1238004,1239980,1976,"གསང་སྔགས་ཐབས་ ཟབ་སོང་རྫི་ཡི་"
1239980,1241908,1928,"སྐལ་པ་དང་ལྡན་པའི་གང་ཟག་ཅིག་ཡིན་ན།"
1241908,1244593,2685,"བླ་མ་སངས་རྒྱས་སུ་མཐོང་བའི་མོས་གུས་དང་ལྡན་པ་ཡོད།"
1244593,1246113,1520,"དེ་ནས་དབུ་མའི་སྒོམ་རིམ།"
1246113,1249191,3078,"ཕྱག་ཆེན་རྫོགས་ཆེན་གྱི་མན་ངག་ལ་བརྟེན་ན། ད་ལྟ།"
1249191,1254279,5088,"རྣམ་གྲངས་མ་ཡིན་པའི་དོན་དམ་བདེན་པ། ཐེག་ཆེན་འགོག་བདེན་མཐར་ཐུག་པ་འདི་ཧ་ལམ་ཉམས་མྱོང་གི་སྒོ་ནས་"
1254279,1255678,1399,"དཱ། འདི་ཞིག་རྟོགས་འོང་ན།"
1255678,1258246,2568,"དེ་ནས། ཉམས་མྱོང་དེ། རིམ་པ་བཞིན་དུ་ཡར་གདེང་ཁེལ་འགྲོ་དུས། "
1258246,1260244,1998,"བློ་ལས་འདས་པའི་ཡེ་ཤེས་རྗེན་པ་"
1260244,1261246,1002,"ཐུག་འགྲོ་ཡི་རེད་དུས།"
1261246,1264662,3416,"དེ་ཐུག་སོང་ན། དེ་ལམ་ཐམས་ཅད་ཀྱི་སྙིང་པོ་མཐར་ཐུག་པ་ཡིན་དུས།"
1264662,1268238,3576,"དེ་ལྟར་ཡིད་ལ་ངེས་པར་བྱའོ་ཞེས་གསུངས་སོ།།"
1268238,1271088,2850,""
1271088,1274611,3523,"་་་མནྡྷ་ར་དང་ལྷར་བཅས་གནོད་སྦྱིན་དང་། གདེངས་ཀ་་་་"
1274611,1279563,4952,"་་་སྙམ་དུ་སེམས་ཅན་མ་ལུས་པ་ཐམས་ཅད་བདག་ཅག་རྣམས་ཀྱི་ཕ་མ་མ་བྱས་པ་གཅིག་ཀྱང་མེད།"
1279563,1281505,1942,"ཕ་མ་བྱེད་པའི་དུས་སུ།"
1281505,1284062,2557,"ད་ལྟ་རྩ་བའི་ཕ་མ་བཞིན་དུ། ཟས་ཀྱི་ཕུལ་བྱིན།"
1284062,1288750,4688,"གོས་ཀྱི་རྩེ་གཡོགས། ཤིན་ཏུ་བྱམས་པའི་སེམས་ཀྱིས་བསྐྱེད་བསྲིངས་བའི་དྲིན་ཆེན་ཤ་སྟག་ཏུ་གྱུར་བ་ཡིན།"
1288750,1290882,2132,"དེ་དག་ཐམས་ཅད་འདོད་པ་བདེ་བ་འདོད་ཀྱང་། "
1290882,1293434,2552,"བདེ་བའི་རྒྱུ་ཡང་དག་པ་དགེ་བ་སྒྲུབ་མི་ཤེས།"
1293434,1298226,4792,"མི་འདོད་པ་སྡུག་བསྔལ་མི་འདོད་ཀྱང་། སྡུག་བསྔལ་གྱི་རྒྱུ་སྡིག་པ་མི་དགེ་བ་འབའ་ཞིག་ལ་སྤྱོད།"
1298226,1300603,2377,"ཞེ་འདོད་དང་ལག་ལེན་ཕྱིན་ཅི་ལོག་ཏུ་གྱུར་ཏེ།"
1300603,1302917,2314,"ལོང་བ་ཞིང་གི་ཐོག་ཏུ་བྱོན་པ་ལྟ་བུའི་"
1302917,1304856,1939,"སེམས་ཅན་འདི་ཐམས་ཅད་སྙིང་རེ་རྗེ།"
1304856,1307669,2813,"སྙིང་རྗེ་བས་ཚུར་བཞག་པ་ཙམ་གྱིས་མི་ཕན་ཏེ།"
1307669,1311045,3376,"བདག་གིས་ད་རེས་དལ་འབྱོར་བཅོ་བརྒྱད་ལྡན་པའི་མི་ལུས་རིན་པོ་ཆེ་ཐོབ།"
1311045,1314403,3358,"སངས་རྒྱས་ཀྱི་བསྟན་པ་རིན་པོ་ཆེ་ཡོད་པའི་ཡུལ་དུ་སྐྱེས།"
1314403,1317274,2871,"དགེ་བའི་བཤེས་གཉེན་མཁས་གྲུབ་དུ་མས་རྗེས་སུ་བཟུང་ཏེ།"
1317274,1321498,4224,"དམ་པའི་ཆོས་ལ་ཐོས་བསམ་སྒོམ་གསུམ་བྱེད་པའི་སྐལ་པ་དང་ནི་ལྡན་པའི་སྐབས་འདིར།"
1321498,1325563,4065,"དེ་ནས། མ་རྒན་སེམས་ཅན་དེ་ཐམས་ཅད་རྫོགས་པའི་སངས་རྒྱས་ཀྱི་གོ་འཕང་ཐོབ་པར་བྱ།"
1325563,1328400,2837,"དེ་ཐོབ་པར་བྱ་བའི་ནུས་པ་བདག་ལ་མི་འདུག་སྟེ།"
1328400,1331931,3531,"མེད་ནའང་བསམ་པ་བཟང་པོ་བྱང་ཆུབ་སེམས་ཀྱི་ཀུན་ནས་སློང་བ་དང་"
1331931,1332971,1040,"བཅས་པའི་སྒོ་ནས་"
1332971,1336027,3056,"དམ་པའི་ཆོས་ལ་ཐོས་བསམ་སྒོམ་གསུམ་ཚུལ་བཞིན་བྱས་ཏེ།"
1336027,1339041,3014,"ལས་གང་བྱས་པ་ཐམས་ཅད་"
1339041,1342614,3573,"མཁའ་ཁྱབ་སེམས་ཅན་ཐམས་ཅད་འཁོར་བ་དང་ངན་སོང་གི་སྡུག་བསྔལ་ལས་གྲོལ་ཏེ།"
1342614,1346016,3402,"ཞི་བདེ་བླ་ན་མེད་པ་བྱང་ཆུབ་རིན་པོ་ཆེའི་གོ་འཕང་འཐོབ་པའི་ཆེད་ཡིན་"
1346016,1348435,2419,"སྙམ་པ་ཡི་བསམ་པ་རྣམ་པར་དག་པ་ཞིག་ཡོད་ན།"
1348435,1351397,2962,"ཀུན་སློང་བཟང་པོ་བྱང་ཆུབ་ཀྱི་སེམས་ཞེས་བྱ་བ་ཡིན་པས་ན།"
1351397,1354446,3049,"ཆོས་ཉན་པ། འཆད་པ། སྒྲུབ་པ།"
1354446,1356396,1950,"གང་དང་གང་ཞིག་བྱེད་ནའང་"
1356396,1359318,2922,"དེའི་དུས་སུ་ཐོག་མར། བསམ་པ་དགེ་དང་མི་དགེའི་བྱེ་བྲག་ལས། །"
1359318,1361165,1847,"དགེ་སྡིག་གཟུགས་བརྙན་ཆེ་ཆུང་རྗེས་མི་འགྲོ། །"
1361165,1362886,1721,"གསུངས་པ་ལྟ་བུ་ཀུན་སློང་བཅོས།"
1362886,1364775,1889,"དེའི་རྗེས་སུ་"
1364775,1366727,1952,"ཆོས་གསན་པའི་ཀུན་ཏུ་སྤྱོད་པའང་"
1366727,1369702,2975,"མདོ་རྒྱུད་བསྟན་བཅོས་དྲི་མ་མེད་པ་རྣམས་ལས་ཇི་སྐད་གསུངས་པ་བཞིན་དུ་"
1369702,1372068,2366,"ལེགས་པར་གསལ་བཏབ་སྟེ་གསན་པར་གནང་བར་ཞུ།"
1372068,1374874,2806,"དེ་ལ་གང་གསན་བྱའི་ཆོས་ཀྱི་རིམ་པ་དེ་ལ།"
1374874,1376725,1851,"དེ་ནས། སངས་རྒྱས་བཅོམ་ལྡན་འདས་ཀྱིས།"
1376725,1380083,3358,"བསྟན་པ་མ་ནུབ་པ། འཇིག་རྟེན་གྱི་ཁམས་འཛམ་བུ་གླིང་འདི་ལ་"
1380083,1381766,1683,"གནས་སོང་རྫི་གི་དབང་དུ་"
1381766,1384267,2501,"ཟབ་ཅིང་རྒྱ་ཆེ་བའི་མདོ་སྔགས་དུ་མ་ཡོད་ནའང་།"
1384267,1387859,3592,"དེ་དག་གང་ཟག་གཅིག་གིས་འཚང་རྒྱ་བའི་ལམ། གནད་གཅིག་ཏུ་སྒྲུབ་ན།"
1387859,1389809,1950,"ཚིག་ཉུང་ལ་དོན་ཟབ་པ་"
1389809,1391627,1818,"ཉམས་སུ་ལེན་པ་ལ། ལམ་གྱི་རིམ་པ་ཀུན་མཁྱེན་"
1391627,1393403,1776,"བླ་མ་མཁྱེན་བརྩེ་དབང་པོའི་གསུང་"
1393403,1396261,2858,"ལམ་རིམ་བདུད་རྩི་སྙིང་པོ་འདི་ཉིད་ཀྱི་"
1396261,1397910,1649,"འགྲེལ་བའི་ཐོག་ནས་"
1397910,1399691,1781,"འཆད་ཉན་འབུལ་བར་བྱེད་པ་དེ་ལ། "
1399691,1402518,2827,"ཐོག་མ་ལ་འཇུག་པ་སླད་ཀྱི་དོན་དེ་ཉིད་སོང་སྟེ།"
1402518,1404105,1587,"བརྩམ་པར་བྱ་བ་གཞུང་གི་དོན་"
1404105,1405666,1561,"བཤད་པ་དེ་ལ། "
1405666,1408434,2768,"རྒྱས་པར་བཤད་པ་དང་མདོར་བསྡུས་པ་གཉིས་ཡོད་པའི་ནང་ནས།"
1408434,1410695,2261,"དང་པོ་རྒྱས་པར་བཤད་པ་དེ་ལའང་གཉིས་ཏེ།"
1410695,1412665,1970,"ཐུན་མོང་ཕ་རོལ་ཏུ་ཕྱིན་པའི་ལམ་དང་།"
1412665,1416060,3395,"ཁྱད་པར་སྔགས་ཀྱི་ལམ་ལ་སློབ་པའི་ཚུལ་གཉིས་ཡོད་པའི་ནང་ནས།"
1416060,1419077,3017,"དང་པོ་ཐུན་མོང་ཕ་རོལ་ཏུ་ཕྱིན་པའི་ལམ་བཤད་པ་དེ་ལའང་"
1419077,1421319,2242,"ཐོག་མ་དེ་ལ་བཤེས་གཉེན་བསྟེན་ཚུལ་དང་།"
1421319,1423976,2657,"བསྟེན་ནས་བློ་ཇི་ལྟར་སྦྱོང་བའི་ཚུལ་"
1423976,1427790,3814,"གཉིས་ཀྱི་ནང་ནས། ལམ་གྱི་རྩ་བ་བཤེས་གཉེན་བསྟེན་ཚུལ་སོང་ཟིན།"
1427790,1431087,3297,"གཉིས་པ་བསྟེན་ནས་ལམ་ཇི་ལྟར་སྦྱོང་བའི་ཚུལ།"
1431087,1434346,3259,"ལམ་ཐམས་ཅད་མདོར་བསྡུས་ན་བསླབ་པ་གསུམ་དུ་བསྡུ་བའི་ཚུལ་དང་།"
1434346,1436458,2112,"བསླབ་པ་གསུམ་པོ་དེ་ཉམས་སུ་ལེན་པ་ལ་"
1436458,1439014,2556,"ལྟ་སྤྱོད་གཉིས་ཀྱི་སྒོ་ནས་དག་པར་བྱ་བའི་"
1439014,1440904,1890,"ཚུལ་བཤད་པ་གཉིས་ཡོད་པའི་ནང་ནས་"
1440904,1442923,2019,"ལྟ་བ་རྣམ་པར་དག་པ་དེ་ལའང་།"
1442923,1445101,2178,"ལྟ་སྤྱོད་གཉིས་ཀྱིས་བསྟན་པ་དེ་ལའང་།"
1445101,1447573,2472,"མདོར་བསྟན་པ་དང་རྒྱས་པར་བཤད་པ་གཉིས་ཀྱི་ནང་ནས།"
1447573,1449288,1715,"མདོར་བསྟན་པ་སོང་ཟིན།"
1449288,1450674,1386,"གཉིས་པ་རྒྱས་པར་བཤད་པ་ལ།"
1450674,1454324,3650,"ལྟ་བ་རྣམ་པར་དག་པས། གང་ཟག་དང་ཆོས་ཀྱི། ཅིག། བདག་ཐམས་ཅད་"
1454324,1458179,3855,"བདེན་མེད་སྟོང་ཉིད་ཀྱི་རང་བཞིན་དུ་གཏན་ལ་ཕབ་པའི་རིམ་པ་"
1458179,1461197,3018,"ཁ་སང་གི་སྐབས་ལ་ལེགས་པར་ཕུལ་གྲུབ་སྟེ།"
1461197,1463437,2240,"དེ་རིང་གི་སྐབས་སུ་བབས་པར་འགྱུར་བ་དེ་ལ། "
1463437,1466693,3256,"གཉིས་པ་སྤྱོད་པ་རྣམ་པར་དག་པའི་ཚུལ་བཤད་པ་དེ་རེད་དུས།"
1466693,1469885,3192,"ཚུལ་དེའི་རང་བཞིན་མ་རྟོགས་པའི། །རྨི་ལམ་ལྟ་བུའི་འགྲོ་ཀུན་ལ། །"
1469885,1473043,3158,"སྙིང་རྗེ་སྒྱུ་མའི་ངང་ཚུལ་གྱིས། །བྱང་ཆུབ་གོ་འཕང་བསྙེན་པ་ན། །"
1473043,1474531,1488,"ཞེས་གསུངས་པ་སྟེ།"
1474531,1478747,4216,"ཐོག་མ་ཉིད་དུ། ལམ་ཐམས་ཅད་ཀྱི་རྩ་བ་དང་སྙིང་པོ།"
1478747,1482099,3352,"ཐམས་ཅད་མཁྱེན་པའི་གོ་འཕང་སྒྲུབ་བྱེད་ཀྱི་རྩ་བ་"
1482099,1483326,1227,"ལྟ་བ་རེད་དུས། "
1483326,1485391,2065,"ལྟ་བ་རྣམ་པར་དག་པ་ཅན་ཞིག་གིས་"
1485391,1487591,2200,"རང་གཞན་ཚུལ་བཞིན་དུ་རེད་ཚར་ན།"
1487591,1488877,1286,"ལྟ་བ་འདི་གྲོགས་རེད།"
1488877,1493394,4517,"ལྟ་བ་་་་་་་འདི་དང་། ལྟ་བ་དང་སྤྱོད་པ་ཟུང་འཇུག་རེད་སོང་ན། འདིའི་"
1493394,1496156,2762,"ཚུལ་གྱིས་སྤྱོད་པ་བསྟན་པ་དེ་རེད།"
1496156,1499285,3129,"དེ་ནས། ཚུལ་འདི། སྤྱོད་པ་ཇི་ལྟ་བུ་ཅན་ཞིག་དགོས་རེད་ཟེར་ན།"
1499285,1500767,1482,"སྤྱིར་ཐེག་པ་རིམ་པ་"
1500767,1504980,4213,"རྣམ་པ་གསུམ་པོ། མདོ་སྔགས་ཀྱི་ཆོས་ཐམས་ཅད་ལས་སྤྱོད་པའི་རྣམ་གྲངས་དུ་མ་བསྟན་ན་ཡང་།"
1504980,1507444,2464,"དབང་པོ་མཆོག་དམན་ཐམས་ཅད་ཀྱི་སྤྱོད་པ་"
1507444,1509513,2069,"ཉམས་སུ་ལེན་བྱ་དེ་གསུང་རྒྱུ་རེད་དུས།"
1509513,1513373,3860,"དེའི་ཕྱིར་ན། ཚུལ་གོང་དུ་བཤད་པ་དེ་ལྟ་བུའི་ཆོས་ཐམས་ཅད་"
1513373,1516326,2953,"གང་ཟག་དང་ཆོས་ཀྱི་བདག་མེད་པ་ཡི་སྟོང་ཉིད་ཀྱི་"
1516326,1518880,2554,"ངོ་བོ་མཐར་ཐུག་པ་མངོན་དུ་གྱུར་ཚར་དུས།"
1518880,1520913,2033,"དེ་ནས། རང་གིས་སྟོང་ཉིད་མངོན་སུམ་དུ་རྟོགས་ཏེ་"
1520913,1522882,1969,"བྱང་ཆུབ་ཀྱི་ལམ་མ་ནོར་བ་ལ་ཞུགས་ནས།"
1522882,1525688,2806,"རང་གི་རྟོགས་པའི་ཚུལ་དེ་ལས་བསོད་ནམས་དང་།"
1525688,1530375,4687,"ཁམས་གསུམ་གྱི་སེམས་ཅན་ཐམས་ཅད་ཀྱིས་ཆོས་ཉིད་ཟབ་མོའི་དོན་འདི་སྒྲ་ཇི་བཞིན་དུ་མ་རྟོགས་དུས།"
1530375,1532967,2592,"དེའི་ཕྱིར་ན། ཟབ་མོ་སྟོང་པ་ཉིད་མ་རྟོགས།"
1532967,1534992,2025,"མ་རྟོགས་པའི་སྟེང་ལ་ཡང་། ད་རུང་ཡང་།"
1534992,1538285,3293,"ཆོས་ཐམས་ཅད། ཁར་རྩང་འཁྲུལ་པའི་སྣང་བའི་སྐབས་སུ་བསྟན་པ་ལྟར།"
1538285,1540430,2145,"དངོས་པོ་དང་མཚན་མར་ཞེན་པའི་བློ་ཡི་"
1540430,1542918,2488,"སྒོ་ནས་ཁམས་གསུམ་འཁོར་བ་ལ་འཁྱམས་ནས།"
1542918,1545052,2134,"དེ་ནས། འཁྱམ་རྫི་ཡི་རྩ་བ་གང་རེད་ཟེར་ན།"
1545052,1549490,4438,"ཆོས་ཐམས་ཅད་རྣམ་ཀུན་མཆོག་ལྡན་གྱི་སྟོང་པ་ཉིད་ཀྱི་ངོ་བོ་ལས་མ་འདས་པ་ཡིན་ནའང་།"
1549490,1550975,1485,"སྟོང་ཉིད་ཀྱི་རང་ས་དེ་ནས་"
1550975,1554021,3046,"ཐོག་མ་ང་། ཞེས་པ་འདི་ང་མེད་པ་ལ་ང་ཞིག་"
1554021,1555337,1316,"བདག་ཏུ་བཟུང་འོང་དུས།"
1555337,1558358,3021,"དེ་ནས། ང་། བསམ་ནས་ཀྱི་བདག་དེའམ། ང་འདི་ལ་བརྟེན་ཏེ།"
1558358,1561654,3296,"ང་ཡི་ལུས། ང་ཡི་སེམས། ང་ཡི་མིང་ཟེར་མཁན་"
1561654,1565904,4250,"མིང་དོན་བདག་གསུམ་གྱི་ཅིག་ཆགས་སོང་ན། མིང་དོན་བདག་གསུམ་པོ་དེ་ལས་གཞན་པ་བྱས་དུས།"
1565904,1568168,2264,"དེ་ནས། དེ་ལ་ཕན་པར་བྱེད་པའི་གང་ཟག།"
1568168,1569591,1423,"ཕ་མ་དང་སྤུན་མཆེད་"
1569591,1571053,1462,"ལ་སོགས་པ་ཡོད་ན་"
1571053,1573456,2403,"དེ་ཐམས་ཅད་རང་གིས་གཉེན་དུ་མཐོང་སྟེ།"
1573456,1575304,1848,"དེ་ལ་ཆགས་པའི་སེམས་སྐྱེད།"
1575304,1578529,3225,"དེ་ལ་གནོད་པར་བྱེད་པའི་གང་ཟག་དང་། མི་མཐུན་པ་ཞིག་ཡོད་པ་ཡིན་ན།"
1578529,1580601,2072,"དེ་ཐམས་ཅད་སྡང་བའི་ཡུལ་དུ་བཟུང་སྟེ་"
1580601,1582005,1404,"དགྲ་ཡི་ཡུལ་དུ་བཟུང་།"
1582005,1585117,3112,"དེ་ཆགས་སྡང་གཉིས་པོ་ཡོད་རྫི་ཡི་རྩ་བ་འདི་གང་རེད་ཟེར་ན།"
1585117,1588724,3607,"དེ་ནས། ཆོས་ཐམས་ཅད་ཀྱི་གནས་ལུགས། སྟོང་པ་ཉིད་དེ། མངོན་སུམ་དུ་མ་རྟོགས་དུས་"
1588724,1590710,1986,"འཁྲུལ་པའི་མ་རིག་པས་གཞི་བྱེད་སོང་ཚར་དུས།"
1590710,1592062,1352,"ལུས་ལ་ལུས་དབང་ཇི་བཞིན་དུ། །"
1592062,1595175,3113,"གཏི་མུག་ཀུན་ན་གནས་འགྱུར་ཏེ། །དེ་ཕྱིར་ཉོན་མོངས་ཐམས་ཅད་ཀྱང་། །"
1595175,1596617,1442,"གཏི་མུག་བཅོམ་པས་ཆོམ་པར་འགྱུར། །ཟེར་"
1596617,1600439,3822,"ནས། ཉོན་མོངས་བརྒྱད་ཁྲི་བཞི་སྟོང་གི་རྩ་བ་ས་བོན་འདྲ་འདི་གཏི་མུག་མ་རིག་པ་རེད་དུས།"
1600439,1602856,2417,"དེ་ནས། ང་དང་ང་ཡིར་འཛིན་པ་དེ་གཉིས་ཀྱིས།"
1602856,1604874,2018,"དེ་ལ་བརྟེན་ཏེ་ཆགས་སྡང་རྨོངས་གསུམ་ཆགས།"
1604874,1606982,2108,"ཆགས་སྡང་རྨོངས་གསུམ་བྱས་དུས། འདིས་ང་ཡི་"
1606982,1609571,2589,"གཉེན་དང་གྲོགས། ཆགས་པའི་ཡུལ་དེ་དག་ཐམས་ཅད་ལ་"
1609571,1611363,1792,"ཕན་པའི་སེམས་ཀྱིས་འཇིག་རྟེན་ཚེ་འདི་ལ་"
1611363,1613937,2574,"ཟས་གོས་འབྱོར་བ་ནོར་དང་ལོངས་སྤྱོད་"
1613937,1616079,2142,"བདེ་སྐྱིད་ཕུན་སུམ་ཚོགས་པ་ཆེད་དུ་བསྒྲུབས།"
1616079,1620001,3922,"ཆེད་དུ་བསྒྲུབས་པ་དེ་ལས་འཇིག་རྟེན་འཁོར་བ་ཀུན་མཐུན་པ་དང་བཅས་པའི་སྒོ་ནས།"
1620001,1622216,2215,"བསག་དང་སྲུང་དང་རླག་པའི་སྡུག་བསྔལ་ཅན། །ནོར་ནི་"
1622216,1625829,3613,"ཕུར་གྲོལ་མཐའ་ཡས་ཤེས་པར་བྱ། །ཞེས་པ་ལྟ་བུའི་སྒོ་ནས། ནོར་རེད།"
1625829,1630476,4647,"ས་ཞིང་། ཁང་ཁྱིམ། ཡུལ་རི་ལ་སོགས་པ། དེ་ལྟ་བུ་བདག་ཏུ་བཟུང་།"
1630476,1633620,3144,"ནོར་འཐབ་ཀྱི་དགྲ་བོ་་་་་། གནོད་པར་བྱེད་པའི་ཐབས་དུ་མ་འདི་ཡིས།"
1633620,1636124,2504,"ཞེ་སྡང་གིས་གཡོ་སྒྱུ་ལ་སོགས་པ་བསྐོལ་དུས།"
1636124,1640293,4169,"དེ་ནས། གསར་དུ་ཁམས་གསུམ་འཁོར་བའི་ལས་བསག་རྫི་ཡི་རྩ་བ་ཆགས་སྡང་རྨོངས་གསུམ་འདི་རེད།"
1640293,1643601,3308,"དེ། ཆགས་སྡང་རྨོངས་གསུམ་གྱི་ལས་བསགས་པའི་གང་ཟག་དེ་དག་ཐམས་ཅད།"
1643601,1646971,3370,"ཡང་དག་པ། ལམ་མ་ནོར་བ་རྟོགས་པའི་གང་ཟག་ཞིག་གིས་བལྟས་ན།"
1646971,1650826,3855,"དེ་ནས། ཁམས་གསུམ་འཁོར་བ། སྡུག་བསྔལ་གྱི་རྒྱ་མཚོར་འཁྱམ་འགྲོ་བའི་སེམས་ཅན་དེ་ཐམས་ཅད།"
1650826,1654136,3310,"ཚུར་ཞིག་རྣ་བར་གྱུར་བ་དེ་ལས། གྲངས་མང་ཉུང་འདི་ཙམ་ཞིག་རེད། "
1654136,1656182,2046,"འདི་ཚུན་ཆོད་རེད། འདི་ཕན་ཆོད་རེད། ཟེར་"
1656182,1659602,3420,"མཐའ་མེད་པ་ཡི་ཁམས་གསུམ་འཁོར་བ་ནི། དམྱལ་བ་ནི་ཚ་གྲང་།"
1659602,1661030,1428,"ཡི་དྭགས་ལ་བཀྲེས་སྐོམ།"
1661030,1662262,1232,"དུད་འགྲོ་ལ་བཀོལ་སྤྱོད།"
1662262,1663658,1396,"མི་ལ་སྐྱེ་རྒ་ན་འཆི།"
1663658,1664814,1156,"ལྷ་མ་ཡིན་འཐབ་རྩོད།"
1664814,1667585,2771,"ལྷ་འཕོ་ལྟུང་ལ་སོགས་པའི་སྡུག་བསྔལ་སྣ་ཚོགས་པ་འདིས་"
1667585,1668851,1266,"མང་པོ་ཞིག་མནོན་གྱི་རེད།"
1668851,1671501,2650,"དེ་ལྟ་བུའི་སྡུག་བསྔལ་གྱི་རྒྱུ་དང་འབྲས་བུ་ཐམས་ཅད་ཡང་།"
1671501,1674529,3028,"དངོས་གནས། ཁ་སང་སྔོན་གྱི་རིགས་པ་ལྟ་བུ་ཞིག་གིས་དཔྱད་བཞག་ན།"
1674529,1676614,2085,"བདེན་པར་གྲུབ་པ་གཏན་ནས་ཡོད་རྒྱུ་མ་རེད་དུས།"
1676614,1678179,1565,"བདེན་པར་གྲུབ་པ་མེད་ནའང་།"
1678179,1680826,2647,"དེ། འཁྲུལ་སྣང་དེ་ལ་བདེན་པར་བཟུང་བའི་སྣང་བ་དེ།"
1680826,1682362,1536,"རྒྱུ་འབྲས་རྟེན་འབྲེལ་མེད་ཟེར་"
1682362,1684307,1945,"སུས་ཀྱང་བཀག་པ་ཡོད་རྒྱུ་མ་རེད་དུས།"
1684307,1687471,3164,"དེའི་ཕྱིར་ན། མེད་སྙམ་སྙམ་འདིའང་། རྨི་ལམ་ལྟ་བུའི་དབང་གིས།"
1687471,1690527,3056,"དེ་ནས། ཀུན་རྫོབ་ཏུ་སྣང་བ། སྣང་ཚུལ་སྣོད་བཅུད་ཀྱི་ཆོས་དེ་ཐམས་ཅད་"
1690527,1691911,1384,"བདེན་གྲུབ་ཅིག་ཏུ་བཟུང་།"
1691911,1693547,1636,"བདེན་གྲུབ་བཟུང་བ་དེ་ལས་བརྟེན་ཏེ།"
1693547,1695087,1540,"དགེ་སྡིག་གི་ལས་མང་པོ་བསགས།"
1695087,1696256,1169,"རྒྱུ་ལས་ཅིག་བསགས་ཚར་དུས།"
1696256,1699062,2806,"དེ་ནས། འབྲས་བུའི་བདེ་སྡུག་ལ་སྣང་མི་འོང་གི་ཐབས་ཡོད་མ་རེད།"
1699062,1701476,2414,"དཔེར་ན་མཁྲིས་པའི་ནད་མནར་སོན་པའི་གང་ཟག་ཞིག་གིས་"
1701476,1702281,805,"དུང་ལ་བལྟས་ན།"
1702281,1705533,3252,"དུང་སེར་པོ་ཞིག་མ་གཏོགས། དཀར་པོ་ཁྱོན་ནས་མཐོང་བའི་ཐབས་ཡོད་མ་རེད།"
1705533,1708203,2670,"དེ། ང་ཚོ་ཐམས་ཅད་འཁྲུལ་སྣང་རང་རྒྱུད་པ་ལ་སྤྱོད་བསྡད་དུས།"
1708203,1711167,2964,"དེ་རེད་དུས། འགོ་ནས་ཉམས་སུ་ལེན་པའི་འགྲོ་བ་ཀུན།"
1711167,1714050,2883,"དེ་ནས། འགྲོ་བ་སེམས་ཅན་ཐམས་ཅད་མེད་པར། འཁྲུལ་ཤིང་རྨོངས་དུས།"
1714050,1717346,3296,"དཔེར་ན་ལོང་བ་མིག་མེད་མཁན་ཞིག། ཐང་ཆེན་པོ་ཞིག་གི་དབུས་ན་"
1717346,1718907,1561,"ལམ་ཁྲིད་མེད། འགྲོ་བསྡད་སོང་ན།"
1718907,1721588,2681,"ལོང་བ་ཁོ་རང་། སེམས་ཀྱིས་ག་ན་འགྲོ་བསམ་ས་དེ་ན།"
1721588,1723818,2230,"ཕྱི་ལོགས་སྣང་སྲིད་བསྐོར་ནའང་འགྲོ་ཤེས་ཀྱི་མ་རེད།"
1723818,1725407,1589,"སོང་ན་སླེབས་ཀྱི་ལྷ་མ་རེད།"
1725407,1728630,3223,"དེ་ནས། ནང་ལ་ཆགས་སྡང་རྨོངས་གསུམ་ལ་སོགས་པ་ཡི་ནང་སྡོད།"
1728630,1730580,1950,"སྡུག་བསྔལ་གྱི་ཚོར་བ་ཆེན་པོ་མྱོང་འོང་རྒྱུ་རེད།"
1730580,1733208,2628,"དཔེ་དེ་བཞིན་དུ། ཁམས་གསུམ་སེམས་ཅན་དེ་ཐམས་ཅད་ཀྱིས།"
1733208,1737401,4193,"སེམས་ཀྱིས་བསམ་རྒྱུ་ན། བདེ་བ་ཞིག་ཐོབ་ན། འཇོན་དགོས་བསམ་པའི་ཡན་ཆོད་གི། དྲན་གྱི་ཡོད་རེད་དེ།"
1737401,1739849,2448,"བདེ་བའི་རྒྱུ་དགེ་བ་དེ་སྒྲུབ་ཤེས་ཀྱི་ཡོད་མ་རེད།"
1739849,1741718,1869,"དགེ་བ་དེ་དང་དུ་ལེན་ཤེས་ཀྱི་ཡོད་མ་རེད།"
1741718,1743848,2130,"དགེ་བ་ཅུང་ཟད་ཙམ་ཞིག་བསྒྲུབས་ནའང་།"
1743848,1746401,2553,"རང་གཤིས་ངན་པ། ཐོག་མེད་ནས་ད་ལྟ་ཡན་ཆོད་དུ་"
1746401,1750665,4264,"ཤོག་འདྲིལ་རྒན་བ་རེ་སྦངས་སོང་རྫི་ཡི། སྡིག་པ་དང་འདྲེས་སོང་བ་ཁོ་ན་སྤྱད་དུས་ཙ་ནས།"
1750665,1753350,2685,"དེ་ནས། དུས་རྟག་ཏུ་ལམ་ནོར་འགོལ་བར་འཁྱམ་སོང་རྒྱུ་རེད།"
1753350,1754783,1433,"སྡུག་བསྔལ་འདོད་ཀྱི་ཡོད་མ་རེད་དེ།"
1754783,1756660,1877,"སྡུག་བསྔལ་རྒྱུ་འདི་སྡིག་པ་རེད།"
1756660,1759950,3290,"སྡིག་པ་འདི་སྡུག་བསྔལ་གྱི་རྒྱུ་ཡིན་པར་མི་ཤེས། དང་དུ་ལེན་ནས།"
1759950,1763706,3756,"སེམས་ཀྱིས་འདོད་རྒྱུ་དང་། ལག་ཏུ་ལེན་རྒྱུ་གཉིས་ཕྱིན་ཅི་ལོག་ཏུ་གྱུར་བས། ཡང་།"
1763706,1765035,1329,"སེམས་ཅན་ཐམས་ཅད་ལས། འདི་ཟེར་"
1765035,1769002,3967,"སེམས་ཅན་དེ་ཐམས་ཅད་ལས། དགག་སྒྲ་དང་དགོང་ནས་བཤད་པ་ལྟ་བུའི་འཁྲུལ་པར་སྣང་བ།"
1769002,1770500,1498,"དེ་ལ་ནི། ངས་ཕན་པར་བྱེད་དགོས་ཀྱི་འདུག།"
1770500,1771922,1422,"དེ་དགའ་བ་ཡི་གཉེན་རེད།"
1771922,1774732,2810,"དེ་ལ་གནོད་པ་བྱེད་དགོས། ངའི་སྡང་བའི་ཡུལ་རེད་བསམ། "
1774732,1776194,1462,"ཆགས་སྡང་གཉིས་སུ་འཛིན་ཚར་ན།"
1776194,1778741,2547,"དེ་ནས། བྱང་ཆུབ་སེམས་པའི་སྤྱོད་པ་དང་རྒྱབ་འགལ་རེད།"
1778741,1780993,2252,"དེ་མ་ཡིན་པར། སེམས་ཅན་འདི་ཐམས་ཅད། དངོས་གནས།"
1780993,1784695,3702,"ཐོག་མ། འཁོར་བར་འཁྱམས་པས་མཚོན་ཏེ། འགོ་འདི་ལྟ་བུ་ཞིག་རེད།"
1784695,1787100,2405,"བསྐལ་པ་ཡང་འདི་ཙམ་ཞིག་སོང་རེད།"
1787100,1788969,1869,"གྲངས་ཀ་འདི་ཙམ་ཞིག་རེད་ཟེར་ནས།"
1788969,1793697,4728,"ཐམས་ཅད་མཁྱེན་པ་སངས་རྒྱས་ཀྱི་ཡེ་ཤེས་ཀྱི་སྤྱོད་ཡུལ་དུ་འགྱུར་བ་མ་གཏོགས། ཅིག་གིས་ཚད་བཟུང་ནུས་ཀྱི་མ་རེད།"
1793697,1795062,1365,"འདི་ཚད་བཟུང་མ་ནུས་དུས།"
1795062,1800190,5128,"དེ་ནས། འཁོར་བ་ལས་སྐྱེ་རྒ་ན་འཆི་ཡི་སྡུག་བསྔལ་ཞིག་མི་མྱོང་བའི་འཁོར་བའི་གནས་རིས་གང་དུ་ཡིན་ནའང་ཡོད་མ་རེད།"
1800190,1803091,2901,"སྐྱེ་རྒ་ན་འཆི་ཡི་སྡུག་བསྔལ་མྱོང་ཚུལ་ཟེར། འདི་ནང་།"
1803091,1806752,3661,"སྒོང་སྐྱེས་དང་། མངལ་སྐྱེས། དེ་ནས། དྲོད་གཤེར་སྐྱེས། ཕལ་ཆེ་བ་དེ།"
1806752,1809195,2443,"ཕ་མ་ལ་བརྟེན་ནས་མ་སྐྱེས་པ། ཅིག་ཀྱང་ཡོད་མ་རེད།"
1809195,1814540,5345,"དེའི་ཕྱིར་ན། ད་ལྟ་ལུས་རྟེན་འདི་ཡི་སྟེང་དུ། རང་ལ་གནོད་པར་བྱེད་པའི་དགྲ་ཡིན་བསམ། ཁམ་གྱིས་འཛུམ་བལྟས།"
1814540,1818192,3652,"འདིའི་ཤ་ཁ་སྒང་བཟོས་བཞག་ནའང་སེམས་ཚིམ་ས་མེད། བསམ་པ་ལྟ་བུ་ཞིག་ཡོད་ནའང་།"
1818192,1820415,2223,"སྐྱེ་བ་སྔ་མར་རང་གི་ཕ་མ་རེད་བསྡད་ཡོད་རེད།"
1820415,1822423,2008,"ད་ལྟ། རང་གི་ཕ་མ་སྤུན་མཆེད་ཡིན་དུས། "
1822423,1824870,2447,"ད་ལྟ་སྲོག་འདི་ལོས་གཏོང་ཟེར་དུས། བརྩེ་གདུང་ཡོད་ན་ཡང་།"
1824870,1826440,1570,"སྐྱེ་བ་འདི་སྔ་མ་དང་།"
1826440,1829680,3240,"སྐྱེ་བ་རྗེས་མ་རྣམ་པ་མཐར་སོན་ལས། དགྲ་འོང་རྒྱུ་འཁོར་ན་ཤེས་ཀྱི་མ་རེད།"
1829680,1832234,2554,"དེ་ནི་མི་ཤེས་པའི་ཚུལ། འཕགས་པ་ཀ་ཏ་ཡ་ནས།"
1832234,1835058,2824,"ཕ་ཤ་ཟ་ཞིང་མ་ལ་རྡེག །སྡང་བའི་དགྲ་བོ་པང་ན་བཟུང་། །"
1835058,1837809,2751,"ཆུང་མས་ཁྱོ་ཡི་རུས་པ་འཆའ། །འཁོར་བའི་ཆོས་ལ་གད་མོ་བྲོ། །"
1837809,1838893,1084,"ཟེར་མཁན་དེ་རེད།"
1838893,1841885,2992,"ད་ལྟ། ང་ཚོ་ལྷན་ཅིག་ཏུ་གནས་ན། བླ་སློབ། སྤུན་མཆེད།"
1841885,1843917,2032,"ཆོས་གྲོགས་ཀྱི་ཚུལ་དུ་འཛོམས་བསྡད་ཡོད་པ་ཐམས་ཅད་ཀྱང་།"
1843917,1847928,4011,"སྐྱེ་བ་སྔ་མར། གཅིག་གིས་གཅིག་ལ་གནོད་པ་མང་པོ་ཞིག་བསྐྱེལ་ནས། དགྲ་རེད་བསྡད་རྫི།"
1847928,1849698,1770,"དེ་ནས། ད་ལྟ་སེམས་མཐུན་པོ་འདྲ་ཞིག་རེད། "
1849698,1852327,2629,"ཡང་། དེ་འདྲ། ལུས་དང་སེམས་འདིའི་དགྲ་འདི་ཤི་སོང་ན།"
1852327,1854669,2342,"རང་བསམ་པར་ཤར་བསྡད་ནའང་། མཐོ་རིས་དང་"
1854669,1856684,2015,"དག་པའི་ཞིང་ཁམས་ལ་སོགས་པར་མོས་ནའང་།"
1856684,1858828,2144,"དགེ་བ་མ་བྱེད་ན་དེ་ན་སླེབ་ཀྱི་མ་རེད།"
1858828,1861264,2436,"དེ་ནས། མ་སོང་ཚར་ན། འཁོར་བ་དང་ངན་སོང་།ཟེར་བ་"
1861264,1864346,3082,"སྡིག་པ་བྱས་ཚར་ན། དེ་ན་མི་བསྐོར་བའི་ཐབས་ཡོད་རྒྱུ་མ་རེད།"
1864346,1865165,819,"དེ་ཡིན་དུས་བཟུང་ཏེ།"
1865165,1867207,2042,"སྐྱེ་བ་ཕྱི་མ་ལ། ད་ལྟའི་དགྲ་ཐམས་ཅད་"
1867207,1870315,3108,"གཉེན་རེད། གཉེན་ཐམས་ཅད་དགྲ་ལ་བཟུང་བསྡད་ན་ཤེས་རྒྱུ་མ་རེད།"
1870315,1874859,4544,"དེའི་ཕྱིར་ན། དགྲ་གཉེན་གཉིས་སུ། སེམས་ཅན་་་་་་བ། འཁྲུལ་པའི་སྣང་བ་རེད།"
1874859,1877052,2193,"དཱ་བསམ་ན་ངེས་པ། མ་འཁྲུལ་བ་གང་ཟེར་ན། ཟེར་"
1877052,1881651,4599,"འདྲ། ནམ་མཁའ་དང་མཉམ་པའི་སེམས་ཅན་ཐམས་ཅད། རང་གི་ད་ལྟ་རྩ་བའི་ཨ་མ་དེ་དང་ཁྱད་པར་མེད།"
1881651,1882797,1146,"བསམ་སྟེ་དྲན། "
1882797,1884653,1856,"རྩ་བ་ཡི་ཨ་མ་དེ་ཉིད་ཡིན་ནས་བཟུང་ཏེ།"
1884653,1886840,2187,"དེ་ནས། བུ་བརྒྱུད་ཤེས་པ་ཡོད་མཁན་ཞིག་ཡིན་ན།"
1886840,1890554,3714,"བུ་བརྒྱུད་རང་ཡར་ནར་སོན། དེ་འདྲ་རེད་འོང་ན། ཕ་མ་ལ་བྱམས་པོ་བྱེད་རྫི།"
1890554,1892306,1752,"རྩི་བཀུར་བསྟེན། སྐྱིད་པོ་བྱེད་ཀྱི་རེད།"
1892306,1895913,3607,"དཔེ་དེ་བཞིན་དུ། སེམས་ཅན་འདི་ཐམས་ཅད་དགྲ་གཉེན་གཉིས་སུ་མི་འཛིན་པར།"
1895913,1897540,1627,"སེམས་ཅན་འདི་ཐམས་ཅད་མེད་པ་ལ་"
1897540,1902218,4678,"ཕན་བཏགས་དགོས་ཀྱི་རེད། ཕན་བཏགས་པར་བྱེད་པ་དེ་ལ། ཟས་དང་གོས་་དང་སྒོར་དང་།"
1902218,1904977,2759,"ཁང་ཆེན་འདྲ་ཡོད་ཁ་ལ་སོགས་པས་ཕན་བཏགས་ན་"
1904977,1906060,1083,"ཕན་པ་ཆུང་ཆུང་རེད།"
1906060,1908770,2710,"སེམས་ཅན་གྲངས་ཀ་མང་པོ། ནམ་མཁའ་དང་མཉམ་པ་རེད་དུས།"
1908770,1910297,1527,"ཕན་བཏགས་ནུས་ཀྱི་གའང་མ་རེད།"
1910297,1911970,1673,"གདགས་རྒྱུ་གནས་སྐབས་ཙམ་ཞིག་མ་གཏོགས།"
1911970,1913026,1056,"ཕན་པ་ཡོད་མ་རེད།"
1913026,1915044,2018,"དཔེར་ན། པུ་གུ་དང་ཕ་མ་ལ་བརྩེ་གདུང་ཡོད་དུས་"
1915044,1916894,1850,"ཁྱིམ་གྱི་ནང་ལ་བཞག། ཆང་ས་རྒྱོབས།"
1916894,1919181,2287,"དགྲ་འདུལ་ལུགས་བསླབས། གཉེན་སྐྱོང་ལུགས་བསླབས།"
1919181,1922989,3808,"ཕ་མའི་སྡིག་པའི་འཕྲོ་འདི་མར་བསླབ་དགོས་ལེ་ཟེར་མ་གཏོགས། སྙིང་རྗེ་གོ་ལོག་ཏུ་གྱུར་སོང་བ།"
1922989,1924883,1894,"དེ་ནས། ལམ་མ་ནོར་བ་གང་ཡིན་ཟེར་ན།"
1924883,1928647,3764,"སེམས་ཅན་འདི་ཐམས་ཅད། དམ་པའི་ཆོས། ཐར་པའི་ལམ་ལ། ཅིག་བཀོད་ཐུབ་སོང་ན།"
1928647,1930992,2345,"འདིས། ཕ་མ་ཡི་དྲིན་ལན་དེ། འདིས་འཁོར་འགྲོ་རྒྱུ་རེད།"
1930992,1934213,3221,"འདི་ཡིན་པའི་ཕྱིར་ན། དེ་ནས། སེམས་ཅན་དེ་ཐམས་ཅད་མར་ཤེས་ཏེ།"
1934213,1936303,2090,"རང་གིས་དྲིན་ཆེན་པོ། སྙིང་རྗེས་བསྐྱངས།"
1936303,1938057,1754,"དཔེར་ན། པུ་གུའི་ཨ་མ་ཞིག་རེད་ཡིན་ན། "
1938057,1940860,2803,"ཟས་ཀྱི་ཕུལ་བྱིན། གོས་ཀྱི་རྩེ་གཡོགས། "
1940860,1944525,3665,"ཤིན་ཏུ་བྱམས་པས་བསྐྱེད་བསྲིངས་བསྡད་རྫི། ང་ལ་ཚུར་དེ་ལྟ་བུ་བྱས་དུས།"
1944525,1946698,2173,"དེ་ནས། མ་ལ་ཕན་ཕར་ཕན་པ་འདི།"
1946698,1949423,2725,"དམ་པའི་ཆོས་ཀྱིས་ཅིག་བྱས་སོང་ན། དྲིན་ལན་གསབ་འགྲོ་རྒྱུ་རེད།"
1949423,1952073,2650,"དཔེར་ན་ང་ཚོ་ཡི་སྟོན་པ་རྫོགས་པའི་སངས་རྒྱས་ཀྱིས་ཀྱང་།"
1952073,1956561,4488,"ཁོང་རིས་ཀྱི་སྐྱེ་ཡུམ་དེ། སུམ་ཅུ་རྩ་གསུམ་ལྷ་ཡུལ་ལ་སྐྱེ་བཞག་དུས། དེ་ནས། ལྷ་ཡུལ་ལ་"
1956561,1961686,5125,"དབྱར་ཀ། དབྱར་གནས་ཅིག་གི་ཚད་ལ་བཞུགས་དུས། ད་ལྟ། དྲིན་ལན་གསབ་པའི་མདོ་ཟེར་གསུངས་ཡོད་པ་དེ་ལྟ་བུ་རེད།"
1961686,1964114,2428,"དྲིན་ལན་ཆོས་ཀྱི་སྒོ་ནས་གསབ་དགོས་རྒྱུ་རེད།"
1964114,1965846,1732,"དྲིན་ལན་བསབ་པ་དེ་ལ་"
1965846,1969593,3747,"སེམས་ཅན་ཐམས་ཅད་དགྲ་གཉེན་མེད་པར་མ་ཡིན་པར་ངོ་ཤེས་པ་དང་།"
1969593,1973368,3775,"མ་ཡིན་པའི་ཐོག་ནས། དེ་ནས། ཕ་མ་ལ་བྱམས་པོ་བྱས་ན། བུ་བརྒྱུད་དེ་ཡ་རབས་ཟེར་གྱི་རེད།"
1973368,1975924,2556,"ཕ་མ་བློས་བཏང་བཞག་ན། བུ་བརྒྱུད་མ་རབས་ཟེར་གྱི་རེད།"
1975924,1979150,3226,"དེ་ཡིན་པའི་ཕྱིར་ན། སེམས་ཅན་དེ་ཐམས་ཅད་རང་གི་ཕ་མ་ཡིན་ཡང་"
1979150,1980510,1360,"དྲིན་དྲན།"
1980510,1982818,2308,"དྲིན་དྲན་པའི་ཐོག་ནས། དྲིན་ལན་བསབ་པའི་ཕྱིར་དུ།"
1982818,1984532,1714,"སེམས་ཅན་དེ་ཐམས་ཅད་མེད་པར།"
1984532,1987707,3175,"གནས་སྐབས། ཟས་གོས་ནོར་ལོངས་སྤྱོད་ཀྱི་བདེ་བ་ཕྲད་སོང་ནའང་"
1987707,1988825,1118,"བདེ་བ་ཡུད་ཙམ་ཞིག་རེད།"
1988825,1990755,1930,"སྤྲིན་གྱི་བར་ནས་ཉི་མ་ཞིག་ཤར་འོང་ན།"
1990755,1992284,1529,"རེ་ཞིག་ནས་སྒྲིབ་འགྲོ་ཡི་རེད་དུས།"
1992284,1996786,4502,"དཔེ་དེ་ལྟ་བུ། ཟས་་་་ལོངས་སྤྱོད་ཀྱི་བདེ་བ་འཕྲད་ན་ཡག་པོ་རེད་དེ། འདིས་མི་ཕན་པར་"
1996786,1998372,1586,"ཆོས་ཀྱི་བདེ་བ་དེ་སྒྲུབ་དགོས།"
1998372,2002222,3850,"ཐ་མ་ལམ་ཀ་ཞིག་ནས་འབུ་སྲིན་ཞིག་འགྲོ་ཚོད་ཡོད་ན། དེ་ལ་དཀོན་མཆོག་གསུམ་ལ་་་་།"
2002222,2004329,2107,"སངས་རྒྱས་ཀྱི་མཚན་ཞིག་རྣ་ལ་བསྒྲགས་བཞག་ན། "
2004329,2006671,2342,"ཁོ་རང་དེ་ནས་ངན་སོང་གི་སྐྱེ་སྒོ་ཆོད་འགྲོ་རྒྱུ་རེད་དུས།"
2006671,2008351,1680,"དེ་ལ། གཞན་དོན་རེད་བསྡད་རེད།"
2008351,2010300,1949,"དེ་ལྟ་བུའི་དྲིན་གསབ་པ། དགོས་ནས་བཟུང་སྟེ།"
2010300,2014225,3925,"དེ་ནས། སེམས་ཅན་དེ་ཐམས་ཅད་བདེ་བ་དང་ལྡན་ན་ཅི་མ་རུང་སྙམ། སེམས་ཀྱིས་"
2014225,2019675,5450,"དྲན་བསྡད་ན། དཔེར་འདི་དཱ། ཁར་རྩང་དྭགས་པོའི་ཐར་རྒྱན་ནང་གི་རྒྱལ་པོ་བྱམས་པའི་སྟོབས་ཀྱིས། རང་གི་ཡུལ་ཁམས་ཀྱི།"
2019675,2024588,4913,"བྱམས་པའི་སྟོབས་རང་གིས། ཁོ་རང་ཏིང་ངེ་་་ བྱམས་པའི་ཏིང་ངེ་འཛིན་ལ་བཞུགས་འགྲོ་དུས།"
2024588,2026643,2055,"དེ་ནས། གནོད་བྱེད་དཔུང་མང་བ་འོང་ནས་བཟུང་ཏེ།"
2026643,2031286,4643,"དེ་ནས། རྒྱལ་པོ་བྱམས་པའི་སྟོབས་ཀྱིས། ཡུལ་ཁམས་གནོད་པར་བྱེད་བསམ་མཁན། སེམས་ཅན་རྣམས་ཀྱི་ཤ་ཁྲག་"
2031286,2033404,2118,"ཟ་བསམ། ལྕགས་ཀྱིས་འབྲོད་མི་འགི་བཟུང་།"
2033404,2035812,2408,"བླ་སྲོག་འཕྲོག་བསམ། དེ་འདྲ་བྱས་ནའང་།"
2035812,2039375,3563,"སེམས་ཅན་དེ་ཐམས་ཅད་ཀྱི་ལུས་པོ་དེ་ལྕགས་ཀྱི་གོང་པོ་བཞིན་དུ་གྱུར་ཏེ།"
2039375,2042801,3426,"གནོད་ སྲོག་བཅད་མ་ཐུབ་པས། བྱུང་བ་ཞིག།"
2042801,2047394,4593,"དེ་ག་ཡིན་ཟེར་ན། རྒྱལ་པོ་བྱམས་པའི་སྟོབས། བྱམས་པའི་ཏིང་ངེ་འཛིན་བསྒོམས་བསྡད་རྫི་ཡིས་ཡུལ་ཁམས་བསྲུངས་རྫི་"
2047394,2048451,1057,"དཔེ་དེ་ལྟ་བུ་རེད།"
2048451,2052101,3650,"རང་ཅག་ཐམས་ཅད་ཀྱིས། དངོས་སུ་སེམས་ཅན་ལ་ཕན་བཏགས་མ་ནུས་ནའང་།"
2052101,2055295,3194,"ད་ལྟ་ང་ཚོ་ཡི་ཕ་མ་དམྱལ་བ། ཡི་དྭགས། དུད་འགྲོ་ལ་སྐྱེས་པ་"
2055295,2056616,1321,"གྲངས་མང་པོ་ཡོད་རྒྱུ་རེད་དུས།"
2056616,2059465,2849,"དེ་ཐམས་ཅད་སྡུག་བསྔལ་མུ་མཐའ་མེད་པ་ཞིག་གིས་མནར་དུས།"
2059465,2062313,2848,"དེ་ཐམས་ཅད་སྡུག་བསྔལ་དེ་དང་བྲལ་སོང་ན་ཅི་མ་རུང་།"
2062313,2066277,3964,"འདི་སྡུག་བསྔལ་དང་འབྲལ་བར་རྒྱལ་བ་སྲས་དང་བཅས་པས་བྱིན་གྱིས་རློབས་པར་མཛད་དུ་གསོལ།"
2066277,2068493,2216,"དེ་ནས། སྤྱོད་འཇུག་བསྔོ་བའི་ལེའུ་ལ་གསུངས་པ་ལྟར་དུ།"
2068493,2071775,3282,"བྱང་ཆུབ་སེམས་དཔའ་འཇམ་དཔལ་དབྱངས་དང་། སྤྱན་རས་གཟིགས། མཐུ་ཆེན་ཐོབ།"
2071775,2074523,2748,"ཉེ་བའི་སྲས་ཆེན་བརྒྱད་ལ་སོགས་པ་དམྱལ་བའི་ཡུལ་དུ་བྱོན་ཏེ།"
2074523,2077661,3138,"དམྱལ་བའི་སེམས་ཅན་དེ་ཐམས་ཅད་ཚ་གྲང་གི་སྡུག་བསྔལ་དང་བྲལ་བ། "
2077661,2081268,3607,"སྟོན་པ་ཞལ་བཞུགས་པའི་སྐབས་སུ། སྟོན་པའི་སྐུ་ལས་ཡེ་ཤེས་ཀྱི་འོད་ཟེར་འཕྲོ་འགྲོ་དུས།"
2081268,2083331,2063,"དམྱལ་བའི་སེམས་ཅན་བདེ་བ་དང་ལྡན་པར་"
2083331,2085306,1975,"མཛད་པའི་ཚུལ་ལྟ་བུ་བྱུང་ན་ཅི་མ་རུང་།"
2085306,2087511,2205,"བསམ་པ་དེ་དགེ་སོང་ནི་རེད་དུས།"
2087511,2089431,1920,"དེ་ལས་ཕན་པ་ཆེན་པོ་རེད་རྒྱུ་རེད་དུས།"
2089431,2090139,708,"དེ་རེད། དེ་ནས།"
2090139,2094116,3977,"བདེ་བ་དང་ལྡན་འདོད་མ་ཚད་པར། ་་་ཅན་གྱི་སྡུག་བསྔལ་དང་བྲལ་འདོད་ཀྱི་སྙིང་རྗེ།"
2094116,2097237,3121,"བྱམས་པ་དང་སྙིང་རྗེ་གཉིས་པོ་འདི་ཡག་པོ་ཞིག་རྒྱུད་ལ་བསྐྱེད་སོང་ན། "
2097237,2099143,1906,"བྱང་ཆུབ་སེམས་ཀྱི་སྔོན་འགྲོ་དེ་རེད།"
2099143,2103119,3976,"དེ་ནས། བྱང་ཆུབ་ཀྱི་སེམས། ཁ་ཙམ་ཚིག་ཙམ་གྱི་སྒོ་ནས། སེམས་ཅན་ཐམས་ཅད་"
2103119,2107668,4549,"བདེ་བ་དང་། བདེ་བའི་རྒྱུ་དང་ལྡན་པར་གྱུར་ཅིག་ཟེར་མཁན་འདི། ནང་པ་སངས་རྒྱས་པ་ཡིན་ཚད་ཀྱིས་"
2107668,2109860,2192,"ཆོ་ག་ཞིག་མ་བཏང་སྔོན་འདོན་བསྡད་ཀྱི་ཡོད་རེད།"
2109860,2111687,1827,"འདོན་པ་དེ་ལ་བསམ་བློ་གཏོང་མི་ཤེས་དུས།"
2111687,2113540,1853,"དེ་ནས། བདག་འཛིན་གྱི་གཉེན་པོར་འགྲོ་ཡི་ཡོད་དམ།"
2113540,2117838,4298,"བདག་གཅེས་འཛིན་གྱི་་་་་་འགྲོ་ཡི་ཡོད་དམ། སེམས་ཅན་ལ་བྱམས་དང་སྙིང་རྗེ་དེ་འོང་གི་ཡོད་མ་རེད།"
2117838,2121002,3164,"དེ་ལྟ་བུའི་བྱམས་པ་དང་སྙིང་རྗེ་ཡང་དག་པ་བསྐྱེད་ནས།"
2121002,2124750,3748,"དེ་ནས། སེམས་ཅན་དེ་ཐམས་ཅད་བདེ་བ་དང་ལྡན་དགོས་འདུག། སྡུག་བསྔལ་དང་བྲལ་དགོས་འདུག་བསམ་"
2124750,2126155,1405,"པའི་བློ་ཞིག་བསྐྱེད་ན།"
2126155,2128351,2196,"དཔེར་ན། ཕ་མ་ཞིག་གིས་བུ་བརྒྱུད་འདི་ལ་"
2128351,2132250,3899,"སེམས་རྨི་ལམ་གྱི་ནང་དུ་ཡིན་ན་ཡང་། ངའི་བུ་འདི་བདེ་བ་ཞིག། སྐྱིད་པ་ཞིག་"
2132250,2135222,2972,"འཚོལ། དགོས་དོན་ཐམས་ཅད་ལ་སྡུག་བསྔལ་མེད་པ་ཞིག། ཅི་དགོས་འདུག། སོ་སོས་"
2135222,2137004,1782,"བསམ་བློ་གཏོང་གི་རེད། དཔེ་དེ་བཞིན་དུ། "
2137004,2140004,3000,"རང་ཅག་ཐམས་ཅད་ཀྱིས། ནམ་མཁའ་ལྟར་ཡངས་བའི་སེམས་ཅན་འདི་ཐམས་ཅད་"
2140004,2142802,2798,"བདེ་བ་དང་ལྡན། སྡུག་བསྔལ་དང་བྲལ་སོང་ན་ཅི་མ་རུང་།"
2142802,2145371,2569,"འདི་བདེ་བ་དང་ལྡན་པའི་ཐབས་ལ་ཇི་ལྟར་བྱེད།"
2145371,2147454,2083,"སྡུག་བསྔལ་དང་བྲལ་བའི་ཐབས་ལ་ཇི་ལྟར་བྱེད།"
2147454,2149135,1681,"དཀོན་མཆོག་གསུམ་པོ་ལ་གསོལ་བ་འདེབས།"
2149135,2155523,6388,"མཆོད་པ་ཕུལ། རང་གིས་སྦྱིན་པ་བཏང་བ་ལ་སོགས་པ། བྱང་ཆུབ་སེམས་དཔའི་སྤྱོད་པ་ལྟ་བུ་ལ་བསླབ་དགོས་འདུག་བསམ་བསྡད་ན།"
2155523,2159600,4077,"དེ་ནས། མགོ་ལ་སེམས་ཅན་ཁུར་ཆེན་ཁྱེར་བ་ཡི། །བྱང་ཆུབ་སེམས་དཔའ་དལ་གྱིས་འགྲོ་མི་མཛེས། །"
2159600,2162822,3222,"ཟེར་མཁན་འདི་རེད། རང་གི་ལྷག་པའི་བསམ་པ་ཡི་ཁུར་འདི་ཡོད་ཚར་ན།"
2162822,2165154,2332,"དེ་ནས། སེམས་ཅན་དེ་རང་ཤུགས་ཀྱིས་ཕན་ཐོགས་ཀྱི་རེད།"
2165154,2168065,2911,"སྙིང་ཐག་པ་ནས་བྱམས་པ་དང་སྙིང་རྗེ་ཞིག་མ་བསྐྱེད་བར།"
2168065,2170679,2614,"ཁ་ཡི་སྒོ་ནས། བདེ་བ་དང་བདེ་བའི་རྒྱུ།"
2170679,2174707,4028,"སྡུག་བསྔལ་དང་སྡུག་བསྔལ་རྒྱུ་ཟེར། སྔོན་འགྲོ་འབུམ་ཞིག་བསགས། སེམས་བསྐྱེད་འབུམ་ཕྲག་བསག་གི་ཡོད་རེད་དེ།"
2174707,2176839,2132,"ཚིག་ཙམ་ཞིག་རེད་དུས་ཕན་ཐོགས་ཀྱི་ཡོད་མ་རེད་དུས།"
2176839,2178964,2125,"དེ། སེམས་ཀྱི་སྟེང་ནས་ཚུར་སྐོར་ཏེ།"
2178964,2182207,3243,"སེམས་ཅན་གྱི་སྡུག་བསྔལ་དེ་རང་གིས་དང་དུ་ལེན་ཐུབ་རྫི་ཞིག་བྱུང་བ་དེ།"
2182207,2184235,2028,"ཁུར་དུ་འཁྱེར་བའི་ལྷག་བསམ་ཟེར་རེད།"
2184235,2187813,3578,"དེ་ལྟ་བུའི་གནས་སྐབས་སུ། ལྷག་བསམ་དང་སྙིང་རྗེ་ཆེན་པོ་ཞིག་སྐྱེ་འོང་ན།"
2187813,2191466,3653,"དེ་ནས། བདག་བསམ་རྒྱུ་ཡི་གཅེས་པར་འཛིན་པ་འདི། ཕར་བློས་བཏང་རྒྱུ་དང་།"
2191466,2194942,3476,"སེམས་ཅན་ལ་ལ་དགྲ་ལ་བཟུང་། ལ་ལ་གཉེན་ལ་བཟུང་བའི་འདུ་ཤེས་འདི་"
2194942,2197103,2161,"རབ་ཀྱིས་བྱུང་ན་གཏན་ནས་མི་མཛད་ཅིག་དང་།"
2197103,2200917,3814,"དེ་ལྟར་མ་བྱུང་ནའང་། དེ་ནས། ཆགས་སྡང་དེ་ཤུགས་ཅུང་ཟད་ཅིག་ལྷོད་སོང་ན།"
2200917,2203156,2239,"དེ་ཆོས་ཤེས་པའི་རྗེས་རེད་འོང་རྒྱུ་རེད་དུས།"
2203156,2204942,1786,"དེ་ལྟ་བུ་ཞིག་བསམ་དགོས་རེད།"
2204942,2209074,4132,"དེ་ནས། སྡུག་བསྔལ་དང་བྲལ་འདོད། སྙིང་རྗེ། བདེ་བ་ལྡན་འདོད་ཀྱི་བྱམས་པ་དེའང་།"
2209074,2211966,2892,"དངོས་གནས་དྲང་གནས་རང་མཚན་པ་ཞིག་གིས་རྡོག་རྡོག་བཟུང་མ་རྫི།"
2211966,2214158,2192,"ད་ལྟ་ཁ་ཤས་ཡིན་ན། དཔེར་ན། ང་ཡིས་"
2214158,2217550,3392,"རྫོགས་པ་ཆེན་པོའི་རྟོགས་པ་བསྐྱེད་རེད་བསམ་བཞིན་ང་རྒྱལ་གྱི་མིག་འགྲེང་།"
2217550,2220684,3134,"མཐོ་སར་ལྟ། ལས་རྒྱུ་འབྲས་ཁྱད་དུ་གསད་མཁན་དེ་འདྲ་བྱས་སོང་ན།"
2220684,2222065,1381,"དེས་འཛིན་པ་ཞུགས་སོང་རེད།"
2222065,2224674,2609,"དོན་དམ་སྟོང་ཉིད་ཀྱི་ལྟ་བ་མངོན་སུམ་དུ་རྟོགས་ན།"
2224674,2227315,2641,"དེས། ཆོས་ཉིད་ཀྱི་བདེན་པ་མངོན་སུམ་དུ་མཐོང་དུས།"
2227315,2229796,2481,"རྟོགས་སོ་སྙམ་པའི་འཛིན་པ་མེད་པ་ཞིག་ཡིན་དགོས་རེད།"
2229796,2232313,2517,"དེ་ཀུན་མཁྱེན་ཆོས་ཀྱི་རྒྱལ་པོའི་མཛོད་བདུན་གྱི་ནང་ལོགས།"
2232313,2234987,2674,"རྟོགས་སོ་སྙམ་པ་དེ་ནི་མ་རྟོགས་པའི་རྟགས་སོ། གསུངས་རེད། "
2234987,2237574,2587,"མ་རྟོགས་་་་ཟེར་རྟོགས་ཚར་ནས་བཟུང་སྟེ།"
2237574,2239642,2068,"སྒྱུ་མ་དང་རྨི་ལམ་ལྟ་བུར་སྣང་། ཞེས་རྒྱུ་མ་གཏོགས།"
2239642,2243379,3737,"ངས་འདི་རྟོགས་བསྡད་ཡོད། བསམ་ནས་ང་རྒྱལ། རློམས་སེམས་དང་། འཛིན་པ་མེད་མཁན་ཞིག་རེད།"
2243379,2246435,3056,"དེ་ནས། རང་གི་ལྟ་བ་དེ་ལ་མཆོག་ཏུ་འཛིན་པ་ཞིག་ཡོད་ཚར་ན།"
2246435,2249191,2756,"ཚུལ་འཁྲིམས་དང་རྟུལ་ཞུགས་མཆོག་འཛིན་ཟེར་དེ། སྤོང་བྱ་རེད་ཟེར་མ་གཏོགས་"
2249191,2250305,1114,"བླང་བྱ་མ་རེད།"
2250305,2252902,2597,"དེའི་ཕྱིར་ན། བྱམས་པ་དང་སྙིང་རྗེ་ཡིན་ནའང་འདྲ།"
2252902,2256343,3441,"དེ་ནས། བྱམས་པ་དང་སྙིང་རྗེ་བསྐྱེད་ཟིན། སེམས་བསྐྱེད་ཡིན་ནའང་འདྲ།"
2256343,2258628,2285,"དེ་ཐམས་ཅད་ཀུན་རྫོབ་རྟེན་བྱུང་གི་ཚུལ་དུ་ཤེས་ན།"
2258628,2262303,3675,"རང་གི་རྒྱུད་ལ་བྱམས་པ་དང་སྙིང་རྗེ། ཀུན་སློང་བསྐྱེད་རྫི་དེ་ལྟ་བུ་སྒོམ།"
2262303,2264206,1903,"དོན་དམ་སྟོང་ཉིད་ཀྱི་དབང་དུ་བྱས་ན།"
2264206,2267957,3751,"དེ་ཐམས་ཅད་མེད་པར། སེམས་ཅན་ཡང་སྒྱུ་མ་དང་རྨི་ལམ་ལྟ་བུ།"
2267957,2270029,2072,"རང་ཡང་སྒྱུ་མ་རྨི་ལམ་ལྟ་བུ།"
2270029,2275155,5126,"དེ་ནས། སེམས་ཅན་ལ་ཕན་འདོད་ཀྱི་གཞན་ཕན་གྱི་བསམ་པ་དེ་ནི། སྒྱུ་མ་དང་རྨི་ལམ་ལྟ་བུ་ཡིན།"
2275155,2281686,6531,"སྦྱིན་པ་སྦྱིན་བྱ་ལེན་པོ་གཏོང་པོས་སྟོང་། །འཇིག་རྟེན་འདས་པའི་ཕ་རོལ་ཕྱིན་ཅེས་བྱ། །ཟེར་སྒྱུ་མ་རྨི་ལམ་ལྟ་བུའི་ངང་དུ་ཞེན་མེད་ཀྱི་ཚུལ་དུ་སྤྱད་ན།"
2281686,2286945,5259,"བྱང་ཆུབ་སེམས་དཔའི་སྤྱོད་པ་དང་། ཕ་རོལ་ཏུ་ཕྱིན་པ་མཐར་ཐུག་པ་དེ་རེད་འགྲོ་རྒྱུ་རེད་མ་གཏོགས། འདི་ཡོད་རྒྱུ་མ་རེད་དུས།"
2286945,2290822,3877,"དེ་ནས། རྗེ་བཙུན་མི་ལ་སྒོས་མགུར་ནང་ལ། ལར་བླ་མ་ཡང་རྨི་ལམ་སྒྱུ་མ་སྟེ། །ཟེར་"
2290822,2292097,1275,"གསུངས་ལྟ་བུ་འདི་རེད་དུས།"
2292097,2294206,2109,"ཐམས་ཅད་བདེན་པར་གྲུབ་པ་མེད་དུས།"
2294206,2298482,4276,"འདི། ཀུན་རྫོབ་ཀྱི་སྣང་ཆ་ཡི་བླང་དོར་དང་བདེ་སྡུག་ལ་སོགས་པ་ཐམས་ཅད་"
2298482,2302293,3811,"ཁར་རྩང་གོང་དུ། གང་ཟག་དང་ཆོས་ཀྱི་བདག་མེད་པ་ལྟ་བུ་གཏན་ལ་ཕབ་དུས།"
2302293,2303887,1594,"རང་བཞིན་བདེན་པར་མ་གྲུབ་ཀྱང་། "
2303887,2306506,2619,"ཀུན་རྫོབ་ཏུ་དེ་ལྟར་མ་བརྟགས་པའི་སྐབས་སུ་"
2306506,2311263,4757,"སྒྱུ་མའི་སྐྱེས་བུ་ཡིས་སྒྱུ་མའི་ནད་པ་གསོ་བའི་ཚུལ་བཞིན་དུ། གཞན་ཕན་དོན་གཉེར་གྱི་སྒོ་ནས་འཇུག་ན།"
2311263,2314429,3166,"དེ་ནས། བདེན་གཉིས་ཟུང་འཇུག་གི་ཉམས་ལེན་དེ་ཚུལ་བཞིན་དུ་སྤྱད་དགོས་རྒྱུ་རེད།"
2314429,2316431,2002,"སྤྱད་ན། བདག་ཅག་ཐམས་ཅད་ཀྱི་རྒྱུད་ལ། "
2316431,2319244,2813,"དེ་ནས། བདག་འཛིན་འགོང་པོ་འདི། བདག་གཅེས་འཛིན་འདི་འདུལ་བའི་ཆེད་དུ།"
2319244,2321867,2623,"དང་པོ། ད་ལྟ་གོང་དུ་ཞུས་པ་ལྟ་བུའི་"
2321867,2325214,3347,"བྱམས་པ་དང་སྙིང་རྗེ་ཆེན་པོ་ཞིག་བསྒོམས་ཏེ། སེམས་ཅན་འདི་ཐམས་ཅད་"
2325214,2328218,3004,"ཕ་མ་ཡིན་མཁན་འདི། དགྲ་ལ་སྡང་བ་བྱེད་རྒྱུ་མི་འདུག།"
2328218,2329838,1620,"གཉེན་ལ་བྱམས་པ་བྱེད་རྒྱུ་མི་འདུག།"
2329838,2332282,2444,"སེམས་ཅན་འདི་ཐམས་ཅད་སྡུག་བསྔལ་དང་བྲལ་ན་"
2332282,2334653,2371,"ཅི་མ་རུང་། བདེ་བ་དང་ལྡན་ན་ཅི་མ་རུང་། "
2334653,2338103,3450,"འདིའི་ཐབས་ལ་བརྩོན་དགོས་བསམ་རྒྱུ་དང་། སེམས་ཅན་གྱི་སྡུག་བསྔལ་བསམ་འོང་དུས།"
2338103,2340320,2217,"མིག་ནས་མཆི་མ་འབྱུང་རྫི་ལྟ་བུ་ཞིག་བྱུང་ན་"
2340320,2341909,1589,"བདག་འཛིན་འདིའི་གཉེན་པོར་འགྲོ་ཡི་རེད།"
2341909,2344068,2159,"དང་པོ་དེ་སྒོམ་དགོས་རྒྱུ་རེད་མ་གཏོགས། ཡང་།"
2344068,2346760,2692,"དེ་སྟོང་པ་ཡིན་བསམ་ཁྱད་དུ་གསད་བཞག་རྒྱུ་ཡོད་མ་རེད།"
2346760,2350480,3720,"དེ་ལྟ་བུ་བསྒོམས་ནས། ཡང་དག་པ་ཡིས་གཞན་དོན་བྱེད་པའི་སྐབས་ཤིག་བྱུང་ན།"
2350480,2352640,2160,"འདིའི་སྐབས་ལ། དེ་ནས། ཆོས་ཐམས་ཅད་"
2352640,2355977,3337,"སྒྱུ་མ་དང་རྨི་ལམ་ལྟ་བུ་རང་ཉིད་དུ་ངོ་ཤེས་པའི་སྒོ་ནས་"
2355977,2360373,4396,"ཕྲིན་ལས་རྒྱ་ཆེན་པོ་ཞིག་གིས། སེམས་ཅན་འབུམ་ཕྲག་མང་པོ་ཐར་པའི་ལམ་ལ་བཀོད་བཞག་ན།"
2360373,2363271,2898,"དེ་ནས། སྒྱུ་མ་དང་རྨི་ལམ་ལྟ་བུའི་དགེ་ཞིག། གཞན་དོན་བྱེད་འགྲོ་རེད།"
2363271,2366528,3257,"བླ་མ་ཚུར་རྫས་ཀྱི་དབང་། བྱང་ཆུབ་སེམས་དཔའ་ཚུར་ཐོན་ཡང་"
2366528,2367485,957,"བསམ་དགོས་རྒྱུ་མ་རེད།"
2367485,2370787,3302,"དཔེར་ན། འཕགས་པ་འཇམ་དཔལ་དབྱངས་དང་བྱང་ཆུབ་སེམས་དཔའ་ཀུན་ཏུ་བཟང་པོ་རྣམས་"
2370787,2373810,3023,"འདུལ་དཀའ་བའི་སེམས་ཅན་ག་ཚོད་འདུལ། ག་ཚོད་མཛད་སོང་ན་"
2373810,2377825,4015,"དེར་ང་རྒྱལ་དང་རློམས་སེམས་མེད་པར་རྨི་ལམ་དང་སྒྱུ་མ་ལྟ་བུ་ཡིན་གསུངས་འདུག།"
2377825,2380013,2188,"དེ་རེད། དེ་ནས། བདེན་གཉིས་ཟུང་འཇུག་གི་སྒོ་ནས་"
2380013,2381083,1070,"དེ་འདྲ་བྱེད་དགོས་རྒྱུ་རེད་དུས།"
2381083,2382984,1901,"ཡང་། ལས་དང་པོ་པའི་སྐབས་ཡིན་ན། "
2382984,2385169,2185,"ཀུན་རྫོབ་ཀྱི་བདེན་པ་འདི་གཙོ་ཆེ་བའི་དབང་གིས།"
2385169,2387670,2501,"ད་ལྟ། ཚད་མེད་པ་བཞི་ལ་བློ་སྦྱོང་།"
2387670,2390309,2639,"ཁྲིད་ཡིག་གི་ནང་ནས་ཇི་ལྟར་གསུངས་པ་བཞིན་དུ་"
2390309,2391484,1175,"དོན་དུ་གཉེར།"
2391484,2395374,3890,"དེ་ནས། དེ་ཐམས་ཅད་ཀྱང་འཛིན་པ་མེད་པར། སྒྱུ་མ་དང་རྨི་ལམ་ལྟ་བུའི་སྒོ་ནས་"
2395374,2398255,2881,"མཆོག་འཛིན་དང་། དངོས་པོར་ཞེན་པ་དེ་ཕར་སོལ།"
2398255,2401323,3068,"དེ་འདྲ་བྱེད་དུས། དེ་ནས། གཞན་སེམས་ཅན་གྱི་དོན་ཞིག་མ་བྱེད་ན།"
2401323,2403556,2233,"ཐེག་པ་ཆེན་པོའི་ལམ་ཡང་དག་པ་ཞིག་ཏུ་"
2403556,2406444,2888,"གཏན་ནས་འགྲོ་སྲིད་ས་མ་རེད། དེ་མི་སྲིད་འོང་དུས། འདི།"
2406444,2409003,2559,"ངས་གཞན་སེམས་ཅན་གྱི་དོན་བྱེད་དགོས་བསམ་རྒྱུ་ཡི་"
2409003,2411463,2460,"གཞན་ཕན་ཞིག་བྱུང་། གཞན་ཕན་གྱི་རྩ་བ་དེའང་"
2411463,2413490,2027,"བྱམས་དང་སྙིང་རྗེ་གཉིས་ལས་འབྱུང་གི་འདུག་"
2413490,2416563,3073,"བསམ་པ་ཞིག་དང་། དེའི་སྒོ་ནས་སེམས་ཅན་གྱི་དོན་ལ། "
2416563,2419415,2852,"རྫོགས་སྨིན་སྦྱངས་གསུམ་གྱི། བསོད་ནམས་ཡེ་ཤེས་ཚོགས་ག་ཚོད་བསགས་ནའང་"
2419415,2422174,2759,"སྒྱུ་མ་རྨི་ལམ་ལྟ་བུ་རེད། བསམ་པ་བསྡད་ཙ་ན།"
2422174,2425021,2847,"དེ་ལ་ཁྱེད་ཚོ། སེམས་ཅན་གཞན་གྱི་དོན་བྱེད་བསྡད་ན་"
2425021,2427908,2887,"རང་གི་དོན་རང་ཤུགས་ཀྱིས་ཞོར་དུ་བསྒྲུབ་འོང་རྫི་རེད་ཟེར་མ་གཏོགས།"
2427908,2430070,2162,"ཆེད་དུ་རང་གི་དོན་སྒྲུབ་དགོས་རྒྱུ་མ་རེད།"
2430070,2435895,5825,"སྟོན་པ་རྫོགས་པའི་སངས་རྒྱས་དང་། བྱང་ཆུབ་སེམས་དཔའ་ཐམས་ཅད་ཀྱིས། སེམས་ཅན་གཞན་གྱི་དོན་ཁོ་ན་མཛད་པ་ལ་བརྟེན་ནས།"
2435895,2441670,5775,"དེ་ནས། རང་རང་གི་ཐུགས་རྒྱུད་ལ་སྤང་དང་རྟོགས་པའི་ཡོན་ཏན་བསམ་གྱིས་མི་ཁྱབ་པ་ཞིག་བསྐྱེད་ནས།"
2441670,2444127,2457,"དེ་བསྐྱེད་འོང་བ་ན། དེ་ནས། རང་དོན་ཤུགས་ཀྱིས་འགྲུབ་འགྲོ་རེད།"
2444127,2447197,3070,"དཔེར་ན། བདག་ཅག་གི་སྟོན་པ་ཐུབ་པའི་དབང་པོ་ལྟ་བུ་ཞིག་ཡིན་ན།"
2447197,2449934,2737,"བསྐལ་བཟང་སངས་རྒྱས་སྟོང་གི་ཐུགས་བསྐྱེད་ཚུལ་དང་མ་འདྲ་བའི་"
2449934,2452689,2755,"སྙིགས་དུས་སེམས་ཅན་འདུལ་དཀའ་བ། ངང་རྒོད་པ།"
2452689,2456073,3384,"སྙིགས་མ་ལྔ་བསྡོ་བའི་སེམས་ཅན་འདི། ཁོང་མངོན་པར་རྫོགས་པར་འཚང་རྒྱས།"
2456073,2459791,3718,"དུས་ངན་པའང་། ཚེ་ལོ་བརྒྱ་པའི་མཐའ་ཚུན་དུ་སེམས་ཅན་གྱི་དོན་མཛད་རྫི།"
2459791,2461697,1906,"སྨོན་ལམ་ཆེན་པོ་ལྔ་བརྒྱ་བཏབ་རྫི་འདི།"
2461697,2463701,2004,"དེ་ནས། སྟོན་པ་རྫོགས་པའི་སངས་རྒྱས་དེ་ལས་"
2463701,2467027,3326,"བསྐལ་བཟང་སངས་རྒྱས་སྟོང་གི་ནང་ནས། པདྨ་དཀར་པོ་ལྟ་བུ་བསྔགས་པ་འདིའང་།"
2467027,2468512,1485,"སྙིང་རྗེ་ཡི་ཤུགས་ལས་བསྐྱེད་འོང་རེད་དུས།"
2468512,2471548,3036,"དང་པོ། དེ་ལྟ་བུ་འདི། གཞན་ཕན་དོན་གཉེར་བྱེད་དགོས་རྒྱུ་རེད་དུས།"
2471548,2475762,4214,"འདིའི་ཞོར་ནས། དེ་ནས། སྟོན་པ་ཐུབ་པའི་དབང་པོ་འདྲ། བསྐལ་བཟང་སངས་རྒྱས་སྟོང་ནས་མེད་པ་ཞིག་རེད།"
2475762,2477966,2204,"རང་དོན་ཞོར་དུ་འགྲུབ་སྟངས་དེ་འདྲ་རེད།"
2477966,2479247,1281,"དེ་ལྟ་བུ་ཡི་"
2479247,2482573,3326,"ལུང་རྟོགས་ཀྱི་ཡོན་ཏན་ཕུན་སུམ་ཚོགས་པས། རང་གི་དོན་དེ་འགྲུབ་འོང་བའི་ཆེད་དུ་"
2482573,2484811,2238,"གཞན་གྱི་དོན་ག་ཚོད་ཡིན་ནའང་བྱེད་དགོས་རེད།"
2484811,2486390,1579,"དེ་ནས། གཞན་གྱི་དོན་ཞེས་པ་འདི་ལ་"
2486390,2488216,1826,"དང་པོ་རང་གིས་ སེམས་ནས་་་་"
2488216,2489614,1398,"ཡག་པོ་ཞིག་མ་བསྒྲུབས་ནས་བཟུང་ཏེ།"
2489614,2493442,3828,"དེ་ནས། གཞན་དོན་ལྟར་སྣང་བྱེད་པ་ཡིན་གྱིས། རྣམ་གཡེང་དང་འདུ་རྫི་བྱེད་བསྡད་ནའང་།"
2493442,2496504,3062,"ཚེ་འདིའི་སྤྲོས་པ་ལ་ཡེང་འགྲོ་རྒྱུ་མ་གཏོགས་ཤེས་ཀྱི་མ་རེད་དུས།"
2496504,2499028,2524,"འདིའི་ཕྱིར་ན། རང་དོན་གྱི་སྤང་རྟོགས་ཡོན་ཏན་དེ་ལས།"
2499028,2502020,2992,"དེ་ནས། བྱང་ཆུབ་སེམས་དཔའི་གཞུང་ནང་ནས་ག་འདྲ་གསུངས་འགི་ན།"
2502020,2504850,2830,"ཐ་ན། བཟང་སྤྱོད་ཚར་གཅིག་མར་འདོན་ནའང་།"
2504850,2506495,1645,"འདི་ལ་སྦྱོར་བ་སེམས་བསྐྱེད་དམ་པ། "
2506495,2507630,1135,"དངོས་གཞི་དམིགས་མེད་དམ་པ། "
2507630,2510107,2477,"རྗེས་བསྔོ་བ་དམ་པ་གསུམ་གྱིས་རྩིས་ཟིན་པ་བྱེད།"
2510107,2513340,3233,"དངོས་གཞི་དམིགས་མེད་དམ་པ། སྟོང་ཉིད་ཀྱི་ལྟ་བ་མངོན་སུམ་དུ་མ་རྟོགས་ནའང་།"
2513340,2515567,2227,"འཕགས་པ་བཟང་པོ་སྤྱོད་པ་ཟེར་མཁན་འདི། "
2515567,2518668,3101,"སངས་རྒྱས་བཅོམ་ལྡན་འདས་ཀྱི་མདོ་སྡེ་ཕལ་པོ་ཆེ་ལས། བྱང་ཆུབ་སེམས་དཔའ་"
2518668,2522040,3372,"ཀུན་ཏུ་བཟང་པོའི་སྤྱོད་པ་རྒྱ་མཚོ་ལྟ་བུ་གསུངས་པ་དེ་ཐམས་ཅད་ཀྱི་"
2522040,2525003,2963,"ཚིག་དང་དོན་དེ། བཟང་པོ་སྤྱོད་པ་འདི་ནང་དུ་བསྡུ་ཡི་རེད།"
2525003,2527405,2402,"དེའི་ཕྱིར་ན། བཟང་པོ་སྤྱོད་པའི་ཚིག་གོ་ཚད་ཐམས་ཅད་"
2527405,2530846,3441,"སེམས་ལ་ལེན། སེམས་ཅན་ཐམས་ཅད་དེ་བཞིན་དུ་འགྱུར་བར་ཤོག་ཅིག་བསམ་བསམ་"
2530846,2532996,2150,"བཟང་པོ་སྤྱོད་པའི་ཕན་ཡོན་ལ་ཡིད་གཏད།"
2532996,2536865,3869,"དེ་འདྲ་བྱེད་དུས། དེ་ནས། ལུས་ངག་ཡིད་གསུམ་མ་ཡེངས་བའི་སྒོ་ནས་ཅིག་བྱེད་ན། "
2536865,2539343,2478,"དེས། དངོས་གཞི་དམིགས་མེད་དམ་པའི་གོ་ཆོད་ཀྱི་རེད།"
2539343,2541296,1953,"དེ་ལྟ་བུའི་བསྔོ་བ་ཡོད་རྫི་འདིའང་།"
2541296,2544519,3223,"དེ། སེམས་ཅན་ཐམས་ཅད་ཀྱི་དོན་ལ་བསྔོས་ན།"
2544519,2549819,5300,"བཟང་སྤྱོད་རང་གི་ནང་ནས། ཇི་ཙམ་ལས་དང་ཉོན་མོངས་མཐར་གྱུར་པ། །བདག་གི་སྨོན་ལམ་མཐའ་ཡང་འདི་ཙམ་མོ། །གསུངས་འདུག།"
2549819,2554922,5103,"སེམས་ཅན་ཐམས་ཅད་ཀྱི་ལས་ཉོན་མ་ཟད་བར་དུ། ངའི་སྨོན་ལམ་གྱི་མཐའ་ཡང་མ་རྫོགས་པར་ཤོག་ཅིག་བསམ་བསྡད་ཡ།"
2554922,2557849,2927,"དེ་ནས། སོ་སོའི་སྐྱེ་བོའི་དུས་ནས་བསམ་པ་རྒྱ་ཆེན་པོ་ཞིག་བྱུང་ན།"
2557849,2560041,2192,"དེ་ནས། སྔོན་གནས་ལས་མཐའ་མ་ཆོད་ཟེར་ཡ་འདི་རེད།"
2560041,2563732,3691,"རྒྱ་ཆེན་པོ་ཞིག་བསྐྱེད་ན། བསམ་པ། སེམས་ཀྱི་ཀུན་སློང་འདི་རྒྱ་ཆེ་ཞིག་རྗེས་ལ།"
2563732,2565390,1658,"བསམ་པ་འདི། བརྟན་པོ་ཞིག་བསྐྱེད་འོང་ན།"
2565390,2568803,3413,"དེ་ནས། སྤྱོད་པ་སྦྱོར་བ་དེ་གའང་། ཤུགས་ཀྱིས་རྒྱ་ཆེན་པོ་ཞིག་ལ་འགྲོ་ཡི་རེད།"
2568803,2571776,2973,"དེ་མ་སྦྱོར་བར། བསམ་པ། སེམས་ཀྱི་ཀུན་སློང་གི་སྒོ་ནས་"
2571776,2573679,1903,"རང་གཅིག་པུ་ཐར་འདོད་དང་།"
2573679,2575285,1606,"ཕན་སེམས་ལྟ་བུ་ཞིག་བསྐྱེད་བསྡད་ཡོད་ན། "
2575285,2578131,2846,"དེ་ནས། ཚོགས་བསགས་རྒྱ་ཆེན་པོ་ཞིག་ལྟར་སྣང་ལ། "
2578131,2582067,3936,"འཇིག་རྟེན་ལ་གྲགས་པ་ཆེན་པོ་ཞིག་ཏུ་གཏན་པ་མེད་པའི་ཆོས་སྦྱིན་ལྟ་བུ་བྱས་བཞག་ནའང་།"
2582067,2583559,1492,"བསམ་པ་སེམས་ཀྱི་ཀུན་སློང་གིས་"
2583559,2584650,1091,"རང་དོན་རེད་ཚར་དུས། འདིས་"
2584650,2588557,3907,"ལྷའི་དབང་པོ་བརྒྱ་བྱིན་སྐྱེ་རྫི་ཚར་གཅིག་མ་གཏོགས་པའི་གཏན་ནས་འོང་ཐུབ་ཀྱི་མ་རེད།"
2588557,2593224,4667,"བསམ་པ་སེམས་ཀྱི་ཀུན་སློང་གིས་བྱམས་པ་དང་སྙིང་རྗེ་ཐུན་མོང་མ་ཡིན་པ་ཞིག་བསྐྱེད།"
2593224,2596812,3588,"རང་གི་སེམས་ཀྱིས་སེམས་ཅན་ཐམས་ཅད་ཀྱི་དོན་དུ་ཀུན་སློང་ཡག་པོ་བཞག།"
2596812,2600255,3443,"མཚན་མའི་ལྡོག་པ་་་་་་མཆོད་མེ་རྡོག་པོ་ཞིག་ཕུལ་ནའང་།"
2600255,2602318,2063,"དེ་བྱང་ཆུབ་སེམས་དཔའི་སྤྱོད་པ་ལས་"
2602318,2603986,1668,"རང་ཤུགས་ཀྱིས་རེད་འགྲོ་རྒྱུ་རེད་དུས།"
2603986,2605574,1588,"དེ་ལྟ་བུ་རེད་པར་བྱས་ནས། "
2605574,2607810,2236,"དེ་ནས། གཞན་དོན་གྱི་གདུལ་བྱ་དེ་རྣམས་ལའང་།"
2607810,2610362,2552,"སེམས་ཅན་གཅིག་ལ་མཛད་པ་གཅིག་སྟོན་ལོ་ཡི་མ་རེད།"
2610362,2613714,3352,"སངས་རྒྱས་བཅོམ་ལྡན་འདས་ཀྱིས་ཆོས་ཀྱི་ཕུང་པོ་བརྒྱད་ཁྲི་བཞི་སྟོང་གསུངས་པ་འདིའང་།"
2613714,2618447,4733,"སེམས་ཅན་རྣམས་ལ་དབང་པོ་རབ་འབྲིང་ཐ་མ་དུ་མ་ཡོད་པ་དེ་ལྟར་དུ་བསྟན་དགོས་རྒྱུ་རེད་དུས།"
2618447,2620578,2131,"དེ་རྣམས་དཔེར་ན། མི་ལ་ཟས་སྦྱིན་ན།"
2620578,2622873,2295,"ཨ་མ་ལས་སྐྱེས་མ་ཐག་པའི་པུ་གུ་དེ་དང་།"
2622873,2625323,2450,"དེ་ནས། ལོ་ཉི་ཤུ་སུམ་ཅུ་སོང་ཟིན་རྫི་པུ་གུ།"
2625323,2628224,2901,"རྒས་ཁོག་ཟེར་རྫི་དེ་ལ། ཁ་ཟས་ཐ་དད་ཐ་དད་སྤྲད་ལེ་མ་གཏོགས།"
2628224,2630530,2306,"ཁ་ཟས་གཅིག་གིས། ཐམས་ཅད་སྤྲད་ཐུབ་ཀྱི་མ་རེད།"
2630530,2631683,1153,"དཔེ་དེ་བཞིན་དུ་བཟུང་ཏེ།"
2631683,2634276,2593,"ཐེག་པ་ཆུང་ངུ་། ཆེན་པོ། སྒོ་མང་པོ་བསྟན་དགོས་རྒྱུ།"
2634276,2635721,1445,"གདུལ་བྱ་སེམས་ཅན་རྣམས།"
2635721,2638358,2637,"སྣོད་ཀྱི་དབང་པོ་རབ་འབྲིང་ཐ་གསུམ་དུ་འདི་གསུངས་རེད་ཟེར་མ་གཏོགས།"
2638358,2640305,1947,"སངས་རྒྱས་ཀྱིས་མཁས་འདོད་གྲགས་འདོད་བྱས་ནས།"
2640305,2642844,2539,"སློབ་བཟོ་བྱས་ནས། མང་པོ་རིགས་པས་བཟོ་བསྡད་རྫི་མ་རེད།"
2642844,2645079,2235,"དེའི་ཕྱིར་ན། དེ་ནས། གདུལ་བྱ་འདུལ་བའི་ཐབས།"
2645079,2647902,2823,"སངས་རྒྱས་ཀྱིས་ཆོས་ཐེག་པ་ཆེ་ཆུང་ག་ཚོད་གསུངས་ཡོད་ན།"
2647902,2650748,2846,"ཐེག་པ་ཆེ་ཆུང་གི་ནང་ནས་ལེགས་ཆ་ཐམས་ཅད་མེད་པར། "
2650748,2652650,1902,"དཔེར་ན། ཐེག་པ་ཆུང་ངུ་ལྟ་བུ་ཡིན་ན།"
2652650,2655086,2436,"འཁོར་བ་སྡུག་བསྔལ་གྱི་རང་བཞིན་དུ་ཤེས་དགོས་པ།"
2655086,2657088,2002,"ཚེ་འདིའི་བྱ་བཞག་ལ་སྙིང་པོ་མེད་པ།"
2657088,2660937,3849,"ད་ལྟ། གསར་རྙིང་ཡོངས་གྲགས་ལ་སྔོན་འགྲོ་བློ་ལྡོག་རྣམ་པ་བཞི་མཚན་གཞི་ལྟ་བུ་ཞིག་ཡོད་ན།"
2660937,2665890,4953,"སྔ་ཕྱི་ཐེག་པའི། ཆུང་ངུའི་སྐེ་འདི་རེད། དེ་ནས། འདི་རང་གི་སེམས་ལ། ད་ལྟ་ལས་དང་པོ་པའི་སྐབས་ལ།"
2665890,2670368,4478,"ག་ཚོད་སྦྱར་ཐུབ་ན། དེ་ནས། ནང་པ་སངས་རྒྱས་པའི་ཆོས་ཀྱི་རྩ་བ་འདི་ངེས་བྱུང་གིས་བཟུང་དགོས་དུས།"
2670368,2671405,1037,"འདི་འོང་གི་རེད།"
2671405,2674413,3008,"དེ་ལ་གོམས་སོང་ན། དེ་ནས། དཔེར་ན། ཉན་རང་གི་ཐེག་པ་ལྟ་བུ་"
2674413,2676378,1965,"རང་དོན་གཅིག་པུ་ལ་མི་དྲན་པ།"
2676378,2679178,2800,"དེ་ནས། བྱང་ཆུབ་སེམས་དཔའི་སྤྱོད་པ་རྒྱ་མཚོ་ལྟ་བུ་ལ་བསླབས།"
2679178,2682100,2922,"སྤྱོད་པ་རྒྱ་མཚོ་ལྟ་བུ་བསླབ་རྫི་ཡི་རྩ་བ་དེ་"
2682100,2685588,3488,"བྱང་ཆུབ་ཀྱི་སེམས་ཟེར་མཁན་འདི། རང་གི་རྒྱུད་ལ་ཡང་ནས་ཡང་དུ་བསྒོམས།"
2685588,2688233,2645,"བྱང་ཆུབ་ཀྱི་སེམས་དེ་ལ། ཀུན་རྫོབ་བྱང་ཆུབ་སེམས་དང་།"
2688233,2690124,1891,"དོན་དམ་བྱང་ཆུབ་སེམས་གཉིས་ཡོད་རྒྱུ་རེད་དུས།"
2690124,2692653,2529,"དོན་དམ་བྱང་ཆུབ་ཀྱི་སེམས་དང་པོ་རྟོགས་ཁག་པོ་རེད་དུས།"
2692653,2694508,1855,"ཀུན་རྫོབ་བྱང་ཆུབ་སེམས་ཀྱི་སྒོ་ནས།"
2694508,2697985,3477,"ད་ལྟ་གོང་ནས་བཤད་པ་ལྟར་དུ། སྡུག་བསྔལ་དང་བྲལ་འདོད་ཀྱི་སྙིང་རྗེ།"
2697985,2699812,1827,"བདེ་བ་དང་ལྡན་འདོད་ཀྱི་བྱམས་པ།"
2699812,2701770,1958,"དེ་རྣམས་ཀྱིས་བློ་ལེགས་པར་སྦྱངས་ཏེ། དེ་ནས།"
2701770,2704790,3020,"ཐེག་པ་ཆེན་པོའི་བློ་སྦྱོང་དོན་བདུན་མ་ཟེར་མཁན་ལྟ་བུ་ཞིག་གིས། རྒྱུད་ལ་"
2704790,2706821,2031,"དེ་འདྲའི། ཡང་ནང་ཡང་དུ་སྦྱོང་བསྡད་ན།"
2706821,2708668,1847,"དེ་ནས། བདག་འཛིན་གྱི་འཁྲི་བ་དེ་ཆུང་།"
2708668,2711357,2689,"དེ་ནས། རང་གིས་ཚོགས་བསགས་སྒྲིབ་སྦྱངས་དགེ་བ་ཅི་བྱེད་ནའང་།"
2711357,2714244,2887,"སྒྱུ་མ་དང་རྨི་ལམ་ལྟ་བུའི་ངང་ནས་བྱེད་ཤེས་མཁན་ཞིག་བྱུང་ན།"
2714244,2716879,2635,"དེ་ནས། གཙོ་བོ། ཉམས་སུ་ལེན་བྱའི་མཐར་ཐུག་གི་སྙིང་པོ་"
2716879,2719775,2896,"གཏན་ལ་ཕབ་ས་འདྲ་འདི། བྱང་ཆུབ་སེམས་དཔའ་ཡི་ཐེག་པ་ལ་སླེབ་དགོས་རེད།"
2719775,2722017,2242,"དེ་ནས། བྱང་ཆུབ་སེམས་དཔའི་ཐེག་པ་འདིའི་སྟེང་ནས།"
2722017,2724088,2071,"དེ་ནས། གསང་སྔགས་རྡོ་རྗེ་ཐེག་པའི་ལམ་ལ་ཞུགས་དུས།"
2724088,2727088,3000,"སྨིན་བྱེད་ཀྱི་དབང་ཞུས། གྲོལ་བྱེད་ཀྱི་བསྐྱེད་རྫོགས་ཉམས་སུ་བླངས་ན།"
2727088,2730335,3247,"སངས་རྒྱས་གོ་འཕང་མྱུར་དུ་ཐོབ་པའི་ཐབས་རེད་དུས། འདི་འོང་གི་རེད་དུས།"
2730335,2734449,4114,"དཔེ་དེ་ལྟ་བུའི་ཐེག་པ་དེ་རྣམས་ནས་ལེགས་ཆ་ཐམས་ཅད་དེ། རང་གི་རྒྱུད་ལ་བཞག།"
2734449,2737718,3269,"དེ་ནས། རང་དོན་ཡིད་བྱེད་ཀྱི་བློ་ངན་པ་ལྟ་བུ་དེ་དང་།"
2737718,2739658,1940,"འཛིན་པ་ཐམས་ཅད་ཕར་སྤངས་ཏེ།"
2739658,2741425,1767,"རྫོགས་པའི་བྱང་ཆུབ་ཀྱི་གོ་འཕང་།"
2741425,2745298,3873,"དང་པོ་རང་ནི་བྱང་ཆུབ་གོ་འཕང་ཐོབ། གཞན་དོན་བྱེད་པའི་ནུས་པ་ཞིག་མེད་ན།"
2745298,2748367,3069,"སེམས་ཀྱིས་གཞན་དོན་ནུས་ན། ལུས་ངག་གཉིས་ཀྱིས་ཕན་ཐོགས་ཀྱི་མ་རེད་དུས།"
2748367,2750259,1892,"གོ་འཕང་འཐོབ་དགོས་པ་མཐོང་ནས།"
2750259,2755462,5203,"དེ་ནས། འཐོབ་བྱ། འབྲས་བུ་དེ་ལ། དཔེར་ན། རྗེ་བཙུན་མི་ལ་རས་པས་ཟུང་འཇུག་རྡོ་རྗེ་འཆང་གི་གོ་འཕང་མ་ཐོབ་ཀྱི་བར་ལ།"
2755462,2759137,3675,"མེ་ཡི་ཟས་སྤོང་། རི་ཁྲོད་དབེན་པའི་གནས་སུ་རི་དྭགས་བཞིན་དུ་རྒྱུགས། "
2759137,2763735,4598,"སྐུ་ལུས་ཀེང་རུས་འདྲ་མ་རེད་ཀྱི་བར་དུ་དཀའ་བ་སྤྱད་རྒྱུ་དེ། འབྲས་བུ་སངས་རྒྱས་ཀྱི་གོ་འཕང་ཟེར་འཐོབ་རྒྱུ་ཡོད་བསམ་"
2763735,2767641,3906,"དཀའ་བ་སྤྱད་བཞག་དུས། དེ་ནས། སྐུ་ཚེ་འདིའི་སྟེང་ནས་ཟུང་འཇུག་གི་གོ་འཕང་རྙེད་སོང་རེད།"
2767641,2770839,3198,"དེ་ནས། སློབ་མ་རྣམས་ཀྱིས། ཁྱེད་ནི་འཕགས་པ་སུའི་སྤྲུལ་བ་རེད།"
2770839,2772521,1682,"གཞན་དོན་ག་འདྲ་འབྱུང་རྫི་རེད།"
2772521,2775236,2715,"མི་ཕལ་པ་རེད་མི་འདུག་གསུངས་དུས། ཁྱོད་འདི། རྒྱུ་འབྲས་ལ་ཡིད་་་"
2775236,2779203,3967,"ལས་རྒྱུ་འབྲས་ལ་ཡིད་ཆེས་ཅིང་ངེས་བྱུང་རྣམ་པར་དག་པ་མ་བསྐྱེད་པའི་རྟགས་རེད་ཟེར་མ་གཏོགས།"
2779203,2783286,4083,"ལས་རྒྱུ་འབྲས་ལ་སྙིང་ཐག་པ་ནས་ཡིད་ཆེས། ངེས་བྱུང་རྣམ་པར་དག་པ་ཞིག་བསྐྱེད་ན།"
2783286,2788456,5170,"སོ་སོའི་སྐྱེ་བོ་ཐམས་ཅད་ཀྱིས། སངས་རྒྱས་ཀྱི་གོ་འཕང་བསྒྲུབ་ན་ང་ལྟ་བུ་གོ་འཕང་སྒྲུབ་ཐུབ་ཀྱི་རེད།"
2788456,2791614,3158,"དེ་ནས། སོ་སོའི་སྐྱེ་བོ་ལ་ངེས་བྱུང་དང་རྒྱུ་འབྲས་ལ་ཡིད་ཆེས་མེད་ཚར་དུས།"
2791614,2793711,2097,"ནང་ལ་བརྩོན་འགྲུས་དགོས་ན་བརྩོན་འགྲུས་མི་འདུག།"
2793711,2795284,1573,"དེ་འདྲ་འོང་གི་རེད། གསུངས་རེད།"
2795284,2800655,5371,"དེའི་ཕྱིར་ན། འབྲས་བུ་སངས་རྒྱས་ཀྱི་གོ་འཕང་འདི། མི་ཁ་སྐོམ་བསྡད་མཁན་ཞིག་གིས་ཆུ་འཐུང་འདོད་བསམ་པ་ལྟ་བུ་ཞིག་"
2800655,2803006,2351,"རྩེ་གཅིག་ཏུ་བཟུང་བའི་སྒོ་ནས་བྱས་ཏེ།"
2803006,2805213,2207,"དེས། འབྲས་བུ་སངས་རྒྱས་ཀྱི་གོ་འཕང་དེ་ལ།"
2805213,2808427,3214,"དེ་ནས། ད་ལྟ་གོང་ནས་ཞུས་པ་བཞིན་དུ། རང་གཅིག་པུ་མ་ཡིན་པར།"
2808427,2812654,4227,"ནམ་མཁའ་དང་མཉམ་པའི་སེམས་ཅན་ཐམས་ཅད། སངས་རྒྱས་ཀྱི་གོ་འཕང་ལ་བཀོད། བསམ་པ་ཞིག་བྱེད་ན།"
2812654,2815345,2691,"དེ་འབྲས་བུ་ལ་དམ་བཅའ་བ་སྨོན་པ་སེམས་བསྐྱེད།"
2815345,2817473,2128,"བྱང་ཆུབ་མཆོག་ཏུ་སེམས་བསྐྱེད་པ་རེད་འགྲོ་ཡི་རེད།"
2817473,2821547,4074,"དེ་ནས། བྱང་ཆུབ་སེམས་བསྐྱེད་པ་ཟེར་མཁན་འདི། ཕན་ཡོན་ཚད་མེད་པ་ཡོད་མཁན་དེ།"
2821547,2825398,3851,"ད་ལྟ་བསྐྱེད་རིམ། རྫོགས་རིམ། ལམ་ཟབ་མོ་རྣམས་དང་འདྲ་ཡི་མ་རེད།"
2825398,2828342,2944,"སེམས་ཀྱིས་ཀུན་སློང་ཞིག་བཅོས་དུས། རྣམ་རྟོག་གིས་བཟོ་ཆོག་གི་རེད།"
2828342,2831653,3311,"རྣམ་རྟོག་གིས་བཟོས་པ་འདི་ལ་བརྟེན་ཏེ། ཕན་ཡོན་ཚད་མེད་པ་ཡོད་རྒྱུ་རེད་དུས།"
2831653,2834622,2969,"དེའི་ཕྱིར་ན་རྒྱུ་ལ་དམ་བཅའ་བ་སྨོན་པ་སེམས་བསྐྱེད་བྱས།"
2834622,2838251,3629,"དེའི་རྗེས་སུ་དཱ། སངས་རྒྱས་ཀྱི་གོ་འཕང་ཐོབ་འདོད་ཙམ་ཞིག་གིས་ཕན་ཐོགས་མི་འགི་དུས།"
2838251,2841508,3257,"རང་གིས་སྦྱིན་པ་བཏང་། ཚུལ་འཁྲིམས་བསྲུངས་། བཟོད་པ་བསྒོམས།"
2841508,2842760,1252,"བརྩོན་འགྲུས་བརྩམས་ཏེ་"
2842760,2846199,3439,"དགེ་དགེ་བའི་རྩ་བ་རྒྱ་ཆེ་ཆུང་ག་ཚོད་བྱས་ནའང་།"
2846199,2849195,2996,"དེ་སེམས་ཅན་ཐམས་ཅད་ཀྱི་དོན་དུ་ཡིན། བསམ་པ་བྱས་ནས།"
2849195,2851504,2309,"གཞན་ཕན་གྱི་བསམ་པ་བཟང་པོས་ཀུན་ནས་བསླངས།"
2851504,2854218,2714,"སེམས་ནི་རྣམ་གཡེང་དང་བྱ་བྱེད་ཐམས་ཅད་ཕར་སྤོང་།"
2854218,2858696,4478,"རང་གི་དོན་དུ་ཚུལ་གནས་ཐོས་བསམ་སྒོམ་གསུམ་གྱི་སྒོ་ནས་སྤྱོད་པ་མང་པོ་ཕར་ཅིག་བྱས་ན།"
2858696,2861157,2461,"དེས་རང་གི་རྒྱུ་ཚང་ལ་མ་ནོར་བར་བྱེད།"
2861157,2864588,3431,"དེ་ནས། དེའི་ཞོར་ནས་སྦྱིན་པ་ཚུལ་འཁྲིམས་ལ་སོགས་པ་ཕ་རོལ་ཏུ་ཕྱིན་པ་དྲུག་དང་།"
2864588,2867499,2911,"སྦྱིན་དང་སྙན་སྨྲ་ལ་སོགས་པ་བསྡུ་བའི་དངོས་པོ་བཞི།"
2867499,2872466,4967,"བྱང་ཆུབ་སེམས་དཔའི་སྤྱོད་འཇུག་གི་ནང་ནས་གསུངས་པ་ལྟ་བུའི་གཞན་ཕན་གྱི་བསམ་པ་རྩེ་གཅིག་པ་སོགས་ཀྱི་སྒོ་ནས།"
2872466,2875040,2574,"དེ་ནས། ཚོགས་བསགས་སྒྲིབ་སྦྱངས་ག་ཚོད་བྱེད་ཐུབ་ན།"
2875040,2876876,1836,"དེ་ནས། རྫོགས་སྨིན་སྦྱོང་བ་མཐར་ཕྱིན་ནས་"
2876876,2880092,3216,"བྱང་ཆུབ་ཀྱི་སྤྱོད་པ་རྒྱ་མཚོ་ལྟ་བུ་འདི་ལ་དབང་འཐོབ་འགྲོ།"
2880092,2883001,2909,"བྱང་ཆུབ་ཀྱི་སྤྱོད་པ་རྒྱ་མཚོ་ལྟ་བུ་འདི་ལ་དབང་ཐོབ་སྟེ་"
2883001,2885113,2112,"ཀུན་རྫོབ་དངོས་ཤུགས་གཉིས་ཀྱི་འདི་ཡི་ཐོག་ནས།"
2885113,2887600,2487,"དོན་དམ་སྟོང་ཉིད་ཀྱི་བདེན་པ་དེ་མངོན་སུམ་དུ་རྟོགས་འོང་ན། "
2887600,2889997,2397,"དེ་ནས། སྟོང་ཉིད་སྙིང་རྗེའི་སྙིང་པོ་ཅན་ཟེར་རྒྱུ།"
2889997,2891914,1917,"སེམས་ཅན་གྱི་དོན་ག་ཚོད་སྒྲུབ་དགོས་ན་"
2891914,2893447,1533,"དཀའ་ཚེགས། ངལ་དུབ་མེད་པར།"
2893447,2895935,2488,"རང་དོན་ཡིད་བྱེད་ཀྱི་བློ་མི་སྐྱེ་བར།"
2895935,2899438,3503,"སྙིང་སྟོབས་ཀྱི་གོ་ཆ་ཆེན་པོ་ཞིག་ལས་འཇུག་འོང་རྒྱུ་རེད་དུས།"
2899438,2901062,1624,"དེའི་ཕྱིར་ན། དེ་ལྟ་བུ་ཡིན་དུས། "
2901062,2903884,2822,"དེ་ནས། ཐོག་མ་ལྟ་བ་དེ་གཏན་ལ་ཕབ་པ་དེ་ལ།"
2903884,2910155,6271,"གཞི་ཀུན་རྫོབ་དང་བདེན་པ་གཉིས་ཀྱི་སྒོ་ནས། དངོས་འཛིན་མཚན་མ། གང་ཟག་དང་ཆོས་ཀྱི་བདག་འདི་ཕར་བཤིགས་པའི་སྟོང་པ་ཉིད་དུ་བྱེད།"
2910155,2913489,3334,"སྟོང་ཉིད་འདིའི་ངང་ནས་གཞན་ཕན་གྱི་བསམ་པ་བཟང་པོ་ཡིས་ཀུན་ནས་བསླངས་ཏེ།"
2913489,2915468,1979,"སྨོན་འཇུག་གི་སེམས་གཉིས་བསྐྱེད་དེ།"
2915468,2917378,1910,"དེ་ནས། ཀུན་རྫོབ་ཉམས་ལེན། དོན་དམ་ཉམས་ལེན། "
2917378,2920839,3461,"རང་གིས། བདག་འཛིན་དང་ཉོན་མོངས་པ་གཉིས་དཱ། ག་ཚོད་འགྲོ་ན།"
2920839,2923217,2378,"དཔེར་ན་འཕྲུལ་འཁོར་མཁས་པས་གསང་ཐག་དཀྲོལ་བ་འདྲ་ཟེར། "
2923217,2926299,3082,"ཅིག། བདག་འཛིན་ཉོན་མོངས་ཀྱི་གཉེན་པོ་དེ་ལ་ག་ཚོད་འགྲོ་ནའང་།"
2926299,2927701,1402,"དེ་མ་ཐག་ཏུ་དེ་འོང་དུས།"
2927701,2931029,3328,"དཔེར་ན། དགྲ་བོའི་མཐོང་ན་མཚོན་ཆ་ལག་པས་བཟུང་བ་ལྟ་བུ་ཞིག་བྱས།"
2931029,2934994,3965,"བདེན་གཉིས་ཟུང་འཇུག་གི་སྒོ་ནས་ངེས་པ་རྙེད་པ་བརྟན་ཚུགས་པ་ཞིག་བཞག་སྟེ།"
2934994,2939071,4077,"ལམ་བསོད་ནམས་དང་ཡེ་ཤེས་ཀྱི་ཚོགས་གཉིས་ཟུང་དུ་འབྲེལ་བ་ཅན་ཞིག་བསྒོམས་ནས།"
2939071,2943782,4711,"སྟོང་ཉིད་སྙིང་རྗེའི་སྙིང་པོ་ཅན་གྱི་སྤྱོད་པ་རྣམ་པར་དག་པའི་ཐབས་ལ་ཡང་ནས་ཡང་དུ་འབད་དགོས་ལེ་རེད།"
2943782,2945824,2042,"དེའི་སྟེང་ན། བྱང་ཆུབ་སེམས་དཔའ་འཇམ་དཔལ་དབྱངས་དང་།"
2945824,2947716,1892,"སྤྱན་རས་གཟིགས་ཀྱི་རྣམ་པར་ཐར་པ་ལ་བསམ་ན།"
2947716,2949816,2100,"བློས་མི་ཞུམ་པ་ལྟ་བུ་ཡོད་པ་འདིའང་།"
2949816,2952566,2750,"དང་པོ། སོ་སོའི་སྐྱེ་བོ་ཞིག་གིས་བྱང་ཆུབ་ཏུ་ཐུགས་བསྐྱེད། "
2952566,2953773,1207,"དེ་ནས། ཚོགས་བསགས།"
2953773,2957361,3588,"ད་ལྟ་བྱང་ཆུབ་སེམས་དཔའི་སྤྱོད་པར་ཡང་། མཐར་རང་ཤུགས་ཀྱིས་འཕེན་འགྲོ་ཡི་ཡོད་རེད་ཟེར་མ་གཏོགས།"
2957361,2960943,3582,"དང་པོའི་དུས་ནས། སྙིང་རྗེ་བྱང་ཆུབ་སེམས་བསྐྱེད་ཡོང་བསྡད་རྫི་ཡིན་རྒྱུ་མ་རེད།"
2960943,2963946,3003,"དེའི་ཕྱིར་ན། དེ་ནས། བསླབ་པས། འབྲས་བུ་སྐུ་གཉིས་"
2963946,2966893,2947,"ཟུང་དུ་འཇུག་པའི་སྲིད་ཞི་མཐའ་ལ་མི་གནས་པའི་མྱ་ངན་འདས་པ་ཡི་"
2966893,2968741,1848,"ཐོབ་པའི་ཚུལ། མགོན་པོ་ཀླུ་ཡིས།"
2968741,2971594,2853,"སངས་རྒྱས་རྣམས་ཀྱི་གཟུགས་ཀྱི་སྐུ། །བསོད་ནམས་ཚོགས་ལས་སྐྱེས་པ་སྟེ། །"
2971594,2974433,2839,"ཆོས་ཀྱི་སྐུ་ནི་མདོར་བསྡུ་ན། །རྒྱལ་པོ་ཡེ་ཤེས་ཚོགས་ལས་འཁྲུངས། །"
2974433,2976466,2033,"ཞེས་གསུངས་པ་དང་། མགོན་པོ་ཞི་བ་ལྷས། "
2976466,2979534,3068,"སྟོང་ཉིད་སྙིང་རྗེའི་སྙིང་པོ་ཅན། །སྤྱོད་པས་བསོད་ནམས་དག་པར་འགྱུར། །"
2979534,2982698,3164,"ཞེས་པ་ལ་སོགས་པ་རྒྱ་ཆེན་པོ་གསུངས་པ་དེ་ཡིན།"
2982698,2984763,2065,"མཐའ་ཡས་པ་ཡོད་པའི་ཕྱིར་ན།"
2984763,2986638,1875,"དེ་ལྟ་བས་ན་སྦྱིན་པ་གཏོང་བའམ། "
2986638,2990199,3561,"ཚུལ་ཁྲིམས་བསྲུང་བ་ལ་སོགས་པ་སྤྱོད་པ་གང་བྱེད་པའི་གནས་སྐབས་སུ།"
2990199,2992590,2391,"སྟོང་ཉིད་ཀྱི་ལྟ་བ་འདིས་རྩིས་ཟིན་བསྡད་ན།"
2992590,2995359,2769,"དེ་ནས། སྟོང་ཉིད་ཀྱི་ལྟ་བ་འདི་ཡིས། རྗེས་ཐོབ་ཀྱི་སྤྱོད་པ་དེ་གའང་།"
2995359,2997618,2259,"ཐ་མལ་ལ་མི་ཤོར་བའི་དགོས་པ་ཡོད་རེད་དུས།"
2997618,3000450,2832,"དོན་དམ་པ་སྤྲོས་པའི་མཐའ་ཐམས་ཅད་དང་བྲལ་བ་དང་།"
3000450,3003500,3050,"ཀུན་རྫོབ་ཀྱི་སྒོ་ནས། ཆོས་ཉིད་སྤྲོས་པའི་མཐའ་ཐམས་ཅད་བྲལ་བ་"
3003500,3006503,3003,"དེ་ལྟར་མ་རྟོགས་པ་ལས། འགྲོ་བ་སེམས་ཅན་རྣམས་"
3006503,3010650,4147,"བྱང་ཆུབ་ཀྱི་གོ་འཕང་ལ་འགོད་པའི་ལྷག་བསམ་ཁྱད་པར་ཅན་གྱི་རྩིས་ཟིན་པར་བྱས་ཏེ།"
3010650,3013389,2739,"རང་གི་སེམས་འདི་དྲན་ཤེས་བག་ཡོད་ཀྱིས་རྒྱུད་བརློན་པར་"
3013389,3014343,954,"བྱེད་བསྡད་ན།"
3014343,3016870,2527,"དེ་ནས། སྤྱོད་པ་ཐམས་ཅད་རྣམ་པར་དག་པར་འགྱུར་བས།"
3016870,3020426,3556,"འདི་རེད། དེ་ནས། སྤྱོད་པ་དེ་དག་ལའང་རིགས་ཀྱི་རིགས་སྒོ་ནས་རྣམ་པར་དབྱེ་ན།"
3020426,3024669,4243,"གོང་དུ་ཐེག་པ་ཆེ་ཆུང་འབྲིང་གསུམ་ཡོད་པས། སྤྱོད་པ་ཆེ་ཆུང་འབྲིང་གསུམ་ཡོད་རྒྱུ་རེད།"
3024669,3026792,2123,"འདི། སྤྱོད་པ་རང་གི་རྣམ་པར་དབྱེ་བ་ནི།"
3026792,3030484,3692,"དེ་ནས། སྤྱོད་པ་དེ་ཉིད་ལའང་། དཱ། རྒྱ་ཆེན་པོ་ཡོད་ནའང་མདོར་བསྡུ་ན།"
3030484,3036820,6336,"བྱང་ཆུབ་སེམས་དཔའ་ལ། ཉེས་སྤྱོད་སྡོམ་པའི་ཚུལ་ཁྲིམས། དགེ་བ་ཆོས་སྡུད་ཀྱི་ཚུལ་ཁྲིམས། སེམས་ཅན་དོན་བྱེད་ཀྱི་ཚུལ་ཁྲིམས། རྣམ་པ་གསུམ་གྱི་སྒོ་ནས།"
3036820,3039064,2244,"རྒྱུད་རྣམ་པར་དག་པ་རང་ཤུགས་ཀྱིས་རེད་འོང་རྒྱུ་རེད།"
3039064,3043266,4202,"དེ་ཐམས་ཅད་ཀྱི་སྙིང་པོ་དེའང་། ད་ལྟ་ང་ཚོ་ལས་དང་པོ་པའི་གང་ཟག་ཐམས་ཅད་ཀྱིས།"
3043266,3047189,3923,"དྲན་ཤེས་བཞིན་བྱུང་ན། མདོ་སྔགས་ཀྱི་ལམ་ཚད་ཕྱིན་པར་འཇིགས་མེད་གླིང་པས་གསུང་རྒྱུ་རེད་དུས།"
3047189,3050166,2977,"དྲན་པ་དང་ཤེས་བཞིན་གཉིས་ཀྱིས་མ་རྙོག་པ་ཞིག་བྱུང་བསྡད་ན།"
3050166,3053191,3025,"དེ་ནས། རང་རྒྱུད་དགེ་བ་ལ་རང་ཤུགས་ཀྱིས་བཀོལ་ཐུབ་རྒྱུ་རེད།"
3053191,3055211,2020,"དེའི་ཕྱིར་ན། བྱང་ཆུབ་སེམས་དཔའི་སྡེ་སྣོད་ལས་"
3055211,3057840,2629,"རྒྱ་ཆེར་འབྱུང་བ་ལྟར་དུ་སྤྱོད་པར་ཤེས་པར་བྱ།"
3057840,3060157,2317,"དེ་དག་གིས་ཕ་རོལ་ཏུ་ཕྱིན་པའི་ལམ་ལ།"
3060157,3061990,1833,"ཚུལ་ཁྲིམས་བསྟན་བྱ་བསླབ་པ་གསུམ་དང་།"
3061990,3065614,3624,"འདིའི་ནང་ནས་ཀྱང་། ཏིང་ངེ་འཛིན་དང་ཤེས་རབ་རྣམ་པར་དག་པ་གཉིས།"
3065614,3068813,3199,"ཏིང་ངེ་འཛིན་འདི་རྟེན། ཤེས་རབ་འདི་བརྟེན་པའི་རང་བཞིན་གྱིས།"
3068813,3072220,3407,"ལྟ་བ་དང་། ཚུལ་ཁྲིམས་གཉིས་ཅེས། སྤྱོད་པའི་ཕྱོགས་བསྡུས་ཏེ།"
3072220,3074950,2730,"ལྟ་བ་རྣམ་པར་དག་པའི་སྟེང་ནས། སྤྱོད་པ་རྣམ་པར་དག་ན།"
3074950,3077228,2278,"ལྟ་སྤྱོད་གཉིས་ཀ་དག་ཚར་ན། དེ་ནས། "
3077228,3080692,3464,"ཕྱི་གཙང་ནང་གཙང་མེ་ཏོག་པདྨ་དཀར་པོ་ལྟ་བུ་ཞིག་རེད།"
3080692,3083086,2394,"ལྟ་སྤྱོད་རྣམ་པ་གཉིས་དག་པར་བྱ་བའི་ཚུལ་གྱིས་"
3083086,3084944,1858,"མདོར་བསྡུས་ཏེ་བསྟན་ཟིན་པ་རེད།"
3084944,3087353,2409,"དེ་ལྟ་བུའི་ངེས་པར་འབྱུང་བའི་བསམ་པས་ཟེར།"
3087353,3090357,3004,"དཱ། ད་ལྟ། ཐེག་པ་ཐམས་ཅད་གང་ཉམས་ལེན་བྱེད་ནའང་།"
3090357,3091775,1418,"མར་གྱི་ཉན་ཐོས་ཐེག་པ་ནས།"
3091775,3093218,1443,"མཐོ་ཡི་རྫོགས་པ་ེཆེན་པོ་མན་ཆོད།"
3093218,3096407,3189,"ཐེག་པ་གང་ཉམས་ལེན་བྱེད་ན། ངེས་འབྱུང་གི་ཡིད་བཟུང་བ་ཞིག་མ་བྱེད།"
3096407,3100782,4375,"ཚེ་འདིའི་དོན་གཉེར་ཞིག་དང་། རང་བཞིན་གྱིས་རྟོགས་པ་མཐོན་པོ་ཟེར་འདི། ལས་སླ་པོ་ཞིག།"
3100782,3104038,3256,"ཧབ་ཏ་གཅིག་གཉིས་ཀྱི་མཇུག་སྐྱེལ་འོང་བསམ་ན། གཏན་ནས་ཡོད་རྒྱུ་མ་རེད།"
3104038,3107998,3960,"དེའི་ཕྱིར་ན། ངེས་འབྱུང་ཟེར་མཁན་འདི། ཁམས་གསུམ་འཁོར་བ། སྡུག་བསྔལ་གྱི་རང་བཞིན་དུ་ཤེས་དགོས་རེད།"
3107998,3110155,2157,"ཁམས་གསུམ་འཁོར་བའི་སྡུག་བསྔལ་འདི་དང་འཁྲུལ་པ་བསགས་ན།"
3110155,3113097,2942,"ང་ཚོ་ཡི་ཚེ་རབས་ཐོག་མ་མེད་པ་ནས་ད་ལྟ་ཡན་ཆོད་དུ།"
3113097,3116161,3064,"འཁྲུལ་པ་ཁོ་ན་ཡི་ལས་སྤྱོད། འཁྲུལ་པ་ཨ་འཐས་སོང་རེད།"
3116161,3117911,1750,"དེ་ནས། འཁྲུལ་པ་དེ་ཕར་བཤིག་དགོས་ན།"
3117911,3121477,3566,"དེ་ནས། ལོ་ཟླ་བ་དབྱར་དུས་ཤིག་ལ། ཅིག། གཏན་ནས་ཐུབ་རྒྱུ་མ་རེད།"
3121477,3124718,3241,"དེའི་ཕྱིར་ན། མི་ཐུབ་པའི་ཚུལ་འདི། འཁོར་བ་འདི། དགྲ་བོ་འདི།"
3124718,3128585,3867,"རང་གི་རྒྱུད་ལ་ཆགས་སྡང་རྨོངས་གསུམ་གྱི་རྟོག་པ་འདི་ལམ་གྱི་གེགས་ཡིན་པར་ཤེས་ནས།"
3128585,3133842,5257,"དེ་ཕར་འཇོམ་གང་ཐུབ་ཐུབ་ཅིག་བྱེད་དགོས་བསམ་རྒྱུའི་ངེས་འབྱུང་གི་རྣམ་པར་དག་པ་ཞིག་བྱེད།"
3133842,3137043,3201,"ངེས་འབྱུང་རྣམ་པར་དག་པ་ཡི་སྒོ་ནས། ཆོས་ཀྱི་སྒོ་ལ་ཞུགས་ནའང་།"
3137043,3140369,3326,"འཇིག་རྟེན་སྐྱེ་བོ་འདི་ཡིས། དེ་ནས། གནས་སྐབས་ལྷ་དང་མིའི་བདེ་བ་དང་།"
3140369,3145532,5163,"ལྷའི་དབང་པོ་བརྒྱ་བྱིན་འཐོབ་པའི་དོན་དུ། གཏན་པ་མེད་པའི་ཆོས་སྦྱིན་བརྒྱ་རེ་ཙམ་བྱེད་མཁན། མི་ལ་དེ་འདྲ་འོང་རྒྱུ་རེད་དུས།"
3145532,3147611,2079,"དེ་ཐམས་ཅད་ཁམས་གསུམ་འཁོར་བ་ལ་འཁྱམ་་་་"
3147611,3149599,1988,"འཁྱམས་སོང་བ་རེད་དུས། ཕན་ཐོགས་ཡོད་རྒྱུ་མ་རེད།"
3149599,3152335,2736,"དཔེར་ན། ལྷའི་དབང་པོ་བརྒྱ་བྱིན་ལྟ་བུ་ཞིག་ལ་སྐྱེས་སོང་ན།"
3152335,3156267,3932,"བདེ་སྐྱིད་ལོངས་སྤྱོད་དང་། བདུད་རྩིའི་ཟས་ཟ་བ། རང་གི་ལུས་ཀྱི་འོད་ཀྱིས་"
3156267,3159856,3589,"དཔག་ཚད་རྒྱང་གྲགས་ཚུན་ཆོད་འཆར་འགྲོ་ལེ་ཟེར་མ་གཏོགས། ཉི་ཟླ་མི་དགོས་པ།"
3159856,3162369,2513,"ལུས་ལ་རིན་པོ་ཆེའི་རྒྱན་རེ་རེ་ཡིན་ནའང་།"
3162369,3164297,1928,"རིན་ཐང་བློས་དཀའ་བ་ཡོད་རེད། དེ་ནས།"
3164297,3166901,2604,"ཁམས་གསུམ་འཁོར་བའི་ས་བོན་འདི་གཏན་ནས་མ་སྤངས་ཟིན་དུས།"
3166901,3171832,4931,"སླར་ཡང་འཁོར་བ་ལ་མར་འཁྱམས་ཏེ། བདེ་བ་འདི་ཡི་མཐའ་སྡུག་བསྔལ་ལ་འགྱུར་མི་འགྲོ་བའི་ཐབས་ཡོད་རྒྱུ་མ་རེད་དུས།"
3171832,3174052,2220,"དེའི་ཕྱིར་ན། འཁོར་བར་ནི་ག་ཚོད་སྐྱེས་ནའང་"
3174052,3177986,3934,"སྡུག་བསྔལ་གྱི་རང་བཞིན་ཡིན། བསམ་པ་ཡི་སྒོ་ནས་འཁོར་བ་ལ་མ་ཆགས་པ།"
3177986,3179667,1681,"དེ་ནས། འཁོར་བ་ལ་མ་ཆགས་པ་འདི་རང་"
3179667,3181378,1711,"རྐྱང་པ་ཞིག་ཡོད་ན་ཕན་རྒྱུ་མ་རེད། "
3181378,3183704,2326,"ནམ་མཁའ་མཐའ་དང་མཉམ་པའི་སེམས་ཅན་འདི་ཐམས་ཅད་"
3183704,3185992,2288,"འཁོར་བའི་གནས་རིས་འདི་ནས། ཡར་སྒྲོལ་ཐུབ་དགོས་འདུག་"
3185992,3188586,2594,"བསམ་རྒྱུ་ཀུན་རྫོབ་བྱང་ཆུབ་ཀྱི་སེམས་ཀྱི་སྒོ་ནས།"
3188586,3191734,3148,"དེ་བྱས་དུས། དེ་རང་གི་དོན་སྐད་ཅིག་ཙམ་ཡང་ཡལ་བ་མི་དོར།"
3191734,3194453,2719,"ད་ལྟ་རང་རི་ཁྲོད་དབེན་པའི་གནས་སུ་བསྡད།"
3194453,3198073,3620,"བླ་མ་དགེ་བའི་བཤེས་གཉེན་གྱི་བསྟེན་དུས། གདམས་ངག་རྩེ་གཅིག་ཏུ་ཉམས་སུ་བླངས་ན།"
3198073,3200844,2771,"ཀུན་སློང་གིས། སེམས་ཅན་ཐམས་ཅད་ཀྱི་དོན་དུ་ཡིན་བསམ་ནས།"
3200844,3203748,2904,"ཕྱི། ལྟར་སྣང་དུ། མི་མང་པོ་ཆོས་ལ་བཀོད་པ་ལྟ་བུ་དང་།"
3203748,3206938,3190,"འགྲོ་དོན་ཕྲིན་ལས་རྒྱ་ཆེན་པོ་འབྱུང་རྫི་ཡི་འདྲ། ཡེ་མ་ཐོབ་ནའང་།"
3206938,3210062,3124,"དེ། བྱང་ཆུབ་སེམས་དཔའི་སྤྱོད་པ་རང་ཤུགས་ཀྱིས་རེད་བསྡད་རྫི་ཡོད་རྒྱུ་རེད་དུས།"
3210062,3211132,1070,"དེའི་ཕྱིར་ན། "
3211132,3215090,3958,"བྱང་ཆུབ་ཀྱི་སེམས་འདི་ཡིས། རང་གི་དོན་ཡིད་བྱེད་ལ་ཆགས་མ་ཆགས་པ་དང་།"
3215090,3216589,1499,"དེའི་སྟེང་ནས། དེ་ནས།"
3216589,3219795,3206,"སྟོང་ཉིད་ལྟ་བ་ཡང་དག་པ་ཞིག། ཁ་སང་གཏན་ལ་ཕབ་པ་བཞིན་དུ་"
3219795,3222170,2375,"རྒྱུད་ལ་བསྐྱེད་འོང་ན། དོན་དམ་བྱང་ཆུབ་ཀྱི་སེམས་རེད།"
3222170,3224538,2368,"འདི། སྤྲོས་པ་མཐའ་དག་ཉེ་བར་ཞི་བ་དེས་ནི། "
3224538,3227238,2700,"དེ་ནས། དངོས་པོ་དང་མཚན་མ་ལ་མ་ཆགས་པ་རེད་འོང་བ་ "
3227238,3231356,4118,"འདི་ཞི་བ་ལྷས། ཐམས་ཅད་ནམ་མཁའ་འདྲ་བ་འདི། །བདག་འདྲས་ཡོངས་སུ་གཟུང་བར་བགྱི། །ཟེར་"
3231356,3232431,1075,"དེ་རྒྱུད་ལ་བསྐྱེད་འོང་ན།"
3232431,3235310,2879,"དེ་ནས། མ་ཆགས་པ་རྣམ་པ་གསུམ་གྱི་རང་བཞིན་དུ་བློ་སྦྱངས་ན།"
3235310,3238944,3634,"དེས་ཐེག་པ་ཆེན་པོའི་ལམ་མཐར་ཐུག་པ་ཞིག་རྒྱུད་ལ་སྐྱེ་འགྲོ་ལེ་རེད།"
3238944,3240472,1528,"དེ་ལྟར་མ་སྐྱེ་ཡི་བར་དུ་"
3240472,3243494,3022,"ཡང་། འདི་ལྟ་བུ་མན་ངག་ཉུང་ཉུང་ཡིན་ན་ཡང་།"
3243494,3246346,2852,"ཐེག་པ་ཐམས་ཅད་ཀྱི་དོན་གྱི་སྙིང་པོ་བསྡུས་བཞག་ཡོད་རེད་དུས།"
3246346,3248510,2164,"དེ་ནས། འདི་ལྟ་བུ་འདི། དང་པོ་ཐོས་པ་བྱེད། "
3248510,3250407,1897,"བར་དུ་བསམ་པ་བྱེད། གཏན་ལ་ཕབ་ནས།"
3250407,3253964,3557,"རང་ཉིད་ཀྱི་རྒྱུད་ཀྱི་ཉོན་མོངས་ཀྱི་གཉེན་པོར་ག་ཚོད་འགྲོ་ཐུབ་ཐུབ་བཞག་དུས།"
3253964,3257162,3198,"དཱ་ཡོད་པ་ཡིན་ནོ།།"
3257162,3259224,2062,""
3259224,3261765,2541,"ཐུན་མོང་དུ་ཕ་རོལ་ཏུ་ཕྱིན་པའི་ལམ་ལ་"
3261765,3263985,2220,"སློབ་པའི་ཚུལ་དེ་ཉིད་སོང་ཟིན་ཏེ།"
3263985,3270430,6445,"གཉིས་པའང་། རྡོ་རྗེ་ཐེག་པའང་། སྔགས་ཀྱི་ལམ་གྱི་ཚུལ་བསྟན་པར་འགྱུར་བ་འདི་རེད་དུས།"
3270430,3274190,3760,"འདི་ནི། "
3274190,3280424,6234,""
3280424,3283000,2576,"གོང་གི་བཤད་པ་དེ་ལྟར་ན།"
3283000,3285870,2870,"ཐེག་པ་ཆུང་ངུ་ཉན་ཐོས་དང་རང་སངས་རྒྱས་ཀྱི་"
3285870,3289757,3887,"ལམ་ལ་བརྟེན་ཏེ། ཁམས་གསུམ་ལས་ངེས་པར་འབྱུང་བའི་བསམ་པས།"
3289757,3293861,4104,"ཁམས་གསུམ་འཁོར་བ་ལ་མ་ཆགས་པའི། འདིའི་ཐབས་ཀྱང་ཟིན་པའི་དབང་དུ།"
3293861,3295859,1998,"ཀུན་རྫོབ་བྱང་ཆུབ་སེམས་ཀྱིས་"
3295859,3299253,3394,"ཐེག་དམན་ཉན་ཐོས་ལམ་གྱི་རང་དོན་ཡིད་བྱེད་ལ་མ་ཆགས་པའི་"
3299253,3301149,1896,"ཞི་བ་མྱ་ངན་ལས་འདས་པའི་ལམ་"
3301149,3305165,4016,"ཕྱོགས་གཅིག་ཏུ་མ་ལྷུང་བར། བྱང་ཆུབ་སེམས་དཔའི་སྤྱོད་པ་ལ་འཇུག་པ་དང་།"
3305165,3307365,2200,"དེ་ལྟ་བུའི་སྲིད་ཞི་གཉིས་ལས་འདས་པའི་"
3307365,3309876,2511,"མཐར་ཐུག་གི་ལམ་གྱི་ངོ་བོ་གང་ཡིན་ཞེ་ན།"
3309876,3311985,2109,"དོན་དམ་པ་བྱང་ཆུབ་ཀྱི་སེམས་"
3311985,3314816,2831,"སྤྲོས་པ་མཐའ་དག་ཉེ་བར་ཞི་བས་"
3314816,3317550,2734,"དངོས་པོ་དང་མཚན་མ་ལ་མ་ཆགས་པ་གསུམ་གྱིས་"
3317550,3319441,1891,"རིམ་པ་བཞིན་དུ་བློ་སྦྱངས་ཏེ།"
3319441,3321733,2292,"དེ་ལྟ་བུའི་ལམ་སྔོན་དུ་འགྲོ་ཟིན་པའི་རྗེས་སུ།"
3321733,3325164,3431,"དཱ་གཉིས་པ་གསང་བ་སྔགས་ཀྱི་ལམ་ལ་སློབ་པའི་ཚུལ་གྱིས། "
3325164,3328250,3086,"ཅིག་བསྟན་པ་འདི་ལ། ལམ་གྱི་འཇུག་སྒོ་སྤྱིར་བསྟན་པ་དང་།"
3328250,3332004,3754,"ལམ་རང་གི་ངོ་བོ་འབྲས་བུ་དང་བཅས་པ་བྱེ་བྲག་ཏུ་བཤད་པའི་ནང་ནས།"
3332004,3334545,2541,"དང་པོ་ལམ་གྱི་འཇུག་སྒོ་སྤྱིར་བསྟན་པ་ནི།"
3334545,3337040,2495,"མྱུར་དུ་ཡེ་ཤེས་མཆོག་ཐོབ་སླད། །"
3337040,3340117,3077,"ཐབས་ཀྱིས་ཁྱད་པར་གྱིས་ཕྱེ་བའི། །བླ་མེད་རྡོ་རྗེ་ཐེག་པ་ནི། །"
3340117,3342044,1927,"བློ་བཟང་རྣམས་ཀྱིས་དང་དུ་བླངས། །"
3342044,3345663,3619,"ཞེས་པ་ལ་སོགས་པ་སྟེ། དེ་ཡང་། སྤྱིར་ཐེག་པ་ཆེན་པོའི་ལམ།"
3345663,3348795,3132,"བྱང་ཆུབ་སེམས་ཀྱི་རིམ་པ་དེ་ལ་ཚུལ་བཞིན་དུ་བསྒོམས་ན།"
3348795,3351904,3109,"མཐར་ཐུག་རྫོགས་པའི་སངས་རྒྱས་ཀྱི་གོ་འཕང་འཐོབ་འཐོབ་ཀྱི་རེད་དེ།"
3351904,3355527,3623,"དེ་ལས་ཀྱང་ལམ་མྱུར་བ། དབང་པོ་རབ་ཏུ་འགྱུར་བའི་གང་ཟག་ཡིན་ན་"
3355527,3358567,3040,"ཚེ་གཅིག་ལུས་གཅིག་གི་སྟེང་དུ་ཟུང་འཇུག་གི་གོ་འཕང་དང་།"
3358567,3361429,2862,"དེ་ལྟར་མེད་ན་སྐྱེ་བ་གསུམ་དང་བདུན་ལ་སོགས་པ་་་་"
3361429,3365130,3701,"ཕན་མི་འགྱུར་པ། གཞན་དོན་དུ་རྫོགས་པའི་བྱང་ཆུབ་ཀྱི་"
3365130,3368048,2918,"ཡེ་ཤེས་མཆོག་འདི་ནི་ཐོབ་པར་བྱ་བའི་ཕྱིར་དུ།"
3368048,3370953,2905,"ཐེག་པ། གསང་སྔགས་རྡོ་རྗེ་ཐེག་པའི་ལམ་ལ་འཇུག་དགོས།"
3370953,3372969,2016,"སྤྱིར་མདོ་དང་སྔགས་ཀྱི་ལྟ་བ་གཉིས་"
3372969,3376176,3207,"སྤྲོས་པའི་མཐའ་བརྒྱད་དང་བྲལ་བ། ཡུལ་ཙམ་གྱིས་ཙམ་གྱི་ངོས་ནས།"
3376176,3379080,2904,"མདོ་སྔགས་ཀྱི་ལྟ་བ་ལ་ཁྱད་པར་ཡོད་མ་རེད་དེ།"
3379080,3381580,2500,"འདི་ལྟ་བ་དེ་རྟོགས་པར་བྱེད་པའི་ཡུལ་ཅན་"
3381580,3383458,1878,"གྱི་སྒོ་ནས་གཏན་ལ་ཕབ་ན། "
3383458,3385632,2174,"དེ་ནས། གསང་སྔགས་རྡོ་རྗེའི་ཐེག་པའི་ལམ་ནི།"
3385632,3389218,3586,"ཀུན་འབྱུང་གི་བདེན་པ་སྤང་བྱ་དང་། འགོག་པའི་བདེན་པ་སྤོང་བླང་བྱ་"
3389218,3392844,3626,"ཡིན་པ་དེ་ཉིད། སྣང་བ་ལྷ་དང་ལྷ་མོའི་རང་བཞིན་དུ་"
3392844,3394693,1849,"ཤེས་ཚར་དུས། དེའི་ཕྱིར་ན།"
3394693,3397380,2687,"ཀུན་རྫོབ་བདེན་་་་དག་པ་ཆེན་པོའི་ངོ་བོ་"
3397380,3399243,1863,"བསྟན་འགྲོ་ལེ་མ་གཏོགས་ཡོད་མ་རེད།"
3399243,3401459,2216,"དེ་ནས། དོན་དམ་མཉམ་པ་ཆེན་པོ་ཟེར་རྫི་དང་།"
3401459,3404359,2900,"རོ་མཉམ་བདེན་པ་དབྱེར་མེད་ཀྱི་ལྟ་བ་ལ། གཏན་ལ་ཕབ་དུས།"
3404359,3407148,2789,"རྒྱུ་རྐྱེན་གྱི་སྣང་བ་ཐམས་ཅད། ལྷ་དང་ཡེ་ཤེས་སུ་"
3407148,3408252,1104,"ཤར་བར་ཤེས་དུས།"
3408252,3410903,2651,"དེ། ལྟ་བ་རྟོགས་བྱེད་དེ། ཡུལ་ཅན་གྱི་ཤེས་པ་རེད་དུས།"
3410903,3414712,3809,"དེ་ནས། གསང་སྔགས་རྡོ་རྗེ་ཐེག་པའི་ལམ་ལ། ཁྱད་པར་དུ་འཕགས་པ་ཐབས་ཀྱིས་ཁྱད།"
3414712,3418314,3602,"དེ་ལྟ་བུའི་ཐབས་ཀྱི་རིམ་པ། ཡུལ་དང་ཡུལ་ཅན། ཀུན་རྫོབ་དག་པ་ཆེན་པོ་དང་"
3418314,3420932,2618,"དོན་དམ་མཉམ་པ་ཆེན་པོ་གཏན་ལ་ཕབ་རྫི་དེ།"
3420932,3423771,2839,"དེ་ནས། གསང་སྔགས་རྡོ་རྗེ་ཐེག་པའི་ལམ་ལ་ཡང་འཇུག་པའི་སྒོ་ནས།"
3423771,3425430,1659,"འབེབས་སུ་ཡོད་རེད་དེ།"
3425430,3426975,1545,"འདིས། གནས་་་་དག་པ་དང་།"
3426975,3429501,2526,"མཉམ་པ་ཆེན་པོ་སྒྲ་ཇི་བཞིན་ཕབ་ས་དེ་ཉིད་"
3429501,3433454,3953,"རྣལ་འབྱོར་བླ་ན་མེད་པའི་ལམ། མ་ཧ་ཨ་ནུ་ཨ་ཏི་གསུམ་ཀྱིས་ནི་ཕབ་ཀྱི་ཡོད་རེད།"
3433454,3436771,3317,"དེ་ལྟ་བུའི་རྣལ་འབྱོར་བླ་ན་མེད་པའི་རྡོ་རྗེ་ཐེག་པ་འདི་ནི།"
3436771,3439217,2446,"སྤྱིར་དུ། ཐེག་པ་ཆེན་པོའི་རིགས་ཅན་"
3439217,3441601,2384,"བྱང་ཆུབ་སེམས་དཔའི་རིགས་ཅན་མ་གཏོགས་པས་"
3441601,3445440,3839,"གང་ཟག་བློ་ཆུང་ཐེག་དམན་གྱི་རིགས་ཅན་རྣམས་ཀྱིས། དེ་མངོན་དུ་བྱེད་ཐུབ་ཀྱི་མ་རེད།"
3445440,3447909,2469,"དེ་ནས། བྱང་ཆུབ་སེམས་དཔའི་རིགས་ཅན་ཡིན་ནའང་། "
3447909,3451310,3401,"གསང་སྔགས་རྡོ་རྗེ་ཐེག་པ། དབང་པོ་རྣོན་པོ་ཡི་དབང་དུ་བྱས་ཏེ།"
3451310,3454495,3185,"དེ་ནས། ཚུལ་གསུམ་སྒྲོན་མ་ནས། དོན་གཅིག་མ་ལོན་ལ་ཡང་མ་རྨོངས་དང་། །"
3454495,3457691,3196,"ཐབས་མང་དཀའ་བ་མེད་པ་དང་། །དབང་པོ་རྣོན་པོ་དབང་བྱས་པས། །"
3457691,3461627,3936,"གསུངས་འདུག། དབང་པོ་རབ་ཏུ་འགྱུར་བ། བྱང་ཆུབ་སེམས་དཔའ་སྔགས་ཀྱི་རིགས་ཅན་རྣམས་ཀྱིས།"
3461627,3464028,2401,"བློ་བཟང་རྣམས་ཀྱིས་དང་དུ་བླང་བར་བྱ་བ་ནི།"
3464028,3466376,2348,"གསང་སྔགས་རྡོ་རྗེ་ཐེག་པ་དེ་ཉིད་ཡིན་པས་ན།"
3466376,3467973,1597,"དེ་གཏན་ལ་ཕབ་དགོས་པ་ཡིན།"
3467973,3470544,2571,"དེ་གཏན་ལ་ཕབ་དགོས་པའི་རྒྱུ་མཚན་གང་རེད་ཟེར་ན།"
3470544,3471848,1304,"ལམ་མྱུར་བ་དང་།"
3471848,3473613,1765,"བདེ་བ་དང་། ཐབས་ཟབ་པ་དང་"
3473613,3476510,2897,"ཡང་ནི། ཁྱད་པར་དུ་འཕགས་པའི་ཚུལ་ཡོད་རྒྱུ་རེད་དུས།"
3476510,3478215,1705,"འདིས་བསྟན་པ་རེད།"
3478215,3480755,2540,"དེ་ནས། ལམ་རང་་་་གཉིས་པ་ལམ་རང་གི་ངོ་བོ་འདི་"
3480755,3484401,3646,"འབྲས་བུ་དང་བཅས་པ་བསྟན་པ་དེ་ཉིད་ལ། བཤད་པ་འདི་ལ།"
3484401,3486533,2132,"སྤྱིར་རྡོ་རྗེ་ཐེག་པའི་ལམ་ཐམས་ཅད་"
3486533,3487792,1259,"མདོར་བསྡུས་བཞག་ན།"
3487792,3491646,3854,"དེ་ནས། རྒྱུད་སྡེ་ཆེན་པོ་དྲུག་དང་། རྒྱུད་སྡེ་ཆེན་པོ་བཞི་གང་ལྟར་དབྱེ་ན།"
3491646,3493286,1640,"དེ་ཐམས་ཅད་ཀྱི་ལམ་གྱི་་་་"
3493286,3495949,2663,"སྨིན་བྱེད་ཀྱི་དབང་དང་། གྲོལ་བྱེད་ཀྱི་ཁྲིད་གཉིས་སུ་"
3495949,3497644,1695,"བསྡུས་པའི་དབང་དུ་བཏང་ནས། "
3497644,3500359,2715,"དང་པོ་སྨིན་བྱེད་དབང་གི་རྣམ་པར་གཞག་པ་འདི་"
3500359,3502613,2254,"བསྟན་པར་མཛད་པ་རེད་དུས། དེ་ནས་ཡང་།"
3502613,3504561,1948,"རྩ་རླུང་ཐིག་ལེ་ཡེ་ཤེས་ཁམས། །"
3504561,3507409,2848,"སྐུ་བཞིའི་འབྲས་བུར་སད་པའི་སླད། །རྒྱུ་དང་ལམ་གྱི་དབང་བཞི་ཡི། །"
3507409,3508995,1586,"ས་བོན་རྟག་ཏུ་གདབ་པར་རིགས། །"
3508995,3511387,2392,"ཞེས་པའི་སྒོ་ནས་སྨོས་པར་མཛད་པ་སྟེ།"
3511387,3513042,1655,"དེ་ཡང་དབང་ཟེར་རྒྱུ་འདི།"
3513042,3516830,3788,"གསང་སྔགས་ཀྱི། དེ་དཔེར་ན། རྒྱུད་སྡེ་ཆེན་པོ་དྲུག་ཀ་རེ་རེ་བཞིན་དུ།"
3516830,3519271,2441,"དབང་གི་རྣམ་པ་དབྱེ་བསྡུ་མང་པོ་ཞིག་ཡོད་རེད།"
3519271,3521773,2502,"དེའི་ནང་ནས་གསང་སྔགས་བླ་མེད་ཀྱི་རྒྱུད་སྡེ་རེད་ཚར་ན།"
3521773,3525850,4077,"རྒྱུད་སྡེ་རེ་རེ་བཞིན་དུ་དབང་གི་རྣམ་པ། ཕར་དབྱེ་བ་དང་། ཚུར་བསྡུ་བ།"
3525850,3527356,1506,"མང་པོ་ཞིག་གསུངས་རེད་དེ།"
3527356,3529548,2192,"མདོར་ན། དབང་ཐམས་ཅད་མདོར་བསྡུས་བཞག་ན།"
3529548,3532466,2918,"དབང་བཞི་ཡི་ནང་ནས་མ་བསྡུས་པ་གཅིག་རྐྱང་ཡོད་རྒྱུ་མ་རེད།"
3532466,3535525,3059,"དེ་ནས། དབང་བཞི་རུ་ངེས་དགོས་པའི་རྒྱུ་མཚན་དེ་གང་རེད་ཟེར་ན།"
3535525,3537830,2305,"དབང་བསྐུར་ས་ཡི་རྟེན་འདི་གང་རེད་ཟེར་ན།"
3537830,3541351,3521,"ང་ཚོ་ད་ལྟ། དལ་འབྱོར་བཅོ་བརྒྱད་ལྡན་པའི་མི་ལུས་རིན་པོ་ཆེ་འདི།"
3541351,3543279,1928,"སྤྱིར་དུ་གླིང་གསུམ་པོ་ཐམས་ཅད་"
3543279,3544207,928,"མི་ཡི་ལུས་རེད་དུས།"
3544207,3547828,3621,"དེ་ནས་ཀྱང་། འཛམ་བུ་གླིང་པའི་ལས་ཀྱི་ས་པ་རེད་སོང་རྫི་དེ་ལ།"
3547828,3551670,3842,"དེ་ནས། ས། ཆུ། མེ། རླུང་། ནམ་མཁའ་ཡེ་ཤེས་ཀྱི་ཁམས་དེ།"
3551670,3553014,1344,"ཁམས་རགས་པ་ཞིག་དང་། "
3553014,3554592,1578,"ལས་ཀྱི་ས་པ་རེད་སོང་རྫི་ཡི་"
3554592,3558364,3772,"གསང་སྔགས་རྡོ་རྗེ་ཐེག་པའི་ལམ་གྱི་རྟེན་ཐུན་མོང་མ་ཡིན་པར་འགྱུར་བ་"
3558364,3560456,2092,"འཛམ་བུ་གླིང་པ་འདི་ཡིན་རེད།"
3560456,3563263,2807,"དེ་ནས། ལམ་གྱི་རྟེན་ཐུན་མོང་མ་ཡིན་པ་འདི་གང་རེད་ཟེར་ནགྱི།"
3563263,3566436,3173,"ད་ལྟ་ང་ཚོ། གསང་སྔགས་རྡོ་རྗེ་ཐེག་པའི་དབང་དུ་བྱས་ན།"
3566436,3568808,2372,"དེ་ནས། འདི་ལ་རེད། རྡོ་རྗེའི་ཕུང་པོ་ཟེར།"
3568808,3570736,1928,"རྡོ་རྗེ་ཕུང་པོ་ཡིན་དུས། གང་རེད་ཟེར་ན།"
3570736,3572646,1910,"རྒྱུ་མཚན་ཉིད་ཐེག་པའི་ལམ་དུ་ཡིན་ན།"
3572646,3577703,5057,"ཟག་བཅས་སྡུག་བསྔལ་དང་ལྡན་པའི་མཚན་གཞི། སྤང་བྱ་རུ་འདོད་པ་དེ་ཉིད། གསང་སྔགས་རྡོ་རྗེ་ཐེག་པའི་ལམ་ནས།"
3577703,3580044,2341,"ཕུང་པོ་ལྔ་རིགས་ལྔ། འབྱུང་བ་ལྔ་ཡུམ་ལྔ།"
3580044,3583877,3833,"དབང་ཡོན་སེམས་དཔའ་སེམས་མ། ཡན་ལག་ཁྲོ་བོ་ཁྲོ་མོའི་རང་བཞིན་དུ་སྒོམ་འགྲོ་དུས།"
3583877,3586779,2902,"དེ་ནས། མ་དག་པའི་སྤང་བྱ་མ་རགས། དབང་བསྐུར་ས་ཡི་རྟེན་རེད།"
3586779,3590253,3474,"ཕུང་པོ་ལྔ་དེ་ཚུར་འཕྲོ་རྫི་ཡི་རྩ་བ་གང་ལས་བྱུང་ཟེར་ན།"
3590253,3592378,2125,"དེ་ནས། གནས་པ་རྩར། གཡོ་བ་རླུང་། "
3592378,3595408,3030,"བཀོད་པ་ཐིག་ལེ་བྱང་ཆུབ་སེམས་ཀྱི་རང་བཞིན་དེ་དང་།"
3595408,3596919,1511,"འདི། རྩ་རླུང་ཐིག་ལེ་དེ།"
3596919,3598543,1624,"ཁྱབ་ ཁྱབ་བྱ་ཟེར་དུས།"
3598543,3600246,1703,"ཁྱབ་བྱེད་གང་གིས་ཁྱབ་ཡོད་རེད་ཟེར་ན།"
3600246,3603166,2920,"བརྟེན་པ་ཡེ་ཤེས་ཀྱིས་དེ་ཐམས་ཅད་ལ་ཁྱབ་བསྡད་ཡོད་རེད།"
3603166,3605142,1976,"དེ་ནས། ཡེ་ཤེས་ཟེར་མཁན་འདི་གང་རེད་ཟེར་ན།"
3605142,3606824,1682,"ཁ་སང་མདོ་ཡི་སྐབས་ནས་བཤད་པའི་"
3606824,3609359,2535,"གཞི་བདེ་གཤེགས་སྙིང་པོ་ཡོད། ཟེར་མཁན་དེ་རེད་དུས།"
3609359,3612459,3100,"དེའི་ཕྱིར། དབང་བསྐུར་ས་ཡི་རྟེན་ལ་ཡང་། རྩ་དང་གཅིག།"
3612459,3614661,2202,"རླུང་དང་གཉིས། ཐིག་ལེ་དང་གསུམ། "
3614661,3615805,1144,"ཡེ་ཤེས་བཞི་ཡོད་རེད། "
3615805,3619429,3624,"དེ། ཡེ་ཤེས་བཞི་པོ་དེ་ལ། ད་ལྟ་མ་དག་པའི་ལས་རླུང་གིས་"
3619429,3621120,1691,"རྩ་དང་རླུང་དང་ཐིག་ལེ་དང་"
3621120,3622852,1732,"ཡེ་ཤེས་དེ་ཉིད་ཕར་གྲིབ་བསྡད་ཡོད་རེད།"
3622852,3626058,3206,"དེ། བསྒྲིབས་པ་དེ་ནི། དེ་ནས། དབང་བསྐུར་འོང་དུས། དཔེར་ན།"
3626058,3628908,2850,"དབང་གི་ནུས་པ་འདིས། སྒྲིབ་པ་འདི་ཕར་སྐྲོད།"
3628908,3632161,3253,"ནང་ནས་ཡེ་ཤེས་ཀྱི་ས་བོན། རྒྱུད་ལ་ཡོད་པ་འདི་ཚུར་"
3632161,3635607,3446,"རྒྱུད་ལ་གསར་དུ་བླུག་འོང་བ་བཞིན་དུ་སད་པར་བྱེད་པའི་ཕྱིར་ན།"
3635607,3639282,3675,"དེ་ནས། སྦྱོང་རྒྱུ། དྲི་མ་ཡི་དབང་དུ་བྱས་ན་རྣམ་པ་བཞི་ཡོད་རེད།"
3639282,3641900,2618,"དེ་ནས། འདི་རྣམ་པ་བཞི་པོ་ཡི་དྲི་མ་སྦྱངས་ཚར་དུས།"
3641900,3645244,3344,"དག་པའི་ཞིང་ཁམས་འདི། དབྱིངས་ཀྱི་རང་བཞིན་མངོན་དུ་འགྱུར་བ་ལས། ཟེར་དུས།"
3645244,3647478,2234,"ཀུན་ དེ། དོན་དམ་པ་དང་། "
3647478,3650596,3118,"ཀུན་རྫོབ་ཀྱི་བདེན་པ་འདི་གཉིས་ལ་སྣང་ཚུལ་ངོ་མ། གནས་ཚུལ་དང་།"
3650596,3652552,1956,"སྣང་ཚུལ་གཉིས་ཀ་ཡི་དབང་དུ་བྱེད་ན།"
3652552,3655405,2853,"དག་པ་ཆེན་པོ་དང་མཉམ་པ་ཆེན་པོ་དེ་ཉིད་རེད་དུས།"
3655405,3659272,3867,"དེ་ནས། མ་དག་པའི་གནས་སྐབས་ན། དག་པ་ཆེན་པོ་དང་མཉམ་པ་ཆེན་པོ་དེ།"
3659272,3662768,3496,"ཐ་མལ་གྱི་ཕུང་ཁམས་བསྐྱེད་མཆེད།"
3662768,3666249,3481,"སྣོད་བཅུད་རྒྱུད་གསུམ་གྱིས་"
3666249,3667166,917,"ཕར་སྒྲིབ་བསྡད་ཡོད་རེད།"
3667166,3669397,2231,"འདི། གྲིབ་པར་གྱུར་བ་འདི། ཕར་དག་ཚར་ན།"
3669397,3670948,1551,"དེ་ནས། དག་པའི་ཞིང་ཁམས་རེད།"
3670948,3673774,2826,"དེ་ནས། དག་པའི་ཞིང་ཁམས་མཐར་ཐུག་པ་འདི། སྒྲིབ་པ་བྲལ་སོང་ན།"
3673774,3676926,3152,"དཔེར་ན། སྤྲིན་པ་ནམ་མཁའ་ལ་གཏན་ནས་མ་ཆགས་ན།"
3676926,3678389,1463,"ཡེ་གདོད་འོད་གསལ་བ་དང་།"
3678389,3680847,2458,"ནམ་མཁའ་ཡང་སྟོང་པ་རྒྱ་ཆེན་པོ་འོང་རྒྱུ་རེད་དུས།"
3680847,3681952,1105,"དཔེ་འདི་ལྟར་དུ།"
3681952,3685607,3655,"གོང་དུ་རྩ་རླུང་ཐིག་ལེ་ཡེ་ཤེས་ཀྱི་སྒྲིབ་པ་བཞི་འདི། ཕར་དག་ཚར་དུས།"
3685607,3687672,2065,"ཆོས་ཀྱི་དབྱིངས་ཀྱི་རང་བཞིན་ཁོ་རང་ལ།"
3687672,3690027,2355,"སེམས་ཀྱི་ཡོན་ཏན། གནས་ཚུལ་དང་སྣང་ཚུལ། "
3690027,3692122,2095,"གང་ཡོད་པ་དེ་མངོན་དུ་འགྱུར་འོང་དུས།"
3692122,3695510,3388,"སྔོན་དུ་འགྱུར་བ་དེ་ལ། མཐར་ཐུག་གི་དབང་བཞི་ཡི་འབྲས་བུ་འདི་ལའང་།"
3695510,3697495,1985,"སྤྲུལ་སྐུ་དང་། ལོངས་སྐུ། "
3697495,3700754,3259,"ཆོས་སྐུ། ངོ་བོ་ཉིད་སྐུ་བཞི་ཐོབ་པ་རེད་དུས། དེའི་ཕྱིར་ན།"
3700754,3703043,2289,"མཐར་ཐུག་གི་འབྲས་བུ་དབང་དུ་བྱས་ན་བཞི་རེད།"
3703043,3707021,3978,"དེ་ནས། འབྲས་བུ་འདི་ད་ལྟ་ནས་གཞི་གདོད་མའི་གནས་ལུགས་འདི་ལ་གནས་བསྡད་ཡོད་ལེ་རེད།"
3707021,3709095,2074,"དེ་གློ་བུར་གྱི་སྒྲིབ་པས་བསྒྲིབས་སོང་རྫི་འདི།"
3709095,3710421,1326,"དཔེར་ན། གོས་ཆུ་ལ་བཀྲུས་ན། "
3710421,3713292,2871,"གོས་གསར་པ་ཆགས་ཀྱི་རེད། དྲི་མ་ཐམས་ཅད་དག་འགྲོ་གི་རེད་ཟེར།"
3713292,3715021,1729,"དཔེ་དེ་ལྟ་བུ། སྤྲོད་བྱེད་དེའང་།"
3715021,3716432,1411,"དབང་གི་ཡེ་ཤེས་དེ་རེད།"
3716432,3719314,2882,"དེ་ནས། དེ། སྐུ་བཞི་སད་པར་བྱ་བའི་སླད་དུ།"
3719314,3721896,2582,"དེ་ནས། ཐོག་མར་དབང་སྐུར་མཁན་གྱི་བླ་མ་དེའང་།"
3721896,3723999,2103,"དཔེར་ན། བུམ་དབང་སྐུར་ན་བླ་མ་སྤྲུལ་སྐུ།"
3723999,3725791,1792,"གསང་དབང་སྐུར་ན་བླ་མ་ལོངས་སྐུ།"
3725791,3727840,2049,"ཤེར་དབང་སྐུར་ན་བླ་མ་ཆོས་སྐུ།"
3727840,3732153,4313,"བཞི་པ་དབང་། ཚིག་གི་དབང་སྐུར་ན་བླ་མ་ཡེ་ཤེས་རྡོ་རྗེའི་སྐུ་ཟེར།"
3732153,3734091,1938,"དེ་ནས། སྐུ་བཞི་པོ་དེ་དག་ཐམས་ཅད་མེད་པར།"
3734091,3735852,1761,"རྒྱུད་ཐ་དད་པ་མ་རེད་དེ།"
3735852,3738197,2345,"བླ་མ་དེ་དང་དེའི་སྐུར་བཞེངས་ནུས་རྫི་ཡི་"
3738197,3740325,2128,"བླ་མ་མཚན་ཉིད་དང་ལྡན་པ་ཞིག་ཡོད་དགོས་རེད་ཟེར་མ་གཏོགས།"
3740325,3742693,2368,"རང་གར་བུམ་པ་ལག་པ་ལ་ཐུག་གུ་བྱེད་ཙམ་གྱིས་"
3742693,3745965,3272,"གསང་སྔགས་རྡོ་རྗེ་ཐེག་པའི་དབང་སྒྲ་ཇི་བཞིན་དུ་བསྐུར་ཤེས་ཀྱི་མ་རེད་དུས།"
3745965,3748574,2609,"དེའི་ཕྱིར་ན། བླ་མ་མཚན་ཉིད་དང་ལྡན་པ་དེའང་།"
3748574,3751797,3223,"སྐུ་བཞི་ཡི་ཚུལ་དུ་ངེས་པར་བྱ་བ།"
3751797,3753878,2081,"དེ་ནས། དེའི་རྗེས་ནས་དབང་སྐུར་འོང་རྫི་"
3753878,3756097,2219,"དེའི་ཕྱིར་ན། དེ་ནས། དབང་གི་དོན་ཟེར།"
3756097,3757901,1804,"དབང་ཟེར་མཁན་འདི་གང་རེད་ཟེར་ན།"
3757901,3759706,1805,"དཔེར་ན། འཇིག་རྟེན་སུ་ཡི་བྱ་བ་ནི།"
3759706,3760833,1127,"གོ་ས་ཞིག་ཐོབ་ཡོད་ན།"
3760833,3763957,3124,"དེ་ནས། དེ་ལ། གོ་ས་དེ་དང་མཐུན་པའི་དབང་ཆ་ཞིག་འོང་གི་རེད་བ།"
3763957,3767354,3397,"དཔེ་དེ་བཞིན་དུ། བུམ་པའི་དབང་ཐོབ་ན་བསྐྱེད་རིམ་བསྒོམ་པའི་དབང་ཆ་ཡོད་རེད།"
3767354,3771163,3809,"དེ་ནས། གསང་བའི་དབང་ཐོབ་ན། རང་ལུས་ཐབས་ལྡན་གྱི་རྫོགས་རིམ་སྒོམ་པའི་དབང་ཆ།"
3771163,3774209,3046,"ཤེས་རབ་ཡེ་ཤེས་ཀྱི་དབང་ཐོབ་ན། གཞན་ལུས་སྒོམ་པའི་དབང་ཆ་ཡོད།"
3774209,3775761,1552,"དབང་བཞི་པ་ཐོབ་སོང་ན། "
3775761,3779861,4100,"ཕྱག་རྒྱ་ཆེན་པོ་དང་། རྫོགས་པ་ཆེན་པོ་སྒོམ་པའི་དབང་ཆ་ཡོད་རྒྱུ་རེད་དུས།"
3779861,3780810,949,"འདི། དབང་ཟེར་རེད།"
3780810,3783177,2367,"དེ་ནས། དབང་དེ་ལ། དབང་རབ་ཤིག་ཐོབ་སོང་ན།"
3783177,3784827,1650,"རྟོགས་གྲོལ་དུས་མཉམ་དུ་རེད་འགྲོ་དུས།"
3784827,3787662,2835,"ཨིན་དྲ་བོ་དྷི་ལ་སོགས་པ་ལྟ་བུ་རེད་དུས་ཙ་ནས།"
3787662,3790534,2872,"དབང་ཐོབ་པ་དང་གྲོལ་བ་དུས་མཉམ་དུ་འགྲོ་དུས།"
3790534,3793256,2722,"དབང་ཆ་ཆེན་པོ་ཡོད་རྒྱུ་རེད། གང་བྱེད་ནའང་ཆོག་གི་རེད།"
3793256,3794797,1541,"དེ་ནས། དབང་འབྲིང་ཞིག་ཐོབ་སོང་ན།"
3794797,3798489,3692,"རང་རྒྱུད་དུ་སྐུ་བཞི་ཡི་ས་བོན་ཡོད་པའི་ནུས་པ་འདི་ཕར་སད།"
3798489,3801549,3060,"རྩ་རླུང་ཐིག་ལེ་ཡེ་ཤེས་ཀྱི་སྒྲིབ་པ་གི་ཕར་དག་འགྲོ་དུས།"
3801549,3803640,2091,"དེ་དང་མཉམ་པ་ཡི་སྒོ་ནས་དབང་ཆ་ཞིག་དང་།"
3803640,3806636,2996,"དབང་ཐ་མ་ཞིག་གིས་ཆུང་ཆུང་ཞིག་ཐོབ་སོང་ནའང་།"
3806636,3808340,1704,"དཔེར་ན། བུམ་དབང་ཐོབ་སོང་ན།"
3808340,3811174,2834,"བསྐྱེད་རིམ་ཡན་ལག་དང་བཅས་པའི་མན་ངག་རང་གིས་ལྟ།"
3811174,3814071,2897,"སྒོམ། ག་ཚོད་ཉམས་སུ་བླངས་ན་དབང་ཆ་ཡོད་རེད།"
3814071,3816035,1964,"གསང་དབང་ཐོབ་སོང་ན་དེ་བཞིན་དུ།"
3816035,3817340,1305,"རང་ལུས་ཐབས་ལྡན་གྱི་ལམ།"
3817340,3819389,2049,"ཤེར་དབང་ཐོབ་ན་གཞན་ལུས་ཕྱག་རྒྱའི་ལམ།"
3819389,3821907,2518,"དབང་བཞི་པ་ཐོབ་ན་ཡེ་ཤེས་ཀྱི་ལམ་གི་འཐོབ་ཀྱི་རེད།"
3821907,3823920,2013,"དེ་ལྟ་བུའི་དབང་འདི་མ་ཐོབ་ན། "
3823920,3828869,4949,"དཔེར་ན། ཐུན་མོང་གི་དཀྱིལ་འཁོར་ཕྱི་ནང་གི་འཇུག་པའི་ཆོས་དེ་དང་། བུམ་དབང་ཙམ་ཞིག་མ་ཐོབ་ན།"
3828869,3832273,3404,"གསང་སྔགས་ཀྱི་རྒྱུད་དང་མན་ངག་་་་་གནད་ཀྱི་ལྟ་བ་དབང་གི་མ་རེད་དུས།"
3832273,3834435,2162,"མངོན་སུམ་དུ་ཐོས་བསམ་བྱེད་པ་ག་ལ།"
3834435,3836906,2471,"དེའི་ཕྱིར་ན། དབང་ཞིག་ཐོབ་ཚར་ནས་བཟུང་སྟེ།"
3836906,3839418,2512,"གསང་སྔགས་རྒྱུད་སྡེ་དེ་ཐམས་ཅད་"
3839418,3840974,1556,"བླ་མ་ལས་ཉན།"
3840974,3842291,1317,"རང་གིས་ཐོས་བསམ་བྱེད།"
3842291,3844610,2319,"ཉམས་ལེན་བྱེད་ཆོག་རྫི་ཡི་དབང་ཆ་ཐོབ་རྒྱུ་རེད།"
3844610,3846503,1893,"དེ་ཐོབ་པར་གྱུར་བ་དེ་ལ་བརྟེན་ཏེ།"
3846503,3848281,1778,"དཔེར་ན། ས་བོན་གྲུང་པོ་ཞིག་ཡོད་ན།"
3848281,3850014,1733,"ཞིང་ས་ཡི་ནང་དུ་བཏབ་བཞག་ན།"
3850014,3851505,1491,"ཡུན་རིང་པོ་མི་ཐོགས་པར་"
3851505,3853169,1664,"ནས་བྲེ་གང་ཕར་བཏབ་ནའང་། "
3853169,3854934,1765,"ལོ་ཐོག་ཡག་པོ་ཞིག་སྨིན་འོངས་ན།"
3854934,3856648,1714,"བྲེ་བརྒྱ་ལ་ཚུར་སྨིན་འོང་རྒྱུ་རེད།"
3856648,3859244,2596,"དཔེ་དེ་བཞིན་དུ། རང་གི་"
3859244,3862536,3292,"དབང་གི་ནུས་པ་འདི། བདེ་གཤེགས་སྙིང་པོའི་ཡོན་ཏན་དེ།"
3862536,3863861,1325,"ཚུར་མངོན་དུ་འགྱུར་འོང་དུས།"
3863861,3867532,3671,"གསང་སྔགས་རྡོ་རྗེ་ཐེག་པའི་ལམ་དང་འབྲས་བུའི་ཡོན་ཏན་ཐམས་ཅད་རང་ཤུགས་ཀྱིས་"
3867532,3868460,928,"དབང་འོང་རྒྱུ་དང་། "
3868460,3870862,2402,"གསང་སྔགས་རྡོ་རྗེ་ཐེག་པའི་རྒྱུད་ལུང་མན་ངག་དང་བཅས་པ། "
3870862,3872319,1457,"བླ་མ་ལས་ཉན་པ། "
3872319,3875919,3600,"རང་གིས་ཐོས་བསམ་སྒོམ་གསུམ་བྱེད་པ་དེ་ལ་དབང་འཐོབ་འགྲོ་རྒྱུ་རེད།"
3875919,3877521,1602,"དབང་འཐོབ་ཟེར་མཁན་དེ། "
3877521,3879440,1919,"མཐར་ཐུག་གི་དབང་ཐོབ་བྱར་བྱས་ན།"
3879440,3881526,2086,"དེ། དག་བྱ། ད་ལྟ། རྩ་རླུང་ཐིག་ལེ་"
3881526,3888053,6527,"ཡེ་ཤེས་དང་བཅས་པའི་སྒྲིབ་པ་བཞི་ཕར་དག་རྫི་དང་། དག་བྱེད་བུམ་པ། གསང་བ། ཤེས་རབ་ཡེ་ཤེས། བཞི་པ་ཚིག་གི་དབང་བཞི་ཡི་"
3888053,3890714,2661,"སྡོམ་པ་འདི་ཡིས། དག་བྱེད་འདི་ངོ་འཕྲོད།"
3890714,3892479,1765,"བསྡམས་འབྲས། འདི་ཉིད་ཀྱི། རིམ་པ་བཞིན་དུ་"
3892479,3894548,2069,"བསྐྱེད་རིམ། རང་ལུས། གཞན་ལུས། "
3894548,3897943,3395,"ཕྱག་རྒྱ་ཆེན་པོའམ་རྫོགས་པ་ཆེན་པོའི་ལམ་སྒོམ་པ་ལ་དབང་འཐོབ།"
3897943,3901303,3360,"བསྡམས་འབྲས། འདི་ཉིད་ཀྱི་འབྲས་བུ་སྐུ་བཞི་ཡི་གོ་འཕང་མངོན་དུ་འགྱུར་"
3901303,3905712,4409,"འགྱུར་པས། འདིའི་མཚོན་བྱེད་དེ། མངོན་སུམ་དུ། ཉམས་མྱོང་། སྒོམ་པ་ཡི་སྟེང་ནས་མ་སླེབས་ནའང་།"
3905712,3909199,3487,"ཆོས་པ་ཡི་སྒོ་ནས་བུམ་པའི་དབང་ཐོབ་ན། དག་བྱ་དག་བྱེད་འདི་རེད།"
3909199,3911989,2790,"གསང་བའི་དབང་ཐོབ་ན་དག་བྱ་དག་བྱེད་འདི་རེད་བསམ།"
3911989,3913426,1437,"ཡག་པོ་ཞིག་ངོ་ཤེས་སོང་ན། དེ་ནས། "
3913426,3916364,2938,"སྔགས་སྡོམ་སྒྲ་ཇི་བཞིན་པ་ཞིག། དེ་དུས་སྐྱེ་ཡི་ཡོད་རེད།"
3916364,3918740,2376,"དེ་མེད་ན། དེ་ནས། མ་རྩའི། དཀྱིལ་འཁོར་དུ་ཚང་བ་ཙམ་དང་།"
3918740,3922019,3279,"བུམ་པའི་ཆུ་ཐོབ་པ་ཙམ་གྱིས་སྔགས་ཀྱི་དཀྱིལ་འཁོར་དུ་འཇུག་ཚར་རེད་དུས།"
3922019,3923898,1879,"སྡོམ་པ་ཐོབ་པ་མིང་བཏགས་ཆོག་རེད་དེ།"
3923898,3925151,1253,"སྒྲ་ཇི་བཞིན་པ་མ་རེད།"
3925151,3928051,2900,"དེའི་ཕྱིར་ན། དེ་ནས། སྔགས་སྡོམ་སྒྲ་ཇི་བཞིན་པ་སྐྱེས་ཚར་ན།"
3928051,3931461,3410,"སྔགས། རིག་པ་འཛིན་པ་སྔགས་ཀྱི་སྡེ་སྣོད་དུ་དབང་ཐོབ་ཚར་ཡིན་དུས།"
3931461,3933335,1874,"གསང་སྔགས་ཀྱི་རྒྱུད་ལུང་མན་ངག་ཐམས་ཅད་ལ་"
3933335,3935413,2078,"ཐོས་བསམ་བྱེད་ཆོག་བསམ་པ་ཞིག་བྱེད་དེ།"
3935413,3937094,1681,"ཐོས་བསམ་ཡག་པོ་ཞིག་གིས་"
3937094,3939098,2004,"བསྐྱེད་རྫོགས་ཀྱི་ལམ་ལ་ངེས་ཤེས་རྙེད་འོངས་ན།"
3939098,3940445,1347,"དེ་ནས། ཕར་སྒོམ་པ་དང་།"
3940445,3942877,2432,"གཞན་ལ་རྒྱུད་འཆད་པ་ལ་སོགས་པ་ཐོབ་དུས།"
3942877,3944382,1505,"དེ་ནས། མཐར་ཐུག་གི་དབང་འདི་སྐྱེས་ན།"
3944382,3946370,1988,"དེ་ཐོབ་ཚར་དུས། རྡོ་རྗེ་བཞི་ཡི་"
3946370,3949424,3054,"རྡོ་རྗེ་རྒྱལ་པོའི་བཀའ་རབ་འབྱམས་ཀྱི་དབང་འདི་བསྐུར་དགོས་རེད་དུས།"
3949424,3952560,3136,"ངེས་ཤེས་དང་ལྡན་པའི་སྒོ་ནས་དབང་རྫོགས་པར་ཐོབ་པས།"
3952560,3956644,4084,"དེ་ནས། ད་སྔ་གཏན་ནས་དབང་འཐོབ་མ་མྱོང་བའི་གང་ཟག་ཅན་ཞིག་ཡིན་ན།"
3956644,3957984,1340,"གསང་སྔགས་ཀྱི་རྒྱུད་སྡེ་ཆེན་པོ།"
3957984,3959397,1413,"དཔེར་ན། རྙིང་མ་ལྟ་བུ་ཡིན་ན། "
3959397,3961915,2518,"སྒྱུ་འཕྲུལ་ཞི་བ་དང་ཁྲོ་བོ་ལྟ་བུ་དང་།"
3961915,3964897,2982,"གསར་མ་ལྟ་བུ་ཡིན་ན། བདེ་མཆོག་དང་ཀྱེ་རྡོར་ལྟ་བུ་ཞིག་གི་"
3964897,3967810,2913,"དག་བྱ་དག་བྱེད་ཐམས་ཅད་ཡག་པོ་ཞིག་ངོ་འཕྲོད་དེ།"
3967810,3970375,2565,"དབང་། བླ་མ་རང་། མཚན་ཉིད་དང་ལྡན་པའི་བླ་མ། "
3970375,3972295,1920,"ཡིད་ཆེས་ཀྱི་དད་པ་བཞག་ལོ་ས་ཞིག་ནས་"
3972295,3976130,3835,"ཐོབ་སོང་ན། དེ། དབང་ཐམས་ཅད་ཀྱི་ཐོག་མ། རྒྱུ་ཡི་དབང་ཟེར་མཁན་དེ་རེད།"
3976130,3978799,2669,"དེ་ཡིན་པའི་རྒྱུ་མཚན་གྱིས། ད་ལྟ། དཔེར་ན།"
3978799,3981252,2453,"སྐྱེས་བུ་དམ་པ་རྣམས་ཀྱི་རྣམ་ཐར་ལའང་།"
3981252,3984842,3590,"དེ་ནས། སོ་བྱང་སྔགས་གསུམ་གྱི་སྡོམ་པ། གཞི་རྩིས་ཟིན་ནས་སྔགས་ཀྱི་སྡོམ་པ་འདི།"
3984842,3987217,2375,"ཐོག་མ་ཉིད་དུ། བླ་མ་རང་གི་རིགས་ཀྱི་བདག་པོ་"
3987217,3990152,2935,"གང་ཡིན་པ་འདི་ལས། རྒྱུད་སྡེའི་དབང་ཐོབ་པ་འདི་བཞག། ལབ་འདུག་གཱ།"
3990152,3991333,1181,"འདི་ཡི་ཕྱིར་ན། དེ་ནས།"
3991333,3992685,1352,"དེ། རྒྱུ་ཡི་དབང་ཟེར་རེད།"
3992685,3995051,2366,"དེ་ནས། དེ་ལྟ་བུའི་རྒྱུ་དབང་དེ་ཐོབ་ཚར་ན།"
3995051,3997278,2227,"ཕྱིས། ཡང་། བླ་མ་ལས་གསར་དུ་དབང་ཞིག་"
3997278,4000419,3141,"སྔ་མ་རྒྱུ་དབང་ཞུ་རྫིའི་བླ་མ་དེ་ལས། གསར་དུ་དབང་ཞིག་འཐོབ་ན། "
4000419,4002653,2234,"དེ། དབང་གི་དབང་ཟེར་རེད་མ་གཏོགས་པ་ཅན་ཞིག་གིས།"
4002653,4003585,932,"རྒྱུ་དབང་མ་རེད།"
4003585,4006143,2558,"ཅི་རེད་ཟེར་ན། རྒྱུ་དབང་སྔོན་ནས་ཐོབ་ཚར་སོང་ལེ་རེད།"
4006143,4007116,973,"ལམ་གྱི་དབང་རེད། འདི།"
4007116,4009103,1987,"དེ་ནས། དེ་མ་ཡིན་པར། དཀྱིལ་འཁོར་ལ་བརྟེན་དུས།"
4009103,4010823,1720,"བདག་འཇུག་ལེན་པ་ལྟ་བུ་ཞིག་ཡིན་ན་ཡང་།"
4010823,4012018,1195,"དེ་ལམ་དབང་རེད།"
4012018,4015251,3233,"དེ་ནས། ་་་་་དབང་གི་ཡེ་ཤེས་དེ་གོང་འཕེལ་བྱ་བའི་ཕྱིར་དུ།"
4015251,4017874,2623,"དཔེར་ན། དབང་ཆེན་ལྟར་རྒྱས་པར་སྤྲོས་མ་ཐུབ་ནའང་།"
4017874,4019788,1914,"དེ་ནས། བླ་མ་བླ་མའི་རྣལ་འབྱོར་སྐབས་ལ་"
4019788,4021186,1398,"བླ་མ་སྤྱི་བོའི་གཙུག་ཏུ་བསྒོམས་ལ།"
4021186,4025281,4095,"བླ་མའི་གནས་གསུམ་ནས། འོད་ཟེར་དཀར་དམར་མཐིང་གསུམ་གྱིས་དབང་བཞི་ལེན་པ་འདི་གའང་ལམ་དབང་རེད།"
4025281,4027189,1908,"ལམ་དབང་ཟེར་དགོས་རྫི་གང་རེད་ཟེར་ན།"
4027189,4029266,2077,"དཔེར་ན། རྒྱུ་དབང་སྔོན་ནས་ཐོབ་ཚར་དུས། "
4029266,4031378,2112,"ལམ་དབང་དེ། ཡང་ནས་ཡང་དུ་འཐོབ་དུས།"
4031378,4033408,2030,"དེ་ནས། དག་བྱ་སྒྲིབ་པ་བཞི་དག་རྒྱུ་དང་།"
4033408,4035321,1913,"ཐོབ་བྱ་དབང་བཞི་ཐོབ་རྒྱུ་དང་།"
4035321,4038166,2845,"ལམ་བཞི་བསྒོམ་པ་ལ་དབང་ཆ་ཇེ་བཟང་དུ་འགྲོ་རྒྱུ་དང་།"
4038166,4040079,1913,"སྐུ་བཞིའི་འབྲས་བུ་མངོན་དུ་འགྱུར་བ།"
4040079,4043071,2992,"དཔེར་ན། མཆོད་རྟེན་ཞིག་ལ་སྐུ་དཀར་ལན་མང་པོ་ཞིག། གསོས་བཞག་ན།"
4043071,4044798,1727,"དཀར་སྣང་ཆེ་རུ་ཆེ་རུ་འགྲོ་ཡི་རེད།"
4044798,4047101,2303,"དཔེ་དེ་བཞིན་དུ་དབང་མང་པོ་ཞིག་འཐོབ་བསྡད་ན།"
4047101,4048468,1367,"སྒྲིབ་པ་ཕར་དག་རུ་འགྲོ།"
4048468,4050572,2104,"དབང་རེ་ཐོབ་ན་བྱིན་རླབས་རེ་འཐོབ་ཀྱི་རེད།"
4050572,4051740,1168,"དེ་ཐོབ་པ་ལ་དགོངས་ཏེ།"
4051740,4054179,2439,"དེ་ནས། གུ་རུ་རིན་པོ་ཆེས། ལོ་རེ་བཞིན་དུ་དབང་བསྐུར་རེ་རེ་ཞུས༔ "
4054179,4056221,2042,"ལོ་བརྒྱ་ལོན་ན་དབང་བརྒྱ་ཐོབ་པ་ཡིན༔ "
4056221,4059085,2864,"ཕྱི་མ་དུད་འགྲོར་སྐྱེས་ཀྱང་དབང་ཆེན་སྐྱེ༔ གསུང་རྫི་འདི་རེད་དུས།"
4059085,4061475,2390,"འདིའི་ཕྱིར་ན། དེ་ལ་ལམ་གྱི་དབང་ཟེར་རེད།"
4061475,4063628,2153,"དེ་ནས། བདག། རྟེན། རང་ཉིད། གསང་སྔགས་ཀྱི་སྡོམ་པ་དང་"
4063628,4065233,1605,"ལྡན་པའི་གང་ཟག་རང་ཉིད་ཀྱིས།"
4065233,4067598,2365,"བདག་འཇུག་བླང་བ་ལ་སོགས་པ་ལམ་གྱི་དབང་།"
4067598,4069163,1565,"དེ་ནས། འདི། ལམ་གྱི་དབང་འདི་དང་"
4069163,4071026,1863,"རྒྱུ་ཡི་དབང་དེ་ཐོག་མ་མ་ཐོབ་ན། དེ་ནས།"
4071026,4073842,2816,"གསང་སྔགས་རྡོ་རྗེ་ཐེག་པའི་ལམ་ལ་ཕོ་ཚོད་དམ་། ཧམ་པ་དང་།"
4073842,4075725,1883,"ཆོག་གི་རེད་བསམ། འཇུག་བཞག་ན། ཅིག།"
4075725,4078732,3007,"སྒྲ་ཇི་བཞིན་དུ་ཡོན་ཏན་འདི་རྒྱུད་ལ་སྐྱེ་ཐུབ་ཀྱི་མ་རེད།"
4078732,4081382,2650,"དཔེར་ན་རྗེ་བཙུན་མི་ལ་རས་པ་ཡིས།"
4081382,4083891,2509,"བླ་མ་མར་པ་ལོ་ཙཱས་བཀའ་མ་དཀྲོལ།"
4083891,4085494,1603,"རྔོག་ཆོས་སྐུ་རྡོ་རྗེ་རྩ་ནས་"
4085494,4088313,2819,"གདམས་ངག་གནང་དུས་ཉམས་རྟོགས་སྒྲ་ཇི་བཞིན་མ་བསྐྱེད། གསུང་དུས་སྐབས་ལ།"
4088313,4090768,2455,"ལམ་བཀའ་མ་ཁྲོལ་ན་དེ་ལྟ་བུ་འོང་རྒྱུ་རེད།"
4090768,4095727,4959,"དེའི་ཕྱིར་ན། དེ་ལྟ་བུའི་དབང་བཞི་འདིའི་ས་བོན་འདི། དུས་རྟག་ཏུ་ཡང་ནས་ཡང་དུ། དག་"
4095727,4096796,1069,"དག་པར་བྱེད་ན།"
4096796,4098263,1467,"དེ་ནས། ཇེ་བཟང་དུ་འགྲོ་རྒྱུ་རེད།"
4098263,4099852,1589,"ས་བོན་ཞིག་ས་ལ་ལྷུང་ཚར་ན།"
4099852,4101390,1538,"དེ་ལ་ཆུ་ལུད་དྲོད་གཤེར།"
4101390,4102542,1152,"ཉི་མ་ཚ་འོང་དུས།"
4102542,4104617,2075,"ཆུ། བརླན་གྱིས་ཕར་ཐེབས་པར་བྱེད། "
4104617,4106122,1505,"དེ་ལ་དྲེད་གཤེར་སྦྱར།"
4106122,4109152,3030,"ཡང་ཧ་ཅང་། ཆུ། ཐེངས་གཉིས་རེ་གསུམ་རེ་བྱས་ན།"
4109152,4111651,2499,"ལོ་ཏོག་ཇེ་བཟང་དུ་འགྲོ་བ་ལྟ་བུ་རེད་ཟེར།"
4111651,4115794,4143,"རྒྱུ་ དེ་ལྟ་བུའི་དབང་ཡང་ནས་ཡང་དུ་ཞུ་དགོས་པའི་རྒྱུ་མཚན་ཅི་རེད་ཟེར་ན།"
4115794,4119104,3310,"གསང་སྔགས་རྡོ་རྗེ་ཐེག་པའི་ལམ་འདི་ཐམས་ཅད་མདོར་བསྡུས་བཞག་ན།"
4119104,4121948,2844,"དེ་དབང་གི་ནང་དུ་མ་བསྡུས་པ་གཅིག་རྐྱང་ཡོད་མ་རེད།"
4121948,4124151,2203,"དངོས་གཞི་ཡི་ལམ། བསྐྱེད་རྫོགས་རིམ་པར་སྒོམ་བཞག་དུས་སྐབས་ལ།"
4124151,4130346,6195,"བསྐྱེད་རིམ་གཙོ་བོ་སྒོམ་ན། བུམ་པའི་དབང་འདིའི་དག་བྱ་དག་བྱེད་དག་འབྲས་ཐམས་ཅད། འདི་རང་ནང་དུ་བྱེད་སྡོད་ཀྱི་ཡོད་རེད།"
4130346,4132058,1712,"དེ་ནས། རྫོགས་རིམ་གཙོ་བོ་སྒོམ་ནས་བཟུང་སྟེ།"
4132058,4135880,3822,"གསང་བའི་དབང་། དེ་ནས། རང་ལུས་ཐབས་ལྡན་དང་། གཞན་ལུས་ཕྱག་རྒྱ།"
4135880,4138761,2881,"དབང་བཞི་པོ་དེ། རིམ་པ་བཞིན་དུ་ཡར་གསོས་བསྡད་སྡོད་ཚོད་རེད།"
4138761,4140703,1942,"དཔེར་ན། ད་ལྟ། ས་སྐྱ་པ་རྣམས་ཀྱིས། "
4140703,4142997,2294,"ཀྱེ་རྡོ་རྗེ་གསུང་འོང་དུས། ལམ་དབང་ལེན་པ་དེ།"
4142997,4146089,3092,"དབང་བཞི་ཡི་ནུས་པ་ཇེ་འཕེལ་དང་ཇེ་ཆེ་བྱེད་རྒྱུ་འདི་རེད།"
4146089,4150157,4068,"དེའི་ཕྱིར་ན། གཞི་ཡི་དབང་ཟེར་མཁན་འདི། དབང་མཆོག་རང་ལ་གནས་པ་གཞི་ཡི་དབང་ཟེར།"
4150157,4153522,3365,"གདོད་གནས་སྙིང་པོ། བདེ་གཤེགས་སྙིང་པོ། ཡེ་ནས་ངོ་བོ་ཡོད་པ་དེ་ལ།"
4153522,4155337,1815,"དེ་ནས། བླ་མ་ཡིས་དབང་སྐུར་འོང་དུས།"
4155337,4157899,2562,"རྒྱུ་དབང་ཟེར། ད་གཟོད་ཡོད་པ་འདི་གཞི་ཡི་དབང་རེད།"
4157899,4160122,2223,"འདིའི་སྟེང་དུ་བླ་མ་ལས་དབང་བླང་བའམ།"
4160122,4162340,2218,"ཡང་ན། རང་གིས། བདག་ཉིད་འཇུག་པའམ།"
4162340,4164483,2143,"བླ་མའི་རྣལ་འབྱོར་ཡང་ནས་ཡང་དུ་སྒོམ་བསྡད་ན།"
4164483,4165578,1095,"དེ་ལམ་གྱི་དབང་རེད།"
4165578,4169100,3522,"དེ་ནས། གཞི་ལམ་གྱི་དབང་གཉིས་པོ་འདི། དམིགས་པ་ཡར་རྩལ་རྫོགས་འོང་དུས།"
4169100,4170769,1669,"དཔེར་ན།"
4170769,4172742,1973,"དངོས་པོ་ཟངས་ལྟ་བུ་ཞིག་ཡིན་ན།"
4172742,4174273,1531,"གསེར་བརླན་མ་གསུམ་ཙམ་བཏང་ན།"
4174273,4176176,1903,"མདངས་ཇེ་བཟང་ཇེ་བཟང་དུ་འགྲོ་ཡི་རེད་བ།"
4176176,4177420,1244,"དཔེར་དེ་ལྟ་བུ་ཞིག།"
4177420,4178658,1238,"དེ་ནས། འབྲས་བུའི་དབང་ཟེར་དུས།"
4178658,4183218,4560,"མཐར་ཐུག་སངས་རྒྱས་ས་བཅུའི་རྒྱུན་མཐའ་ལ་གནས་པའི་བྱང་ཆུབ་སེམས་དཔའ་ཐམས་ཅད་དང་"
4183218,4185474,2256,"ནི། སངས་རྒྱས་ཐམས་ཅད་ཀྱིས། མདོ་ཡི་ལམ་ནས།"
4185474,4188660,3186,"དབང་སྒྲ་ཇི་བཞིན་ནི། ང་ཚོས། འོད་ཟེར་ཆེན་པོའི་དབང་གསུངས་རེད།"
4188660,4190024,1364,"དེ་སྔགས་ཀྱི་ལམ་ནས་བཟུང་སྟེ།"
4190024,4191997,1973,"སངས་རྒྱས་ལོངས་སྤྱོད་རྫོགས་པའི་སྐུ་དེ་"
4191997,4196210,4213,"་་་་ཤེར་དབང་ཚིག་དབང་གསུམ་པོ་འདི་བསྐུར་ཏེ། མངོན་པར་བྱང་ཆུབ་པ་སྟེ། འབྲས་བུའི་དབང་རེད།"
4196210,4198348,2138,"དེའི་ཕྱིར་ན། གཞི་ལམ་འབྲས་གསུམ་ཐམས་ཅད་"
4198348,4199511,1163,"ག་ཚོད་བཤད་ནའང་།"
4199511,4201946,2435,"དབང་ནས་གཏན་ནས་མ་འདའ་བ། ཅིག་ཡོད་མ་རེད།"
4201946,4203966,2020,"དེའི་ཕྱིར་ན། དབང་གི་ཁོག་ཕུབ་ཚར་དུས།"
4203966,4205836,1870,"དབང་སྒྲ་ཇི་བཞིན་དུ་བཤད་ཙ་ན།"
4205836,4207837,2001,"དེ་ནས། གསང་སྔགས་རྡོ་རྗེ་ཐེག་པའི་ལམ་རེད།"
4207837,4211279,3442,"ཐམས་ཅད་ཇི་བཞིན་དུ་ཁོང་དུ་ཆུད་ཀྱི་རེད།"
4211279,4213196,1917,"དེའི་ཕྱིར་ན། གསང་སྔགས་ལམ་གྱི་རྩ་བ།"
4213196,4215743,2547,"དཔེར་ན། ལུས་ཀྱི་ནང་ནས་མིག་ལྟ་བུ་དང་།"
4215743,4219225,3482,"རྗེ་བཙུན་མི་ལས། ཆོས་མདོ་རྒྱུད་ནང་ནས་སྒོ་གཅིག་གཅིག་གསུང་ལེ་ལྟ་བུ་དེ་"
4219225,4221642,2417,"དབང་རེད་འདུག། དབང་ཁོ་རང་གི་སྒོ་ནས།"
4221642,4223229,1587,"འདོན་དགོས་པ་དང་།"
4223229,4224923,1694,"དེ་ནས། བསྐྱེད་རྫོགས་ཀྱི་རྣལ་འབྱོར་ཀྱང་།"
4224923,4226810,1887,"དབང་བཞིའི་ཡེ་ཤེས་གོང་དུ་བསྐྱེད་"
4226810,4230421,3611,"ཐབས་ལས་གཞན་མ་ཡིན་པ་སོགས་རྒྱུ་མཚན་བསམ་གྱིས་མི་ཁྱབ་པ་ཡོད་པ་དང་།"
4230421,4232082,1661,"དེ། གནས་སྐབས་ཙམ་དུ་ཡིན་ནའང་།"
4232082,4233821,1739,"དཔེར་ན། དཀྱིལ་འཁོར་མཐོང་བ་ཙམ་གྱིས།"
4233821,4235645,1824,"གང་ཟག་དད་པ་ཅན་ཐམས་ཅད་"
4235645,4237835,2190,"མཚམས་མེད་ལྔ་ལ་སོགས་པ་སྒྲིབ་པ་དག་འགྲོ་བ།"
4237835,4239587,1752,"ངན་སོང་གི་སྐྱེ་སྒོ་ཆོད་འགྲོ་བ།"
4239587,4241890,2303,"དཀྱིལ་འཁོར་བཞེངས་པ་ལ་སོགས་པ་འདི་ལྟ་བུ་དང་།"
4241890,4244234,2344,"ལྷ་སྐུ་འབྲི་བ་གཉིས་ཕན་ཡོན་མཉམ་མཉམ་ཡིན་རྒྱུ་རེད་དུས།"
4244234,4246143,1909,"འདི་ལྟ་བུ་དགོས་པ་ཡོད་པ་གསུངས།"
4246143,4249881,3738,"དེ་ནས། གསང་སྔགས་རྡོ་རྗེ་ཐེག་པའི་ལམ་སྒྲ་ཇི་བཞིན་དུ་ཉམས་སུ་ལེན་མི་ནུས་ཀྱང་།"
4249881,4253212,3331,"གསང་སྔགས་ཀྱི་ལམ་ལ་མོས་པ་དང་ཡིད་ཆེས་ཡོད་པའི་གང་ཟག་ཡིན་ན།"
4253212,4254880,1668,"དེ་ནས། དཀྱིལ་འཁོར་ཚུལ་བཞིན་དུ་དབྱེ་དུས།"
4254880,4257736,2856,"དེ་ལས་དཀྱིལ་འཁོར་ཕྱེ་འཇུག་ཙམ་ཞིག་བྱས་བཞག་ན།"
4257736,4261270,3534,"དེས། ཁོ་རང་གིས། གསང་སྔགས་ཀྱི་བསྟན་པའི་སྒོར་ཞུགས་ཐད་བསམ་ཡིད་ཆེས།"
4261270,4264272,3002,"དེ་ནས། རིམ་པ་བཞིན་དུ་སྐལ་ལྡན་དུ་འགྱུར་འགྲོ་གསུངས་ཡོད་པའི་རྒྱུ་མཚན་"
4264272,4266106,1834,"དེ་ལྟ་བུ་རེད་དུས། དེའི་ཕྱིར་ན།"
4266106,4267493,1387,"་་་་དེའི་ཆེ་བ་ཡིན་ཟེར།"
4267493,4270513,3020,"དེ་ནས། གཉིས་པ་གསང་སྔགས་རྡོ་རྗེ་ཐེག་པའི་ལམ་གྱི་རིམ་པ་"
