37,5654,5617,"་་་རྗེ་བཙུན་བླ་མ་རྣམས་དང་། མདོ་རྒྱུད་མན་ངག་རབ་ཏུ་དྲི་མ་མེད་པ་རྣམས་ལ་"
5654,12796,7142,"སྒོ་གསུམ་གུས་པ་ཆེན་པོས་ལུས་རབ་ཏུ་གུས་པས་ཕྱག་འཚལ་ཞིང་སྐྱབས་སུ་མཆིའོ། བྱིན་གྱིས་བརླབ་པར་མཛད་དུ་གསོལ། "
12796,19969,7173,"གང་གི་ཞལ་བཟང་ལྟ་བས་མི་ངོམས་གེ་སར་འཛུམ་པའི་མདངས་བཀྲ་ཞིང༌། །མཚན་དཔེའི་གཟི་འོད་ཟེའུ་འབྲུ་གསལ་བས་འགྲོ་ཀུན་མིག་གི་བདུད་རྩིར་གྱུར། །"
19969,26789,6820,"ཐུགས་རྗེའི་འདབ་མ་ཀུན་ནས་དཀྱུས་རིང་འཇིག་རྟེན་གསུམ་གྱི་ཁོངས་ཁྱབ་པའི། །ཐུབ་དབང་པདྨ་དཀར་པོའི་ཞབས་པད་དེ་རིང་བདག་བློའི་ཡིད་མཚོར་སྐྱོངས། །"
26789,35602,8813,ཨོ་རྒྱན་མཚོ་གླིང་པདྨའི་སྡོང་པོ་ལ། རྒྱལ་བའི་རྣམ་འཕྲུལ་རང་བཞིན་ལྷུན་གྱིས་གྲུབ། མཚན་རྫོགས་དཔེ་བྱད་ཡོན་ཏན་ཚོགས་འབར་བའི། །པདྨ་འབྱུང་གནས་བདག་བློའི་པད་མཚོར་རོལ། །
35602,40777,5175,"སྔ་འགྱུར་བཀའ་གཏེར་བཀའ་གདམས་ལམ་འབྲས་དང་། །མར་ཤངས་བཀའ་བརྒྱུད་ཞི་གཅོད་སྦྱོར་བ་དྲུག །"
40777,45686,4909,"ཨོ་རྒྱན་བསྙེན་སྒྲུབ་ཟབ་མོའི་ཆོས་དྲུག་སོགས། །སྒྲུབ་བརྒྱུད་ཤིང་རྟ་བརྒྱད་ལ་གུས་ཕྱག་འཚལ། །"
45686,54810,9124,"རྒྱལ་ཀུན་ཡེ་ཤེས་སྐུ་ཅན་འཇམ་དཔལ་དབྱངས། །མཚུངས་མེད་ཚད་ལས་འདས་པའི་་་་། འཁྲུལ་ཞིག་གྲུབ་པ་དབང་པོ་རྡོ་རྗེ་འཛིན། །གཙུག་ལག་སྨྲ་བའི་ཉི་མར་གསོལ་བ་འདེབས། །"
54810,63319,8509,"བཀའ་བབས་བདུན་ལྡན་འཇམ་དབྱངས་མཁྱེན་བརྩེའི་གཏེར། །འཇམ་མགོན་ཀོང་སྤྲུལ་བློ་གྲོས་མཐའ་ཡས་ཞབས། །ཟབ་གཏེར་གསང་སྔགས་རྩོལ་མཛད་མཆོག་གྱུར་གླིང་། །བསྟན་པའི་སྒྲོན་མེ་གསུམ་ལ་གསོལ་བ་འདེབས། །"
63319,72829,9510,"འཇམ་པའི་དཔལ་གྱུར་མི་ཕམ་རྣམ་པར་རྒྱལ། །དཀྱིལ་འཁོར་ཀུན་གྱི་ཁྱབ་བདག་བི་ཛ་ཡ། །འོད་གསལ་རྡོ་རྗེ་ཆོས་ཀྱི་བློ་གྲོས་ཚུལ། །བཀའ་དྲིན་མཉམ་མེད་གསུམ་ལ་གསོལ་བ་འདེབས། །"
72829,81082,8253,"སྤྱི་དང་འདྲེན་དང་དབང་བསྐུར་ཉམས་ཆག་སྦྱངས། །མན་ངག་དུ་མ་ཤེས་རྒྱུད་འགྲོལ་མཛད་པའི། །རྩ་བའི་བླ་མ་རྣམས་ལ་གསོལ་བ་འདེབས། །ཐུགས་ཡིད་གཅིག་ཏུ་འདྲེས་པར་བྱིན་གྱིས་རློབས། །"
81082,90594,9512,"ཡོན་ཏན་རང་བཞིན་བདེ་ལེགས་ཕུན་སུམ་ཚོགས། །བཀྲ་ཤིས་མཆོག་གི་ལྷ་ཡི་ལྷར་གྱུར་པ། ཐུགས་རྗེའི་རང་བཞིན་ཕན་བདེའི་སྤྲིན་ཚོགས་ཅན། །དཔལ་མགོན་བླ་མའི་ཚོགས་ལ་གུས་ཕྱག་འཚལ། །"
90594,98242,7648,"གང་ཞིག་གསེར་མཆོག་རང་བཞིན་རི་རབ་ལ་གནས་མནྡྷ་ར་དང་ལྷར་བཅས་གནོད་སྦྱིན་དང་། གདེངས་ཀ་ནོར་བུའི་འོད་ཀྱིས་ས་འོག་མུན་ཚོགས་རྣམས་སེལ་མཛད་གང་ཡིན་དང་།"
98242,107353,9111,"གངས་ཅན་རིར་ནི་དཔལ་གྱིས་རོལ་ཞིང་རབ་ཏུ་དགའ་བའི་རིག་པ་འཛིན་པ་གང་སུ་དག།  དེ་དག་ཐམས་ཅད་ཐར་པ་དམ་པའི་སྒོར་གྱུར་ཐུབ་པའི་གསུང་མཉན་ཕྱིར་ནི་འདིར་གཤེགས་ཤིག །"
107353,115503,8150,"ལྷ་ཡི་སྐད་དང་ཀླུ་དང་གནོད་སྦྱིན་སྐད། །གྲུལ་བུམ་དག་དང་མི་ཡི་སྐད་རྣམས་དང་། །འགྲོ་བ་ཀུན་གྱི་སྒྲ་སྣམས་ཇི་ཙམ་པར། །ཐམས་ཅད་སྐད་དུ་བདག་གིས་ཆོས་བསྟན་ཏོ། །"
115503,118756,3253,"འདི་ལྟར། སྟོང་སྙམ། སྟོང་ཉིད་ཀྱིས་གར་ཁྱབ་སེམས་ཅན་གྱིས་ཁྱབ།"
118756,122023,3267,"སེམས་ཅན་གྱིས་གར་ཁྱབ་ཐམས་ཅད་ལས་ཉོན་སྡུག་བསྔལ་གྱིས་ཁྱབ།"
122023,124922,2899,"ལས་ཉོན་སྡུག་བསྔལ་གྱིས་ཁྱབ་པའི་སེམས་ཅན་དེ་དག་ཐམས་ཅད།"
124922,127595,2673,"འོ་ཅག་རྣམས་ཀྱི་ཕ་དང་མར་མ་གྱུར་པ་གཅིག་ཀྱང་མེད་པས།"
127595,130648,3053,"ཕ་མ་བྱེད་པའི་དུས་སུ། ད་ལྟ་རྩ་བའི་ཕ་མ་བཞིན།"
130648,134735,4087,"ཟས་ཀྱི་ཕུད་བྱིན། གོས་ཀྱི་རྩེ་གཡོགས། ཤིན་ཏུ་བྱམས་པའི་སེམས་ཀྱིས་བསྐྱེད་བསྲིངས་བའི་"
134735,136786,2051,"དྲིན་ཆེན་ཤ་སྟག་ཏུ་གྱུར་བ་ཡིན།"
136786,141191,4405,"དེ་ཐམས་ཅད་འདོད་པ་བདེ་བ་འདོད་ཀྱང་། བདེ་བའི་རྒྱུ་ཡང་དག་པའི་ཆོས་ནི་སྒྲུབ་མི་ཤེས།"
141191,144745,3554,"འདོད་པ་སྡུག་བསྔལ་མི་འདོད་ཀྱང་། སྡིག་པ་མི་དགེ་བ་འབའ་ཞིག་ལ་སྤྱོད་པས།"
144745,147319,2574,"ཞེ་འདོད་དང་ལག་ལེན་ཕྱིན་ཅི་ལོག་ཏུ་་་་།"
147319,150557,3238,"རྨི་ལམ་མཚུངས་པ། མ་ཚོགས་གྱུར་བ་སེམས་ཅན་དེ་དག་ཐམས་་་་།"
150557,155383,4826,"མི་ལུས་རིན་པོ་ཆེ་ཐོབ། མཚན་ཉིད་དང་ལྡན་པའི་བླ་མ་དགེ་བའི་བཤེས་གཉེན་གྱིས་རྗེས་སུ་བཟུང་།"
155383,157824,2441,"བླ་མའི་གདམས་པ་ཚུལ་བཞིན་དུ་ཐོབ་པའི་སྐབས་འདིར། "
157824,161197,3373,"ལུང་མ་བསྟན་ལས་དང་། གཏན་གཉིས་གཉིས་ཀྱི་སོ་མཚམས་སུ།"
161197,163660,2463,"སླེབས་པ་ཡིན་པས། འཛིན་པ་གཏད་མེད་ཀྱི་སྒོ་ནས།"
163660,168752,5092,"ལུས་རྟེན་དེ་ཉིད་ཅི་བརྟེན་ནས། ཐོབ་པ་པོར་ཅུང་དམ་པའི་ཆོས་ཡང་དག་པ་ཞིག་བསྒྲུབ་པར་བྱ།"
168752,173381,4629,"སྒྲུབ་པ་དེ་ཡང་། རང་ཉིད་གཅིག་པུའི་དོན་ནི་མ་ཡིན་པ། ནམ་མཁའ་དང་མཉམ་པའི་སེམས་ཅན་ཐམས་ཅད་"
173381,177360,3979,"རྣམ་མཁྱེན་གཏན་བདེའི་ས་ལ་འགོད་པར་ནུས་པ། འཕགས་པ་འཇམ་དཔལ་དབྱངས་དང་།"
177360,181996,4636,"བྱང་ཆུབ་སེམས་དཔའ་སྤྱན་རས་གཟིགས་ལ་སོགས་པའི་སྤྱོད་པ་རྒྱ་མཚོ་ལྟ་བུ་ལ་བསླབ་པར་བགྱིའོ་སྙམ་པ་"
181996,184704,2708,"བསམ་པ་རྒྱ་ཆེ་བ་བྱང་ཆུབ་མཆོག་ཏུ་ཐུགས་སྐྱེད་པ་དང་།"
184704,192454,7750,"ཆོས་གསན་པའི་ཀུན་ཏུ་སྤྱོད་པ་མདོ་རྒྱུད་བསྟན་བཅོས་དྲི་མ་མེད་པ་རྣམས་ནས་ཇི་སྐད་གསུངས་པ་བཞིན་དུ་ལེགས་པར་གསལ་བཏབ་ཏེ་གསན་པར་གནང་བར་ཞུ།"
192454,194444,1990,"གང་གསན་བྱའི་ཆོས་ཀྱི་རིམ་པ་དེ་ལ།"
194444,197232,2788,"དེ་ནས། སྤོང་བ་བསམ་གཏན་པ་ལ་གདམས་པའི་གཏམ་"
197232,199409,2177,"ལམ་རིམ་བདུད་རྩི་སྙིང་པོ་ཞེས་བྱ་བ།"
199409,203800,4391,"ཐམས་ཅད་མཁྱེན་པ་འཇམ་དབྱངས་མཁྱེན་བརྩེ་དབང་པོས་མཛད་པར་གྱུར་བ་དེ་ཉིད་"
203800,207950,4150,"ཀྱི་འགྲེལ་བ་ཚིག་དོན་རབ་གསལ་ཞེས་བྱ་བ་"
207950,210708,2758,"རྩ་འགྲེལ་སྦྲགས་ཏེ་འབུལ་བར་བྱེད་པ་དེ་ལ། སྤྱིར་"
210708,213877,3169,"བདེ་བཞིན་གཤེགས་པ་རྫོགས་པའི་སངས་རྒྱས་ཀྱི་"
213877,217391,3514,"ལུང་དང་རྟོགས་པའི་བསྟན་པ་དེ་ཉིད་ཚུལ་བཞིན་དུ་འཛིན་པར་བྱེད་པ་ལ།"
217391,221680,4289,"ཀློག་པ་ཐོས་བསམ་དང་། སྤོང་བ་བསམ་གཏན་གྱི་སྡེ་གཉིས་སུ་ཡོད་པ་ལས།"
221680,223533,1853,"སྐབས་སུ་བབས་པ་དེ།"
223533,226649,3116,"སྙིགས་མ་ལྔའི་དུས་ཀྱི་སེམས་ཅན་ཐམས་ཅད་ཚེ་ཐུང་།"
226649,227729,1080,"བློ་གྲོས་དབུལ།"
227729,231272,3543,"ཤེས་བྱ་རྒྱ་ཆེན་པོ་ལ་བསམ་པ་མི་ནུས་པ་གང་ཟག་ཐམས་ཅད་"
231272,234706,3434,"ཆོས་ཀྱི་གནད་སྙིང་པོ་གཅིག་ཏུ་བསྡུས་ཏེ་ཉམས་སུ་ལེན་ནས།"
234706,239483,4777,"སྤོང་བ་བསམ་གཏན་གྱི་ཏིང་ངེ་འཛིན་ལ་མཉམ་པར་བཞག་ན་ཁེ་ཆེ་བ་ཡིན་པས། དེ་དག་ལ་"
239483,242110,2627,"ཕན་པར་བྱེད་པའི་གདམས་པའི་གཏམ་"
242110,244280,2170,"སྐྱེས་བུ་གསུམ་གྱི་ལམ་གྱི་རིམ་པ་ཐམས་ཅད་"
244280,246966,2686,"མདོར་བསྡུས་པ་བདུད་རྩི་སྙིང་པོ་ཞེས་བྱ་བ་དེ་ནི།"
246966,251046,4080,"སླར་ཡང་འགྲེལ་བའི་སྒོ་ནས་གསལ་བར་མཛད་པ་འདི་ཉིད་འཆད་པའི་སྐབས་སུ་བབས་པ་ཡིན་ལ།"
251046,254141,3095,"དེ་ལ། དེ་ག་འགྲེལ་བ་གྱི་མཆོད་པར་བརྗོད་པ་ནི།"
254141,255323,1182,"ན་མོ་གུ་རུ་བྷྱཿ"
255323,261623,6300,"དཀྱིལ་འཁོར་རྒྱ་མཚོའི་ཁྱབ་བདག་མཆོག ། དཔལ་ལྡན་བླ་མར་གུས་བཏུད་ནས། ། རང་གིས་ཇི་ལྟར་གདམས་པའི་དོན། ། སླར་ཡང་སྙིང་པོར་དྲིལ་ཏེ་དབྱེ། །"
261623,263793,2170,"ཞེས་པ་སྟེ།"
263793,270197,6404,"བླ་མ་སངས་རྒྱས་བླ་མ་ཆོས། །དེ་བཞིན་བླ་མ་དགེ་འདུན་ཏེ། །ཀུན་གྱི་བྱེད་པོ་བླ་མ་ཡིན། །བླ་མ་དཔལ་ལྡན་རྡོ་རྗེ་འཆང་། །"
270197,272339,2142,"ཞེས་གསུངས་པ་ལྟར་ཕྱོགས་བཅུ་དུས་གསུམ་གྱི་"
272339,276190,3851,"བདེ་བཞིན་གཤེགས་པ་ཐམས་ཅད་ཀྱི་ཡེ་ཤེས་གཅིག་ཏུ་བསྡུས་པའི་བདག་ཉིད།"
276190,279959,3769,"དཔལ་མགོན་བླ་མ་དབྱེར་མི་ཕྱེད་མི་གསལ་ཅན། སངས་རྒྱས་ཀྱི་ཞལ་མཐོང་བ་དང་།"
279959,283809,3850,"ཆོས་ཀྱི་བདུད་རྩི་སྤྱོད་པ་ལ་སྐལ་པ་དམན་པ་ཐམས་ཅད་ལ།"
283809,286242,2433,"དགེ་བའི་བཤེས་གཉེན་གྱི་གཟུགས་སུ་སྤྲུལ་ནས།"
286242,291687,5445,"སངས་རྒྱས་དང་བྱང་ཆུབ་སེམས་དཔའ་ཐམས་ཅད་ཀྱིས་སྐྱེ་འགྲོ་ཐམས་ཅད་ཐར་པའི་ལམ་དུ་བཀོད་པ་ལུང་བསྟན་པ་ལྟ་བུ།"
291687,296120,4433,"དེ། བླ་མའི་ཚུལ་དུ་བྱོན་པ། མཚན་ཉིད་དང་ལྡན་པའི་བླ་མ་དགེ་བའི་བཤེས་གཉེན་དེ་ནི།"
296120,299319,3199,"དེ། ཕྱི་ལྟར་དུ་བྱས་ན། དཀོན་མཆོག་གསུམ་ཀུན་འདུས།"
299319,300881,1562,"ནང་ལྟར་དུ་རྩ་གསུམ་ཀུན་འདུས། "
300881,303477,2596,"གསང་བ་ལྟར་དུ་སྐུ་གསུམ་ཀུན་འདུས་ཀྱི་བདག་ཉིད།"
303477,309816,6339,"རིགས་དང་དཀྱིལ་འཁོར་མ་ལུས་པ་ཐམས་ཅད། ཕར་འཕྲོ་བ་དང་། ཚུར་བསྡུ་བ། བླ་མའི་ཐུགས་བདེ་སྟོང་ཡེ་ཤེས་ཆེན་པོའི་རོལ་པ་གཅིག་འདི།"
309816,311959,2143,"གཞན་དུ་མ་ཡིན་པ་ཡིན་པའི་ཆ་ནས།"
311959,313730,1771,"དེ། དཀྱིལ་འཁོར་རྒྱ་མཚོའི་ཁྱབ་བདག་དེ།"
313730,315980,2250,"འདི་ལྟ་བུའི་དཔལ་ལྡན་བླ་མ་དེ་ཉིད་ལ།"
315980,318447,2467,"དཔལ་དང་ལྡན། ཞེས་པ་་་་དེ།"
318447,323513,5066,"དབང་ཕུན་སུམ་ཚོགས་པ་དང་རྟོགས་ཕུན་སུམ་ཚོགས་པའི་ཡོན་ཏན་ཕུན་སུམ་ཚོགས་པ་དང་ལྡན་པས།"
323513,325933,2420,"ངེས་པའི་དོན་དུ་ཡོན་ཏན་ཐམས་ཅད་"
325933,328569,2636,"རྒྱལ་བ་སྲས་དང་བཅས་པ་དང་ཁྱད་པར་མེད་པ།"
328569,331469,2900,"ཟག་པ་མེད་པའི་འབྲས་བུའི་ཡོན་ཏན་ཐམས་ཅད་ཡོངས་སུ་རྫོགས་པ།"
331469,333822,2353,"བཀའ་དྲིན་གྱི་ངོས་ནས་བྱས་ན་སངས་རྒྱས་ལས་ཀྱང་"
333822,335943,2121,"བླ་མར་ཆེ་བ་ཡིན་པ་དེ་ལ། "
335943,340476,4533,"གུས་པས་འདུད་པར་བྱས་ན། གཞན་ཐམས་ཅད་ལའང་མཆོག་གི་མཆོད་པར་གྱུར་བ་ཡིན་པས་"
340476,343541,3065,"དེ་ལ་གུས་བཏུད་ནས། དེ། སྔར།"
343541,348277,4736,"རྩ་བའི་ས་བཅད། ལམ་རིམ་བདུད་རྩི་སྙིང་པོ་ཞེས་བྱ་བ་དེ་ཉིད་སྐུལ་བ་པོས་བསྐུལ་ཏེ།"
348277,352196,3919,"དེ། མཁྱེན་བརྩེ་དབང་པོ་རང་ཉིད་ཀྱིས་ཇི་ལྟར་མཛད་བཞིན་"
352196,354163,1967,"གདམས་པའི་དོན་ཉིད་སླར་ཡང་དེ།"
354163,358763,4600,"ཚིག་དང་དོན་སྙིང་པོར་དྲིལ་ཏེ་འགྲེལ་བ་ཆུང་ངུའི་ཚུལ་གྱིས་དབྱེ་བར་བྱའོ། ཞེས་"
358763,361132,2369,"མཆོད་པར་བརྗོད་པ་དང་བརྩམ་པར་དམ་བཅའ་བའོ།"
361132,362982,1850,"དེ་ནས་བསྟན་བཅོས་འདི་ལ་གསུམ་སྟེ།"
362982,364901,1919,"རྩོམ་པ་ལ་འཇུག་པ་ཀླད་ཀྱི་དོན།"
364901,367707,2806,"བརྩམ་པར་བྱ་བ་གཞུང་གི་དོན། རྩོམ་པར་མཐར་ཕྱིན་པ་"
367707,369968,2261,"མཇུག་གི་དོན་དང་རྣམ་པ་གསུམ་དུ་ཡོད་པ་ལས།"
369968,372105,2137,"དང་པོ་བསྟན་བཅོས་རྩོམ་པ་ལ་འཇུག་པའི་"
372105,374848,2743,"ཐོག་མར་དགེ་བ་ཀླད་ཀྱི་དོན་བཤད་པ་ལ་གཉིས་ཏེ།"
374848,377556,2708,"མཆོད་པར་བརྗོད་པ་དང་། རྩོམ་པར་དམ་བཅའ་བ་"
377556,381121,3565,"གཉིས་སུ་ཡོད་པའི་ནང་ནས། དང་པོ་མཆོད་པར་བརྗོད་པ་དེ་ཉིད་རེད་དུས།"
381121,382965,1844,"སྲས་བཅས་རྒྱལ་བའི་ཡེ་ཤེས་སྐུ། །"
382965,384604,1639,"བཀའ་དྲིན་མཉམ་མེད་བླ་མ་ལ། །"
384604,387424,2820,"ཞེས་སོགས་པ་གིས་མཆོད་པར་མཛད་པ་སྟེ།"
387424,391261,3837,"དེ་ཡང་། སྲས་ཟེར་དུས་བདེ་བཞིན་གཤེགས་པ་རྫོགས་པའི་སངས་རྒྱས་བཅོམ་ལྡན་འདས་"
391261,393708,2447,"དཔལ་མཉམ་མེད་ཤཱཀྱའི་རྒྱལ་པོ་ལྟ་བུ་ཞིག་ཡིན་ན།"
393708,395122,1414,"སྐུ་ཡི་སྲས་དགྲ་ཅན་འཛིན།"
395122,398277,3155,"གསུང་གི་སྲས་ཉན་རང་འཕགས་པའི་ཚོགས་ཐམས་ཅད་དང་།"
398277,400321,2044,"ཐུགས་ཀྱི་སྲས་བྱང་ཆུབ་སེམས་དཔའ་ཡིན་པ།"
400321,403524,3203,"དེ། སྲས་ཐམས་ཅད་ཀྱི་ནས་ནས་མཆོག་ཏུ་གྱུར་བ་གང་ཡིན་ན།"
403524,405971,2447,"སངས་རྒྱས་ཀྱི་གདུང་འཛིན་ཅིང་། དཀོན་མཆོག་གསུམ་གྱི་"
405971,408412,2441,"མཛད་པ་འཕྲིན་ལས་རྒྱུན་མི་ཆད་པ་དང་།"
408412,410870,2458,"ཐེག་པ་ཆེན་པོའི་སྤྱོད་པ་རྒྱ་མཚོ་ལྟ་བུའི་"
410870,414691,3821,"སངས་རྒྱས་ཀྱི་མཛད་པ་ལ་སློབ་པར་བྱེད་པའི་སྲས་ཀྱི་མཆོག་ཏུ་གྱུར་བ་ནི་"
414691,416646,1955,"བྱང་ཆུབ་སེམས་དཔའ་རྣམས་ཡིན་ལ།"
416646,418693,2047,"དེ་ལྟ་བུའི་བྱང་ཆུབ་སེམས་དཔའ་དེ་དང་"
418693,420977,2284,"བཅས་པ་སྟེ། ཕྱོགས་བཅུའི་ཞིང་ཁམས་རབ་འབྱམས་ན་"
420977,425013,4036,"རྒྱལ་བ་ཐམས་ཅད། རྡུལ་གཅིག་གི་སྟེང་ན་རྡུལ་རྙེད་ལྟར་དུ་བཞུགས་ཡོད་པ་དེ།"
425013,426848,1835,"སྲས་དང་བཅས་པ་ཐམས་ཅད་ཀྱི་ཐུགས།"
426848,428949,2101,"ཇི་ལྟ་ཇི་བཞིན་མཁྱེན་པའི་ཡེ་ཤེས་དང་། "
428949,430741,1792,"མཁའ་ཁྱབ་ཀྱི་འགྲོ་བ་ཐམས་ཅད་ལ།"
430741,433295,2554,"དམིགས་མེད་བརྩེ་བའི་ཐུགས་རྗེ་ཆེན་པོ་དང་།"
433295,435436,2141,"སེམས་ཅན་ཐམས་ཅད་ཀྱི་དོན་ལ།"
435436,437641,2205,"ཐར་པའི་ལམ་དུ་སྐུལ་པར་འགྱུར་བ་དེ་ལ།"
437641,440448,2807,"དེ་བཞིན་གཤེགས་པ་ནི། སྟོབས་བཅུ། དབང་བཅུ།"
440448,446557,6109,"མི་འཇིགས་པ་བཞི་ལ་མངའ་རྙེད་པས་ན། སེམས་ཅན་གྱི་སངས་རྒྱས་ཀྱིས་སེམས་ཅན་གྱི་དོན་མཛད་པ་ལྟ་བུ་སུས་ཀྱང་མི་ནུས་པས།"
446557,448555,1998,"ནུས་པ་ཕུལ་དུ་ཕྱིན་པ་ཡིན།"
448555,451015,2460,"དེ་ལྟ་བུའི་མཁྱེན་བརྩེ་ནུས་གསུམ་གྱི་ཡེ་ཤེས་འདི་ཉིད་"
451015,453838,2823,"གཅིག་ཏུ་བསྡུས་པའི་གོང་བུ་ལྟ་བུ་གང་རེད་ཟེར་ན།"
453838,457353,3515,"དེ། ཕྱོགས་བཅུ་རྒྱལ་བ་སྲས་དང་བཅས་པའི་དོན་དམ་ཡེ་ཤེས་ཆོས་ཀྱི་སྐུ་"
457353,459437,2084,"བསམ་གྱིས་མི་ཁྱབ་པའི་ངོ་བོ། དེ་ཡང་།"
459437,462121,2684,"ཆོས་ཀྱི་སྐུ། དེ་བཞིན་རང་ངོས་ན།"
462121,465382,3261,"ཁམས་གསུམ་འཁོར་བའི་ས་བོན་དྲུང་ནས་སྤོང་ཟིན་པ་ཡིན་ན་ཡང་། "
465382,468592,3210,"ཆོས་ཀྱི་སྐུ་ཡི། དེ་ཡི་རང་བཞིན་ནམ། དམིགས་མེད་ཐུགས་རྗེ་ཆེན་པོ།"
468592,470127,1535,"གདུལ་བྱ་འདི་རུ་གྱི།"
470127,472457,2330,"ཆེད་དུ་མཐོང་བར་གྱུར་བ་ཡིན་པའི་ཕྱིར་ན།"
472457,473820,1363,"དུས་ངན་སྙིགས་མ་ལྔ།"
473820,475998,2178,"སེམས་ཅན་རྣམས་ཉོན་མོངས་པ་ཇི་ཙམ་རགས།"
475998,477446,1448,"བློ་གྲོས་ཇི་ཙམ་དཀའ།"
477446,479036,1590,"བློ་རྒྱུད་ཆོས་ལས་ཇི་ཙམ་དུ་"
479036,482516,3480,"འགྲོ་དཀའ་ན། སངས་རྒྱས་ཀྱི་ཐུགས་རྗེ་དང་འཕྲིན་ལས་དེ་ཙམ་གྱིས་མྱུར་དུ་"
482516,485234,2718,"གདུལ་བྱའི་ཡུལ་ལ་ལྷག་པར་མཛད་པ་ཆོས་ཉིད་རེད་དུས།"
485234,487863,2629,"དེ། འགྲོ་བ་སེམས་ཅན་རྣམས་ཐམས་ཅད་ཐར་པའི་ལམ་དུ།"
487863,490212,2349,"འགྲོ་བར་བྱ་བའི་ཕྱིར་དུ། དགེ་བའི་བཤེས་གཉེན་དང་"
490212,491245,1033,"ཁྱིམ་པ་དང་། "
491245,492875,1630,"ཐ་ན་བྱ་དང་རིག་དྭགས་དང་། "
492875,495560,2685,"དེ། དག་པའི་བྱང་ཆུབ་སེམས་དཔའ་རྣམས་ལ་ནམ་མཁའ་དང་།"
495560,499082,3522,"ཤིང་ལས་ཀྱང་ཆོས་ཀྱི་སྒྲ་རྒྱུན་མི་ཆད་པ་སྣང་བ་དེ་ལྟ་བུའི་"
499082,500887,1805,"རང་རང་གི་རིགས་དང་མཐུན་པའི་"
500887,502653,1766,"སྐུར་སྣང་བར་གྱུར་བས།"
502653,505718,3065,"དེ་ཐམས་ཅད་ཀྱིས། ཆོས་བསྟན་པ་དེ་ཐམས་ཅད་མདོར་བསྡུ་ན།"
505718,508789,3071,"འགོག་པ་དང་ལམ་གྱི་བདེན་པ་གཉིས་སུ་བསྡུ་གི་རེད།"
508789,511302,2513,"དེ། ལམ། འགོག་པ་ཟེར་མཁན་འདི་གང་རེད་ཟེར་ན།"
511302,515683,4381,"སེམས་ཅན་ཐམས་ཅད་ཁམས་གསུམ་འཁོར་བར་འཁྱམ་བྱེད་ཀྱི་རྩ་བ་ས་བོན་ལྟ་བུ་འདི།"
515683,517999,2316,"གང་རེད་ཟེར་ན། ལས་དང་ཉོན་མོངས་པ་རེད་དུས།"
517999,519251,1252,"དེ། ལས་ཉོན་གྱི་རྒྱུ།"
519251,522904,3653,"ཁམས་གསུམ་འཁོར་བའི་ས་བོན་འདི་ཕིས་སྤོང་ཟིན་པ་དེ་ལ་འགོག་པ་ཟེར།"
522934,525871,2937,"དེ། འགོག་པའི་གོ་འཕང་འདི་མངོན་སུམ་དུ་ཐོབ་བྱེད་འདི་ལ།"
525884,530000,4116,"དེ། སྐྱེས་བུ་གསུམ་གྱི་ལམ་གྱི་རིམ་པ་རྒྱ་ཆེན་པོ་ཡོད་པ་དེ།"
530023,534715,4692,"དགེ་བའི་བཤེས་གཉེན་རྣམས་ཀྱིས། གསུང་གིས་དངོས་སུ་འདོམས་པར་མཛད་པ་ཡིན་པས་ན།"
534715,536249,1534,"དགེ་བའི་བཤེས་གཉེན་གསུང་འདི།"
536249,538506,2257,"ལམ་གྱི་བདེན་པ་ཡིན་པས། དེ་གྱིས།"
538506,540524,2018,"ལམ་གྱི་བདེན་པ་འདི་ཚུལ་བཞིན་དུ།"
540524,543187,2663,"དགེ་བའི་བཤེས་གཉེན་གྱིས་བསྟན་པ་བཞིན་དུ་ཉམས་སུ་བླང་།"
543187,544794,1607,"ཚུལ་གནས་ཐོས་བསམ་སྒོམ། །"
544794,546432,1638,"སྒོམ་པ་ལ་ནི་རབ་ཏུ་སྦྱོར། །"
546432,548691,2259,"ཞེས་པ་ལྟར་དུ། ཐོས་བསམ་སྒོམ་གསུམ་ཅིག་བྱས་ན།"
548691,553728,5037,"དེ། སྐྱེས་བུ་གསུམ་གྱི་ལམ་གྱི་འབྲས་བུ་ཇི་ལྟ་བ་བཞིན་རང་གི་རྒྱུད་ལ་རང་བཞིན་གྱིས་སྐྱེ་ཡོད་རྒྱུ་རེད། "
553728,555042,1314,"མཐར་ཐུག་འགོག་བདེན་གྱི་"
555042,557287,2245,"འབྲས་བུ་ལ་སྦྱོར་བར་བྱེད་པ་ཡིན་པའི་ཕྱིར་ན།"
557287,559642,2355,"དེ། རྩ་བའི་བླ་མ་འདི་ཉིད་སངས་རྒྱས་ལས་ཀྱང་"
559642,562853,3211,"བཀའ་དྲིན་གྱི་སྒོ་ནས་ཆེས་ཆེར་ལྷག་པས་ན།"
562853,567027,4174,"དེ། ཕྱོགས་བཅུ་དུས་བཞི་ཆོས་ཀྱི་དབྱིངས་རྒྱས་པར་བཞུགས་པའི་རྒྱལ་བའི་སྲས་དང་བཅས་པ་ལས་"
567027,569692,2665,"བླ་མ་ལས་ལྷག་པ་གཅིག་ཀྱང་ཡོད་རྒྱུ་མ་རེད་དུས།"
569692,572695,3003,"དེས་ན། གང་དང་མཉམ་པ་འགའ་ཡང་མེད་པའི་ཕྱིར་ན། "
572695,577511,4816,"སྤྱིར་དུ། བླ་མ་ཐམས་ཅད་དང་། ལྷག་པར་དུ་རང་ཉིད་ལ་ཐར་པའི་ལམ་སྟོན་པར་བྱེད་པ་དང་།"
577511,580719,3208,"འཁོར་བ་ལས་ངེས་བྱུང་། གཞན་ཕན་བྱང་ཆུབ་ཀྱི་སེམས།"
580719,583183,2464,"དབང་བཞི་པ་དོན་གྱི་ཡེ་ཤེས་སྩོལ་བར་མཛད་པ་དེ་"
583183,585169,1986,"ཐུན་མོང་མ་ཡིན་པ་རྩ་བའི་བླ་མ་རེད་དུས།"
585169,589056,3887,"འདི་ཉིད་སངས་རྒྱས་ཀུན་ལས་ཀྱང་ལྷག་པའི། དེ། བླ་མ་རྣམས་ལ།"
589056,592878,3822,"དེ། ཁ་སྙན་པོ་གི་སྒོ་ནས་ཁ་ཙམ་ཚིག་ཙམ་གྱིས་གསོལ་བ་འདེབས་སོང་འདིས་"
592878,596097,3219,"ཞུས་པ་མ་ཡིན་པ། སྙིང་ནས་སངས་རྒྱས་དངོས་ལས་ཀྱང་ལྷག་པའི་"
596097,599246,3149,"བཀའ་དྲིན་ཆེན་པོའི་ཡིད་ཆེས་ཀྱིས། དྲན་པའི་སྒོ་ནས་ཕྱག་འཚལ་བ་"
599246,602355,3109,"དེ་ཉིད་ལ། དེ། ཕྱག་འཚལ་བ་རབ་ཀྱི་དབང་དུ་བཏང་ན།"
602355,606045,3690,"ཕྱག་འཚལ་བྱ་དང་འཚལ་བྱེད་གཉིས་སུ་མེད་པ། ཆོས་ཉིད་མཉམ་པ་ཉིད་ཀྱི་སྒོ་ནས་"
606045,611182,5137,"ལྟ་བ་གི་ཕྱག་འཚལ་བ་དང་། འབྲིང་གིས་ཡིན་ན་དཔག་མེད་བཞི་དང་ལྡན་པའི་སྒོ་ནས་ཕྱག་འཚལ་བ་དང་།"
611182,616946,5764,"ཐ་མ་ཡིན་ན་མོས་གུས་ཡིད་ཆེས་ཀྱི་དད་པ་དང་ལྡན་པའི་སྒོ་ནས་ཕྱག་འཚལ་བ་རྣམ་པ་གསུམ་དུ་ཡོད་ནའང་།"
616946,621823,4877,"འདིར་བསྟན་བཅོས་མཛད་པ་པོ་འཕགས་ལམ་ཆོས་ཉིད་ཀྱི་བདེན་པ་མངོན་སུམ་དུ་གཟིགས་པ་རེད་དུས།"
621823,625809,3986,"དབང་པོ་རབ་ཀྱི་ཕྱག་འཚལ་བའི་ཁོངས་སུ་ཕྱི་མ་གཉིས་ཀྱང་རང་ཤུགས་ཀྱིས་བསྡུ་བ་རེད་དུས།"
625809,629990,4181,"དཱ། བདག་ཅག་ཐམས་ཅད་ཀྱིས་དེའི་རྗེས་སུ་སློབ་པའི་ཚུལ་གྱིས་ཕྱག་འཚལ་ལོ་"
629990,631936,1946,"ཞེས་པའི་སྒོ་ནས་ཚིག་གི། འདི།"
631936,635494,3558,"བསྟན་བཅོས་རྩོམ་པ་པོས་ཇི་ལྟར་ཕྱག་མཛད་པ་བཞིན་དུ་བདག་གིས་འཚལ་བ་ཡིན་"
635494,637017,1523,"བསམ་པ་བྱས་ན་ཆོག་རྒྱུ་རེད།"
637017,640109,3092,"དེ་ནས། ཕྱག་འཚལ་ནས་ཞེས། ནས་ཀྱི་སྒྲ་བསྟན་པ་དེ།"
640109,642001,1892,"བརྩམ་པར་དམ་བཅའ་བ། ལྷག་མས་"
642001,645149,3148,"ཚིག་ལྷག་མ་འདྲེན་པའི་ཚིག་སྟེ། ཕྱག་འཚལ་ནས་"
645149,650332,5183,"བསྟན་བཅོས་དེ་ཉིད་བཤད་པར་བྱའོ། ཞེས་པའི་དོན་ཚོད། སྙིང་པོའི་གཏམ་བརྩམ་པར་དམ་བཅའ་བ་དེ་ནི།"
650332,652766,2434,"ཟབ་མོའི་གདམས་པ་ཅུང་ཟད་དབྱེ། ཞེས་པ་སྟེ།"
652766,656714,3948,"སྤྱིར། ཆོས་རྣམས་ཐམས་ཅད་བཀའ་དང་བསྟན་བཅོས་ཏེ། །ལེགས་པར་གསུངས་དང་དེའི་དགོངས་འགྲེལ་བ། །"
656714,660332,3618,"དེའི་དབང་གིས་ཤཱཀྱའི་བསྟན་པ་ནི། །འཇིག་རྟེན་ཁམས་འདིར་ཡུན་རིང་གནས་པར་གྱུར། །"
660332,663532,3200,"ཞེས་པ་ལྟར་དུ། སྟོན་པ་སངས་རྒྱས་བཅོམ་ལྡན་འདས་དག་གིས།"
663532,667104,3572,"ཕུན་སུམ་ཚོགས་པ་ལྔ་དང་ལྡན་པའི་སྒོ་ནས་ཆོས་ཀྱི་འཁོར་ལོ་སྐོར་བ་དང་།"
667104,669312,2208,"བསྟན་བཅོས། མཁས་པའི་གང་ཟག་རྣམས་ཀྱིས་"
669312,672029,2717,"རྩིས་མགོ་ཡན་ལག་ལྔ་ཡིས་སྒོས་གིས་བསྟན་པར་གྱུར།"
672029,675321,3292,"ལམ་ཐམས་ཅད་རྒྱ་ཆེན་པོ་བསམ་གྱིས་མི་ཁྱབ་པ་ཡོད་རྒྱུ་རེད་དུས།"
675321,679872,4551,"ཡོད་ན་ཡང་། སྙིགས་མའི་སེམས་ཅན་ཐམས་ཅད་བློ་བརྟུལ། བརྩོན་འགྲུས་ཞན།"
679872,682120,2248,"དབང་པོ་དམན་པ་རེད་སོང་དུས།"
682120,689326,7206,"གདམས་ངག་ཐམས་ཅད་ཚིག་གཅིག་ཏུ་བསྡུས་ན། རྒྱུད་ལུང་མན་ངག་རྒྱ་ཆེན་པོ་ལས་ཀྱང་། བླ་མའི་མན་ངག་གིས་ཐར་པ་དང་ཐམས་ཅད་མཁྱེན་པའི་ལམ་ཐོབ་པ་ལ་"
689326,692393,3067,"ཤིན་ཏུ་ཟབ་པར་གསུངས་པ་ལྟར། དེ་རེད་དུས་ན།"
692393,697008,4615,"དེ་ནས࿏། ལམ་གྱི་ཆིངས་པོ་མདོར་བསྡུས་པ་ཞིག མདོར་བསྡུས་པ་དེ་ཉིད་ལའང་།"
697008,701046,4038,"རྒྱུ་མཚན་ཉིད་ཐེག་པ་དང་། འབྲས་བུ་གསང་སྔགས་རྡོ་རྗེའི་ཐེག་པ་རྣམ་པ་གཉིས་ཀ་གི་"
701046,703339,2293,"བསྟན་བྱའི་ལམ་གྱི་སྙིང་པོ་ཐམས་ཅད་"
703339,706306,2967,"དམ་ཆོས་འོ་མ་བསྲུབས་པ་ལས། །མར་གྱི་སྙིང་ཁུ་འབྱུང་བ་ཡིན། །"
706306,710306,4000,"ཞེས་པ་ལྟར་དུ་ཕ་རོལ་ཏུ་ཕྱིན་པ་རྒྱུ་མཚན་ཉིད་ཐེག་པའི་ལམ་གྱི་ཡ་གྱལ་"
710306,716680,6374,"ཟབ་མོ་སྟོང་པ་ཉིད་དང་། གསང་སྔགས་རྡོ་རྗེ་ཐེག་པའི་ལམ་གྱི་བསྐྱེད་རྫོགས་ཀྱི་ཐབས་ཟབ་མོ་དག་བརྗོད་གཞི་གཙོ་བོར་བྱས་ནས།"
716680,721961,5281,"ཚིག་ཤིན་ཏུ་ཉུང་ཉུང་ལ། དོན་དུ་ཐེག་པ་རིམ་པ་དགུའི་ལམ་གྱི་བཅུད་མ་ལུས་པ་ལྟོ་བས།"
721961,725222,3261,"ཐམས་ཅད་གཅིག་ཏུ་འདྲིལ་བའི། བློ་དམན་གྱི་གང་ཟག་གིས་"
725222,728319,3097,"འཛིན་བདེ་བའི་ཕྱིར་དུ། སྙིང་པོ་འདྲིལ་བའི་ཚུལ་གྱིས།"
728319,733255,4936,"གདམས་པའི་གནད་འགའ་ཞིག་ཅུང་ཟད་དབྱེ་བར་བྱའོ། ཞེས། དེ་བརྩམ་པར་དམ་བཅའ་བའི་དོན་ཡིན་ནོ།"
733255,738785,5530,"གཉིས་པ་གཞུང་གི་དོན་དངོས་ལ་གཉིས་ཏེ། རྒྱས་པར་བཤད་པ་དང་། མདོར་བསྡུས་པའོ།"
738785,743012,4227,"དང་པོ་རྒྱས་པར་བཤད་པ་དེ་ལའང་།"
743012,745402,2390,"ཐུན་མོང་ཕ་རོལ་ཕྱིན་པའི་ལམ་བཤད་པ་དང་།"
745402,747874,2472,"ཁྱད་པར་གསང་སྔགས་རྡོ་རྗེའི་ཐེག་པའི་ལམ་ལ་"
747874,750694,2820,"ཇི་ལྟར་སློབ་པའི་ཚུལ་བཤད་པ་གཉིས་ཡོད་པའི་ནང་ནས།"
750694,754445,3751,"དང་པོ་ཕ་རོལ་ཏུ་ཕྱིན་པའི་ལམ་བཤད་པ་དེ་ལའང་།"
754445,756990,2545,"དང་ལམ་གྱི་རྩ་བ་བཤེས་གཉེན་བསྟེན་ཚུལ་དང་།"
756990,762642,5652,"བསྟེན་ནས་ཇི་ལྟར་སྦྱོར་བའི་ཚུལ་བཤད་པ་གཉིས་ཡོད་པ་ནས། དང་པོ་ལམ་གྱི་རྩ་བ་བཤེས་གཉེན་བསྟེན་པའི་ཚུལ་"
762642,766921,4279,"བཤད་པར་འགྱུར་བ་དེ་ལ། དཔེར་ན་ཁར་རྩང་དྭགས་པོའི་ཐར་རྒྱན་ལྟ་བུ་ཡིན་ནའང་།"
766921,771870,4949,"རྒྱུ་ནི་བདེ་གཤེགས་སྙིང་པོ། རྟེན་ནི་མི་ལུས་རིན་ཆེན། རྐྱེན་ནི་དགེ་བའི་བཤེས་གཉེན། ཞེས་གསུངས་པ་ལྟར་དུ།"
771870,775246,3376,"དེ། ཐར་པ་དང་ཐམས་ཅད་མཁྱེན་པའི་ལམ་ཡང་དག་པ་ཅིག་སྒྲུབ་དགོས་ན།"
775246,780014,4768,"རང་བཟོ་དང་ཕོ་ཚོད་ཀྱིས་ཐམས་ཅད་མཁྱེན་པའི་གོ་འཕང་ཐོབ་པ་གཅིག་ཀྱང་ཡོད་རྒྱུ་མ་རེད།"
780014,783358,3344,"དེའི་ཕྱིར་ན། དེ་སྔོན་བྱོན་པའི་རྒྱལ་བ་སྲས་དང་བཅས་པ་ཐམས་ཅད་ཀྱང་།"
783358,785662,2304,"བླ་མ་དགེ་བའི་བཤེས་གཉེན་གྱི་ཞབས་ལ་བསྟེན།"
785662,792441,6779,"ཐེག་པ་གསུམ་གྱི་གདམས་ངག་ཐམས་ཅད་ཐོས་བསམ་སྒོམ་གསུམ་མཛད། དེ་ལ་བསྟེན་ཏེ་རྫོགས་པའི་སངས་རྒྱས་ཀྱི་སར་ཕེབས་སོང་བའི་ཤ་སྟག་ཡིན་རྒྱུ་རེད་དུས།"
792441,794758,2317,"དེ། བླ་མ་མན་ངག་བསྟེན་ནས།"
794758,797495,2737,"ཆོས་ཐམས་ཅད་ཀྱི་ཆིངས་པོ་གཅིག་ཏུ་བསྡུས་པ།"
797495,801039,3544,"དབང་པོ་མཆོག་དམན་ཐམས་ཅད་ཀྱིས། འཛིན་བདེ་པོའི་རང་བཞིན་ཅན་དུ་"
801039,803572,2533,"གྱུར་བ་ཡིན་པའི་ཕྱིར་ན། "
803572,807922,4350,"དེ། བླ་མའི་མན་ངག་དེ་གང་ལས་འབྱུང་ཟེར་ན། བླ་མ་དགེ་བའི་བཤེས་གཉེན་ལས་འབྱུང་གི་རེད།"
807922,809706,1784,"དེ། དགེ་བའི་བཤེས་གཉེན་དེ་ལའང་།"
809706,814367,4661,"ཁ་ཙམ་ཚིག་ཙམ་མ་ཡིན་པར། རབ་སྒྲུབ་པའི་མཆོད་པ་གིས་ཐུགས་ཡིད་དབྱེར་མེད་དུ་འདྲེས་པ།"
814367,817152,2785,"འབྲིང་ལུས་ངག་ཡིད་གསུམ་གྱིས་སྒྲུབ་པ་ཉམས་ལེན་ལ།"
817152,820223,3071,"ཐ་མ་ཟང་ཟིང་གི་མཆོད་པས་མཉེས་པར་བྱ་བ་གསུམ་གྱི་ནང་ནས།"
820223,826850,6627,"མཉེས་པ་ཀུན་གྱི་ནང་ནས་སྒྲུབ་པ་མཆོག་གསུངས་པ་ལྟར་དུ། བླ་མའི་ཐུགས་ཀྱིས་གནང་བའི་གདམས་ངག་དེ། རང་གིས་རྩེ་གཅིག་ཏུ་ཉམས་སུ་བླང་ནས།"
826850,831061,4211,"དེའི་རྒྱལ་ས་ལ་ཡང་མཆོག་སྩོལ་ན། བླ་མ་མཉེས་པ་ཐམས་ཅད་ཀྱི་མཆོག་ཏུ་གྱུར་པ་དེ་རེད།"
831061,833367,2306,"དེ་ལྟ་བུ་ཡིས་མཉེས་པར་བྱ་བ་དེ་ལ་ཡང་།"
833367,837456,4089,"བླ་མས་ཞལ་གྱིས་གདམས་པ་དེ་ངོས་བཟུང་ནས་རྩེ་གཅིག་ཏུ་ཉམས་སུ་ལེན་དགོས་རེད།"
837456,842030,4574,"དེ་ཉམས་སུ་ལེན་པ་དེ་ལ། ཐོག་མར་བླ་མ་བཤེས་གཉེན་བསྟེན་དགོས་པའི་ཚུལ།"
842030,844897,2867,"འདོམས་པར་འགྱུར་བ་འདི་བསྟེན་པ་རེད་དུས།"
844897,848136,3239,"དེ་ནས། དང་པོ་བཤེས་གཉེན་བསྟེན་པའི་ཚུལ་བསྟན་པ་འདི་ནི།"
848136,851643,3507,"གང་ཞིག་སྲིད་ལས་ངེས་འབྱུང་སྟེ། །བླ་མེད་བྱང་ཆུབ་ཐོབ་འདོད་ན། །"
851643,855175,3532,"ཐོག་མ་ཁོ་ནར་ལམ་སྟོན་པའི། །བཤེས་གཉེན་མཉེས་པ་གསུམ་གྱིས་བསྟེན། །"
855175,857537,2362,"ཞེས་པ་ལ་སོགས་པ་སྒོ་ནས་བཤད་པ་སྟེ།"
857537,860390,2853,"དེའང་བློ་དང་ལྡན་པའི་གང་ཟག་ཐམས་ཅད་ཀྱིས། "
860390,864697,4307,"དཔེར་ན་འཇིག་རྟེན་པ་ཐམས་ཅད་ཀྱིས། རང་རང་གིས་ཆོས་དང་སྲིད། བྱ་བ་གང་བྱས་ན།"
864697,867265,2568,"དེ་ལ་ལམ་སྟོན་པའི་སློབ་དཔོན་ནི་ཡོད་རྒྱུ་རེད།"
867265,872339,5074,"དེ། འཇིག་རྟེན་ཚེ་འདི་ཡི་བརྩེ་གདུང་ཆེ་བའི་ཚད་དུ་འགྱུར་བ། ཕ་མ་དང་སྤུན་མཆེད་ལྟ་བུ་ཡིན་ནའང་།"
872339,876826,4487,"ཚེ་འདི་ཡི་དགྲ་འདུལ། གཉེན་སྐྱོང་། ནོར་བསགས། ཚོང་སོ་ནམས་བྱེད། "
876826,880720,3894,"གཡོ་སྒྱུས་གཞན་མགོ་སྐོར་བའི་ཚེ་འདིའི་བྱ་བ་མ་གཏོགས་གང་ཡང་དེས་ཤེས་རྒྱུ་མ་རེད།"
880720,884329,3609,"དེ། འཇིག་རྟེན་པའི་ལྷ་ཚངས་པ་དང་བརྒྱ་བྱིན་ལ་སོགས་པ་བསྟེན་ནའང་།"
884329,890382,6053,"དེ་ཐམས་ཅད་ལ་མཆོད་པ་ཕུལ་བ་དང་། གསོལ་བ་བཏབ་ན། གནས་སྐབས་ཀྱི་ནོར་མང་བ་དང་། བྱ་མ་ལམ་དུ་འགྲོ་བ་དང་།"
890382,893444,3062,"རུས་བརྒྱུད་བུ་ཚ་འབྱུང་བ་ལྟ་བུ་མ་གཏོགས་པར།"
893444,897133,3689,"ཐར་པ་དང་ཐམས་ཅད་མཁྱེན་པའི་ལམ་དུ་ཚུལ་བཞིན་དུ་བསྟན་ནུས་ཀྱི་མ་རེད།"
897133,902147,5014,"དེ། ཐར་པ་དང་ཐམས་ཅད་མཁྱེན་པའི་ལམ་ཡང་དག་པ། རྒྱལ་བ་སྲས་དང་བཅས་པ་སྐྱེས་པའི་རྒྱུ་"
902147,907819,5672,"མ་ནོར་བ་སྟོན་ནུས་མཁན་འདི་སུ་རེད་ཟེར་ན། དེ་ནས། བླ་མ་དང་དགེ་བའི་བཤེས་གཉེན་མཆོག་ཏུ་གྱུར་བ་ཞིག་བསྟེན་ན།"
907819,909232,1413,"དེས་ཅི་གསུངས་ཚད་མར་འཛིན།"
909232,912548,3316,"འཛིན་ཏེ། ཅི་མཛད་ལེགས་མཐོང་ཀྱི་མོས་གུས་ལྡན་པ་ཅིག་ཡིན་ན།"
912548,916850,4302,"དེ། ཚུལ་བཞིན་དུ། རང་གི་རྒྱུད་ལ་ཐར་པ་ལམ་གྱི་ཡོན་ཏན་ཐམས་ཅད་འབྱུང་གི་རེད་དུས།"
916850,919297,2447,"དེའི་ཕྱིར་ན། དེ། བློ་གྲོས་དང་ལྡན་པའི་གང་ཟག་ཟེར་རྒྱུ་"
919297,921889,2592,"སྤྱིར། འཇིག་རྟེན་ཕྱོགས་གྲོད་འཛོམས་པ་ཡོད་རྒྱུ་རེད་དུས།"
921889,925894,4005,"འདིའི་ནང་ནས་ཀྱང་གཏན་གྱི་འདུན་མ་རྫོགས་པའི་སངས་རྒྱས་ཀྱི་གོ་འཕང་འདི་ཇི་ལྟར་སྒྲུབ།"
925894,929821,3927,"བསྒྲུབ་དགོས་བསམ་པ་འདི། བློ་གྲོས་ཅན་ཐམས་ཅད་ཀྱི་མཆོག་ཏུ་གྱུར་བ་རེད་དུས།"
929821,932115,2294,"དེ། བློ་གྲོས་དང་ལྡན་པའི་སྐྱེ་བོ་གང་ཞིག་གིས། "
932115,934435,2320,"དེ་ནས། བླ་མ་དགེ་བའི་བཤེས་གཉེན་བསྟེན་ནའང་།"
934435,940507,6072,"རང་ཉིད་ཁོ་ན་ཙམ་ཞིག་མ་ཡིན་པ། ནམ་མཁའ་དང་མཉམ་པའི་སེམས་ཅན་འདི་ཐམས་ཅད་རྫོགས་པའི་སངས་རྒྱས་ཀྱི་ས་ལ་"
940507,944504,3997,"འགོད་པར་བྱ་བའི་བྱང་ཆུབ་སེམས་དཔའི་སྤྱོད་པ་རྒྱ་མཚོ་ལྟ་བུ་ཅིག་ལ་བསླབས་ཏེ།"
944504,947476,2972,"རྒྱལ་བ་སྲས་དང་བཅས་པ་སྐྱེད་པའི་སྤྱོད་ལམ་ལ་འགྲོ་སྟེ།"
947476,953396,5920,"སངས་རྒྱས་ཀྱི་གོ་འཕང་དེ་རང་གིས་སྒྲུབ་དགོས་འདུག་བསམ་པ་བློ་གྲོས་དང་ལྡན་པ་རྣམས་ཀྱི་ནང་ནས་མཆོག་ཏུ་འགྱུར་བ་འདི་རེད།"
953396,956158,2762,"དཔེར་ན། སྐྱེས་བུ་གསུམ་གྱི་ལམ་ཟེར་མཁན་དེ་ལའང་།"
956158,960040,3882,"དེ། བློ་གྲོས་རབ་འབྲིང་ཐ་གསུམ་གྱི་སྒོ་ནས་སྐྱེས་བུ་གསུམ་གྱི་ལམ་རེད་འགྲོ་རེད།"
960040,962262,2222,"དེའི་ནང་ནས་ཀྱང་། བདག་ཅག་ཐམས་ཅད་མེད་པར།"
962262,966247,3985,"ཁ་ཙམ་ཚིག་ཙམ་མིན་དགོས་ན། ཐེག་པ་ཆེན་པོའི་སྒོ་ལ་ཞུགས་པ་ཤ་སྟག་རེད་དུས།"
966247,969897,3650,"དེ། ཐེག་པ་ཆེན་པོ་ཐམས་ཅད་ཀྱི་ལམ་ཉམས་སུ་ལེན་རྒྱུ་འདི་གང་རེད་ཟེར་ན།"
969897,976124,6227,"གཞན་ཕན་གྱི་བསམ་པ་བཟང་པོ་ཅིག་གིས། རང་ཉིད་ཁོ་ན་ཙམ་ཞིག་ཐར་པ་དང་ཐམས་ཅད་མཁྱེན་པའི་ལམ་དོན་དུ་མི་གཉེར་བར།"
976124,978819,2695,"སེམས་ཅན་ཐམས་ཅད་སངས་རྒྱས་ཀྱི་ས་ལ་"
978819,981774,2955,"བཀོད་པ་གི་ལམ་ཉམས་སུ་ལེན་དགོས་རྒྱུ་རེད་དུས།"
981774,987008,5234,"དེའི་ཕྱིར་ན། བློ་གྲོས་དང་ལྡན་པའི་སྐྱེས་བུ་གང་ཞིག་གསུངས་པ་དེ། བློ་གྲོས་མཆོག་དང་ལྡན་པ་སྐྱེས་བུ་ཆེན་པོའི་"
987008,989153,2145,"ལམ་གྱི་སྣོད་དུ་འགྱུར་བ་གང་ཞིག་གིས།"
989153,993457,4304,"སྐྱེས་བུ་ཆེན་པོའི་ལམ་ཉམས་སུ་ལེན་ནའང་། སྐྱེས་བུ་ཆུང་ངུ་དང་འབྲིང་གཉིས་ཀྱང་།"
993457,997512,4055,"ཐེག་པ་ཆུང་ངུ་དང་འབྲིང་རེད་འདུག་ཟེར་ལམ་དམན་པ་གིས་ཉེས་སྤྱོད་བྱེད་རྒྱུ་མ་རེད།"
997512,999985,2473,"དེའི་ལེགས་ཆ་ཐམས་ཅད་རང་གིས་ཉམས་སུ་ལེན་དགོས་རེད།"
999985,1001869,1884,"བསྟན་པ་ཐམས་ཅད་འགལ་མེད་དུ་རྟོགས་"
1001869,1007339,5470,"ཟེར་མཁན་འདི་རེད་དུས། དེ་སྐྱེས་བུ་ཆུང་ངུ་དང་འབྲིང་གཉིས་པོ་དེའང་། ལམ་གྱི་སྔོན་འགྲོ་ལྟ་བུ་རེད་ཨེ་ཟེར།"
1007339,1011266,3927,"དེ། ལྷག་པར་དུ་ནང་པ་སངས་རྒྱས་པ། དཀོན་མཆོག་གསུམ་ལ་སྐྱབས་སུ་འགྲོ།"
1011266,1014394,3128,"ན་བཟའ་གྲུ་བཞི་བསྣམས། གོས་ངུར་སྨིག་གི་རྒྱལ་མཚན་དེ་་་་།"
1014394,1021519,7125,"འཕགས་པའི་དགེ་འདུན་གྱི་གྲལ་ལ་གཏོགས་རྫི་ཐམས་ཅད་མེད་པ། འཇིག་རྟེན་འདི་ཡི་སྙན་གྲགས་ཆེན་པོ་ཞིག་དང་། ནོར་ལོངས་སྤྱོད་ཆེན་པོ་ཞིག།"
1021519,1025130,3611,"ཐ་སྙད་ཀྱི་གཞུང་ལུགས་འཛོམས་པ་ཙམ་ཞིག་ལས་གཙོ་བོ་བྱེད་རྒྱུ་མ་རེད།"
1025130,1030385,5255,"གང་རེད་ཟེར་ན། རྫོགས་པའི་སངས་རྒྱས་བཅོམ་ལྡན་འདས་ཀྱིས་ཡུལ་ཝ་ར་ན་སི་ནས། ཆོས་ཀྱི་འཁོར་ལོ་དང་པོ་སྐོར་འོང་།"
1030385,1036170,5785,"དགེ་སློང་དག། འདི་ནི་སྡུག་བསྔལ་ལོ་གསུངས། སྡུག་བསྔལ་གྱི་བདེན་པ་བཤད་པར་བྱ་བ་ལས་བརྩམས་ཏེ་གསུང་རྒྱུ་འདི་རེད་དུས།"
1036170,1039931,3761,"འདིའི་ཕྱིར་ན་བདག་ཅག་ཐམས་ཅད་ད་ལྟ་གནས་ས་གང་དུ་གནས་ཡོད་རེད་ཟེར་ན།"
1039931,1043550,3619,"ཁམས་གསུམ་འཁོར་བ་སྡུག་བསྔལ་གྱི་རྒྱ་མཚོ་ཆེན་པོ་འདིའི་ནང་དུ་གནས་ཡོད་རེད།"
1043550,1047448,3898,"དེ། སྡུག་བསྔལ་གྱི་རྒྱ་མཚོ་ཆེན་པོ་དེ་ལས་གྲོལ་བར་བྱེད་པའི་ཐབས་སུ་འགྱུར་བ་དེ་ལའང་།"
1047448,1051609,4161,"འཁོར་བ་སྡུག་བསྔལ་ཡིན་པར་ཤེས་ཏེ། རང་གིས་དགེ་བའི་བཤེས་གཉེན་བསྟེན་པ་དང་།"
1051609,1056641,5032,"ཐར་པ་དང་ཐམས་ཅད་མཁྱེན་པའི་ལམ་སྒྲུབ་པ་དང་། དམ་པའི་ཆོས་ལ་ཐོས་བསམ་སྒོམ་གསུམ་གང་བྱེད་ནའང་།"
1056641,1061054,4413,"འཁོར་བ་སྡུག་བསྔལ་གྱི་རྒྱ་མཚོ་འདི་ལས་ཐར་བའི་བློ་ཅིག་ཡང་དག་པ་ཞིག་བསྐྱེད་ན།"
1061054,1063829,2775,"དེ། ངེས་འབྱུང་གི་བསམ་པ་བཅོས་མ་མ་ཡིན་པ་ཞིག་རེད་དུས།"
1063829,1068230,4401,"ཐེག་པ་སོ་བྱང་སྔགས་གསུམ་གྱི་སྡོམ་པ་མུ་ཐམས་ཅད་ཀྱི་རྒྱུད་ལ་ཡོད་པའི་སྐུལ་བྱེད།"
1068230,1070361,2131,"སོ་ཐར་གྱི་སྡོམ་པའི་རྩ་བ་ངེས་འབྱུང་ཡིན།"
1070361,1075169,4808,"ངེས་འབྱུང་ཟེར་མཁན་འདི་གང་རེད་ཟེར་ན། འཁོར་བ་སྡུག་བསྔལ་གྱི་རང་བཞིན་ཤེས་པར་བྱ་བ་དེ་རེད་དུས།"
1075169,1080525,5356,"དེ། ངེས་པའི་འབྱུང་བའི་བློ་ཡང་དག་པ་ཞིག་སྐྱེས་ན། སྐྱེས་བུ་ཆུང་ངུ་ཨོང་འབྲིང་གི་ལམ། ཚུལ་"
1080525,1082742,2217,"ཐུན་མོང་མ་ཡིན་པ་ཞིག་རྒྱུད་ལ་སྐྱེས་རེད།"
1082742,1089106,6364,"དེ་སྐྱེས་བུ་འབྲིང་གི་འདི། ཐུན་མོང་མ་ཡིན་པའི་འཁོར་བ་ལས་ངེས་པར་འབྱུང་ནའང་། རང་གཅིག་པུ་ཐར་འདོད་ཀྱི་བློ་རེད་ཚར་ཨོ་རེད་དུས།"
1089106,1093237,4131,"དེ། རང་འདོད་ཡིད་ལ་བྱེད་པའི་བློ་འདི་ཐེག་པ་ཆེན་པོའི་ལམ་ནས་སྤང་བྱ་རེད།"
1093237,1095421,2184,"དེ་སྤོང་དགོས་པའི་རྒྱུ་མཚན་གང་རེད་ཟེར་ན།"
1095421,1101781,6360,"ཐེག་པ་ཆེན་པོ་དེ། སེམས་སྐྱེད་པ་ནི་གཞན་དོན་ཕྱིར། །ཡང་དག་རྫོགས་པའི་བྱང་ཆུང་འདོད། །གསུངས་རྒྱུ་འདི་རེད་དུས།"
1101781,1109077,7296,"ནམ་མཁའ་དང་མཉམ་པའི་སེམས་ཅན་འདི་ཐམས་ཅད། ད་ལྟ་སེམས་བསྐྱེད་གསལ་འདེབས་ཀྱི་སྐབས་སུ་ཞུས་པ་ལྟར་དུ། རང་གི་ཕ་མ་མ་བྱས་པ་གཅིག་ཀྱང་ཡོད་རྒྱུ་མ་རེད།"
1109077,1112922,3845,"འདི་ལ་དགྲ་ལྡང་བ་ཟེར། ཁ་ལ་བཟུང་ནས་ཕར་ལ་གཡུགས་བཞག་ཡ་ཡོད་རྒྱུ་མ་རེད།"
1112922,1116037,3115,"གཉེན་བྱམས་པ་ཟེར། ཚུར་བྱས་ནས་གཅེས་པར་བཟུང་རྒྱུ་ཡོད་མ་རེད།"
1116037,1122770,6733,"ཚེ་རབས་ཐོག་མ་མེད་པ་ནས་ད་ལྟ་ཡན་ཆོད་དུ་ཁམས་གསུམ་འཁོར་བའི་གནས་རིས། སྐྱེ་རྒ་ན་འཆི་གྲངས་མེད་པ་གཅིག་གི་ཆུ་བོ་ལས།"
1122770,1124697,1927,"ཆུ་བོའི་བར་ལ་གཡེང་བསྡད་རྫི་རེད།"
1124697,1127165,2468,"དེ་གཡེང་བའི་སྐབས་ཡིན་ནའང་། དེ་་་།"
1127165,1131742,4577,"རྫུ་སྐྱེས་ལྟ་བུ་ཡིན་ན་མ་གཏོགས་ཕ་མ་ལ་མ་བརྟེན་པ་གཅིག་ཀྱང་ཡོད་རྒྱུ་མ་རེད།"
1131742,1134493,2751,"དེ་ལྟ་བུའི་ཕ་མ་ལ་བརྟེན་པའི་གང་ཟག་འདི་ཐམས་ཅད།"
1134493,1139747,5254,"ཐ་ན་རྩའི་སྟེང་ན་འབུ་ཚར་ཕྲ་མོ་ཅིག་ཡོད་ནའང་། ང་བདེ་ན་སྐྱིད་ན་བསམ་པའི་རེ་བ་ཅིག་ཡོད་རྒྱུ་རེད་དུས།"
1139747,1144866,5119,"བདེ་སྐྱིད་ཀྱི་རྒྱུ། རྫོགས་པའི་སངས་རྒྱས་ཀྱི་གོ་འཕང་རིན་པོ་ཆེ་ཐོབ་པའི་རྒྱུ་ཆོས་སྒྲུབ་པ་འདི་རེད་དུས།"
1144866,1147372,2506,"བདེ་བའི་རྒྱུ་ཆོས་ཡིན་པ་ཤེས་རྒྱུ་མ་རེད།"
1147372,1150160,2788,"སྡུག་བསྔལ་དེ་དང་དུ་ལེན་མཁན་གཅིག་ཀྱང་ཡོད་རྒྱུ་མ་རེད་དེ།"
1150160,1153738,3578,"སྡུག་བསྔལ་དེ་ཉིད་མི་འདོད་བཞིན་དུ་ཐོག་ཏུ་འབྱུང་འོང་རྒྱུ་འདི་གང་རེད་ཟེར་ན།"
1153738,1159465,5727,"དེ་དུས་ཀྱི་འབུ་གི་བསམ་བློ་འདི། བདེ་བ་ཅིག་བསམ་རྒྱུ་ལ། བདེ་བའི་རྒྱུ་དགེ་བ་འདི་ཕར་སྤང་།"
1159465,1162045,2580,"སྡུག་བསྔལ་གྱི་རྒྱུ་སྡིག་པ་འདི་དང་དུ་བླང་བསྡད་རེད་དུས།"
1162045,1168129,6084,"དེ། ལུས་ངག་ཡིད་གསུམ་གྱིས་ཐར་པའི་ལམ་གྱི་རྒྱབ་འགལ་བྱས། འཇིག་རྟེན་ཚེ་འདིའི་བྱ་བ་གི་ཆགས་སྡང་གི་ལས་གཙོ་བོར་བྱས།"
1168129,1175716,7587,"ལུས་ངག་ཡིད་གསུམ་གྱིས་བྱ་བ་ཅི་བརྩམས་ན་ཆོས་དང་མི་མཐུན་པ། སྡིག་པ་ཁོ་ན་བྱས་དུས། དེ། སྡུག་བསྔལ་མ་གཏོགས་གཏན་ནས་འབྱུང་གི་ཡོད་རྒྱུ་མ་རེད་དུས།"
1175716,1177913,2197,"ཞེའི་འདོད་རྒྱུ་དང་དང་། ལུས་ངག་གི་ལས་རྒྱུ་གཉིས་"
1177913,1181399,3486,"ཕྱིན་ཅི་ལོག་ཏུ་གྱུར་བའི་སེམས་ཅན་འདི་ཐམས་ཅད། མེད་པར་འཁྲུལ་ཞིང་།"
1181399,1185820,4421,"རྨོངས་པར་གྱུར་བ་རེད། འདི་ནང་ནས་ཀྱང་ད་རེས་དགེ་བའི་བཤེས་གཉེན་དང་འཕྲད།"
1185820,1187559,1739,"དེའི་གདམས་ངག་ཚུལ་བཞིན་དུ་བསྟེན།"
1187559,1189814,2255,"དེའི་ལམ་ལ་ཚུལ་བཞིན་དུ་བསླབ་པར་བྱེད་དུས།"
1189814,1196081,6267,"འཁོར་བ་སྡུག་བསྔལ་རྒྱ་མཚོ་དེ་ལས་ཐར་འདོད་ཀྱི་བསམ་པ་བཅོས་མ་མ་ཡིན་པ་ཞིག། ད་ལྟ་ངེས་འབྱུང་གི་བསམ་པ་བསྐྱེད་ཡོད་ན་ཡང་།"
1196081,1199896,3815,"རང་གཅིག་པུའི་ཆེད། འཁོར་བ་སྡུག་བསྔལ་གྱི་རྒྱ་མཚོ་ལས་"
1199896,1201487,1591,"ཐར་བས་ཕན་རྒྱུ་མ་རེད་དུས།"
1201487,1204669,3182,"སེམས་ཅན་ཐམས་ཅད་རྫོགས་པའི་སངས་རྒྱས་ཀྱི་ས་ལ་བཀོད་དགོས་རེད།"
1204669,1209892,5223,"སེམས་ཅན་ཐམས་ཅད་རྫོགས་པའི་སངས་རྒྱས་ཀྱི་ས་ལ་བཀོད་པར་བྱ་བའི་ནུས་པ། ད་ལྟ་བདག་ལ་ཡོད་རྒྱུ་མ་རེད་དེ།"
1209892,1216066,6174,"མེད་ནའང་། བསམ་པ་རྒྱ་ཆེ་བ་བྱང་ཆུབ་ཀྱི་སེམས་ཀྱི་ཀུན་སློང་ཟེར་མཁན་དེ། ནམ་མཁའ་དང་མཉམ་པའི་སེམས་ཅན་འདི་ཐམས་ཅད་"
1216066,1218290,2224,"བདག་གིས་སངས་རྒྱས་ཀྱི་ས་ལ་བཀོད་པར་བྱ།"
1218290,1222465,4175,"དེའི་ཕྱིར་དུ་དམ་པའི་ཆོས་ཀྱི་སྒོར་ཞུགས། མཚན་ལྡན་གྱི་བླ་མ་བསྟེན།"
1222465,1226210,3745,"ཚུལ་ལྡན་ཐོས་བསམ་སྒོམ་གསུམ་གྱི་བྱ་བ་ལ་བརྩོན་པ་ཡིན། བསམ་ན།"
1226210,1228413,2203,"འདིས། སེམས་གྱིས་ཀུན་སློང་འདི་སྒྱུར་འགྲོ་དུས།"
1228413,1233978,5565,"དེ། ནང་པ་ཚོ། སངས་རྒྱས་པའི་ཆོས་དགེ་བ་གང་དང་གང་བྱས་ན། བསམ་པ་དགེ་དང་མི་དགེ་བྱེ་བྲག་ལས། "
1233978,1236711,2733,"དགེ་སྡིག་གཟུགས་རྙན་ཆེ་ཆུང་རྗེས་མི་འགྲོ། །གསུང་རྒྱུ་རེད། འདི།"
1236711,1242195,5484,"དགེ་བ་རྒྱ་ཆེ་ཆུང་ནང་གི་སེམས་ཐོག་ཏུ་ཡོད་པ་མ་གཏོགས་ཕྱིའི་འཆར་རའི་ཆེ་ཆུང་གི་སྟེང་དུ་འགྲོ་རྒྱུ་མ་རེད།"
1242195,1244355,2160,"དེའི་ཕྱིར་ན། ནང་གི་སེམས་ཀྱི་ཀུན་སློང་འདི།"
1244355,1247319,2964,"སེམས་ཅན་ཐམས་ཅད་ལ་དམིགས་པའི་སྙིང་རྗེ་ཆེན་པོ་ཞིག་ཡོད་ན།"
1247319,1253437,6118,"དེ། མི་ཚེ་ཧྲིལ་པོ་ཅིག་ལ་རི་ཡི་བུ་བྱས། ན་བུན་གྱི་གོས་གྱོན་ཏེ་བཀའ་བརྒྱུད་གོང་མ་མི་ལ་རས་པ་ལྟ་བུ་བཞུགས་བསྡད་ནའང་།"
1253437,1255237,1800,"གཞན་དོན་རང་ཤུགས་ཀྱིས་འབྱུང་འོང་རྒྱུ་རེད།"
1255237,1260350,5113,"དེ་མ་ཡིན་པ་རང་དོན་འདི་སྦུག་ལ་བཅུག་ཏེ་ལྟར་སྣང་ཙམ་ལས། འཁོར་སློབ་མ་མང་པོ་ལ་ཆོས་བཤད།"
1260350,1264343,3993,"དབང་བསྐུར་གདམས་ངག་བསྟན་ནའང་། རང་གི་ཕུག་ཏུ་རང་དོན་ཡིད་བྱེད་ཀྱི་བསམ་པ་ཅིག་ཡོད་ན།"
1264343,1268548,4205,"ཐེག་པ་ཆེན་པོའི་ལམ་གྱི་གཟུགས་རྙན་ཙམ་མ་གཏོགས་སྒྲ་ཇི་བཞིན་འགྲོ་རྒྱུ་མ་རེད་དུས།"
1268548,1270985,2437,"དེའི་ཕྱིར་ན། མཐའ་གཉིས་ལ་མི་གནས་གསུང་རྒྱུ་དེ།"
1270985,1275485,4500,"ཁམས་གསུམ་འཁོར་བ་སྡུག་བསྔལ་གྱི་མཐའ་ལས། གཞན་པ་སོ་སོའི་སྐྱེ་བོ་ཐ་མལ་པ་རྣམས་དང་།"
1275485,1277751,2266,"དེ། ཉན་ཐོས་དང་རང་སངས་རྒྱས་ཐམས་ཅད།"
1277751,1282476,4725,"རང་ཉིད་གཅིག་པུ་ཐར་འདོད་ཀྱི་བློ་བསྐྱེད་ཚར་དུས། དེ། ཞི་བ་དགྲ་བཅོམ་པའི་གོ་འཕང་ཐོབ་འགྲོ་དུས།"
1282476,1284041,1565,"ཉོན་མོངས་པའི་སྒྲིབ་པ་སྤོང་གི་རེད་དེ།"
1284041,1290232,6191,"རང་ཉིད་གཅིག་པུ་ཞི་བདེ་ལ་ཡོད་དུས། བྱང་ཆུབ་སེམས་དཔའ་རྣམས་ཀྱིས་ཡན་ལག་རྒྱ་ཆེན་པོ་མཛད་པ་ལྟ་བུ་མཛད་ནུས་ཀྱི་མ་རེད།"
1290232,1293738,3506,"དེ། རང་གི་ཉོན་མོངས་པ་སྤང་གི་འབྲས་བུ་དེ་"
1293738,1298111,4373,"མངོན་དུ་བྱས་ནས། དེ་ནས་གཟོད་ཐེག་པ་ཆེན་པོའི་ལམ་ལ་འཇུག་དགོས་ལེ་རེད་དུས།"
1298111,1300476,2365,"དེའི་ཕྱིར་ན་ཐེག་པ་ཆེན་པོའི་ལམ་གྱི་རྩ་བ་"
1300476,1303025,2549,"སྙིང་རྗེ་ཆེན་པོ་ཅིག་ཀུན་ནས་བསླངས་ཏེ། ཡོད་ན།"
1303025,1305494,2469,"དེ། ཞི་བ་ཕྱོགས་གཅིག་པོའི་ལམ་ལ་འགྲོ་རྒྱུ་མ་རེད་དུས།"
1305494,1308108,2614,"དེའི་ཕྱིར་ན། སྲིད་ཞི་མཐའ་གཉིས་ལ་མི་གནས་པའི།"
1308108,1310469,2361,"དེ། གོ་འཕང་འཐོབ་པར་བྱ་བ་འདི་གང་རེད་ཟེར་ན།"
1310469,1314122,3653,"འགྲོ་བ་ལྷ་དང་བཅས་པའི་གོ་འཕངཐམས་ཅད་གི་ནང་ནས་མཆོག་ཏུ་འགྱུར་བ་འདི་"
1314122,1318505,4383,"རྫོགས་པའི་སངས་རྒྱས་ཀྱི་གོ་འཕང་རེད་དུས། བླ་ན་མེད་པ་རྫོགས་པའི་སངས་རྒྱས་ཀྱི་གོ་འཕང་།"
1318505,1323256,4751,"དེ་ལྟ་བུའི་གོ་འཕང་དེ་འཐོབ་བྱེད་ཀྱི། ཐོབ་རྒྱུ། མ་འོངས་པ་ན་ཐོབ་པར་བྱ་བ་རེད་དུས།"
1323256,1328674,5418,"དེ་འཐོབ་བྱེད་ཀྱི་རྒྱུ། ད་ལྟ་རིན་ཆེན་བྱང་ཆུབ་ཀྱི་སེམས་ཀྱི་ཀུན་སློང་འདི་ལྟ་བུ་ཅིག་རྒྱུད་ལ་བཞག་ན།"
1328674,1331689,3015,"དེ། འཐོབ་མི་འགྲོ་བ་ཐེ་ཚོམ་གཏན་ནས་ཡོད་རྒྱུ་མ་རེད་དུས།"
1331689,1333882,2193,"གོ་འཕང་འཐོབ་པར་འདོད་པ་ན།"
1333882,1336576,2694,"དེ། དེ་ལྟ་བུའི་གོ་འཕང་འཐོབ་བྱེད་ཀྱི་རྒྱུ་དེ་ལ་"
1336576,1340679,4103,"ཐོག་མར་ངེས་པར་འབྱིན་པའི་ལམ་ཚུལ་བཞིན་དུ་སྟོན་པ་ལ་མཁས་ཤིང་ཟེར།"
1340679,1345301,4622,"དེ། རྫོགས་པའི་སངས་རྒྱས། སྲིད་ཞི་ལ་མི་གནས་པའི་གོ་འཕང་དེ་འཐོབ་བྱེད་ཀྱི་རྩ་བ་འདི་གང་རེད་ཟེར་ན་"
1345301,1347505,2204,"དགེ་བའི་བཤེས་གཉེན་ལ་རག་ལས་ལེ་རེད།"
1347505,1350224,2719,"དགེ་བའི་བཤེས་གཉེན་ཁོང་རིས་"
1350224,1354078,3854,"སྲེད་པ་དང་ལེན་པའི་སྒོ་ནས་ཁམས་གསུམ་འཁོར་བ་ལ་སྐྱེ་བ་བཞེས་རྫི་མ་རེད་དེ།"
1354078,1358701,4623,"ཕྱོགས་བཅུའི་རྒྱལ་བ་སྲས་དང་བཅས་པའི་མཁྱེན་བརྩེ་ནུས་གསུམ་གྱི་ཡེ་ཤེས་འདི་མིའི་གཟུགས་སུ་བྱོན་ནས།"
1358701,1363514,4813,"དབང་པོ་ སེམས་ཅན་ཐམས་ཅད་བླང་འདོར་གྱི་མིག་ཕྱེས། ཐར་པའི་ལམ་སྟོན་པར་མཛད་པ་པོ་རེད་དུས།"
1363514,1367024,3510,"དེའི་ཕྱིར་ན། ངེས་པར་འབྱུང་པའི་ལམ་ཚུལ་བཞིན་དུ་སྟོན་པར་བྱེད་པ།"
1367024,1372556,5532,"བླ་མའང་། མཚན་ཉིད་དང་ལྡན་པ། ཁར་རྩང་གོང་དུ། དྭགས་པོའི་ཐར་རྒྱན་ལ་སོགས་པ་ནང་དུ་ཡོད་པ་ལྟ་བུས་"
1372556,1376873,4317,"སྟོན་པ་ལ་མཁས་ཤིང་། དེ། སྟོན་པ། དགེ་བའི་བཤེས་གཉེན་དེས་ལམ་སྟོན་ནའང་།"
1376873,1380678,3805,"དེ། ཐེག་པ། སྐྱེས་བུ་ཆེ་འབྲིང་ཆུང་གསུམ་གྱི་ལམ་ཐམས་ཅད་ལ་"
1380678,1383822,3144,"ལྟ་བ་སྒོམ་པ་སྤྱོད་པ་འབྲས་བུ་རེ་རེ་བཞིན་དུ་ཡོད་རྒྱུ་རེད་དུས།"
1383822,1387474,3652,"དེ་ཐམས་ཅད་མེད་པར། སྐྱེས་བུ་གསུམ་གྱི་ལམ་ཐམས་ཅད་སྟོན་མཁན་སུ་རེད་ཟེར་ན།"
1387474,1391346,3872,"རྫོགས་པའི་སངས་རྒྱས་ཀྱིས་གསུངས་རེད་དུས། དེ། སྐྱེས་བུ་གསུམ་གྱི་ལམ་གང་ལ་ཞུགས་ནའང་།"
1391346,1393831,2485,"སྐྱོན་དང་བྲལ་བ། ཡོན་ཏན་དང་ལྡན་པ།"
1393831,1396922,3091,"མཐར་ཐུག་སངས་རྒྱས་ཀྱི་གོ་འཕང་འཐོབ་བྱེད་ཀྱི་རྒྱུ་རུ་འགྱུར་བ་མ་གཏོགས་"
1396922,1400048,3126,"ཐེག་པ་རེ་རེ་ལ་ལམ་དང་འབྲས་བུ་ཐ་དད་པ་ཡོད་རྒྱུ་མ་རེད་དུས།"
1400048,1405779,5731,"དེའི་ཕྱིར་ན། ཐེག་པ་སོ་སོའི་གཞུང་ལུགས་ལས་ཇི་སྐད་བཤད་པའི་མཚན་ཉིད་དང་ལྡན་པའི་དགེ་བའི་བཤེས་གཉེན་ཏེ།"
1405779,1409670,3891,"དེ་ལྟ་བུའི་དགེ་བའི་བཤེས་གཉེན་དེའང་། རང་དོན་དུ་སྤང་རྟོགས་མཐར་ཕྱིན་ཏེ།"
1409670,1413134,3464,"ཐོས་བསམ་སྒོམ་གསུམ་གྱིས། རྒྱལ་བའི་བསྟན་པ་ཐམས་ཅད་འགལ་མེད་དུ་རྟོགས།"
1413134,1416205,3071,"གཞུང་ལུགས་ཐམས་ཅད་གདམས་ངག་ཏུ་ཤར་བ་ཞིག་དཱ།"
1416205,1420125,3920,"ཚུལ་བཞིན་དུ་འབད་པས་བཙལ་དགོས་རྒྱུ་རེད་མ་གཏོགས་རང་བཞིན་གྱིས་འཕྲད་སྲིད་ཀྱི་མ་རེད།"
1420125,1422549,2424,"དེའི་ཕྱིར་ན། དང་པོ་བླ་མ་བརྟག་ལ་མཁས་པ་དང་། །"
1422549,1424203,1654,"བར་དུ་བླ་མ་བསྟེན་ལ་མཁས་པ་དང་། །"
1424203,1427665,3462,"ཐ་མར་དགོངས་སྤྱོད་བསླབ་ལ་མཁས་པ་ཡི། །སྐྱེས་བུ་དེ་ནི་ཡང་དག་ལམ་དུ་འགྲོ། །"
1427665,1428956,1291,"ཞེས་གསུངས་པ་ལྟར།"
1428956,1433848,4892,"སྔོན་གྱི་བྱང་ཆུབ་སེམས་དཔའ་ཆེན་པོ་རྣམས་ཀྱིས་རྣམ་པར་ཐར་པ་ལས་བརྒྱུད་ན། བྱང་ཆུབ་སེམས་དཔའ་ཆོས་འཕགས་ཀྱིས་"
1433848,1436530,2682,"བྱང་ཆུབ་སེམས་དཔའ་རྟག་ཏུ་ངུ་བསྟེན་པ་ལྟ་བུ་དང་།"
1436530,1440702,4172,"པཎ་ཆེན་ན་རོ་པས། དེ། གྲུབ་ཆེན་ཏེ་ལོ་པའི་ཞབས་པད་བསྟེན་པ་ལྟ་བུ་དང་།"
1440702,1443789,3087,"རྗེ་བཙུན་མི་ལ་རས་པས་ལྷོ་བྲག་མར་པ་བསྟེན་པ་ལྟ་བུ་སྟེ།"
1443789,1447628,3839,"བླ་མ་དགེ་བའི་བཤེས་གཉེན་མཚན་ཉིད་དང་ལྡན་པ་ཞིག་མ་བརྙེད། འཚོལ་བསྡད་རྫི་རེད་དུས།"
1447628,1451734,4106,"དེ་ལྟ་བུ། དགེ་བའི་བཤེས་གཉེན། མཚན་ཉིད་ལྡན་པ་ཞིག། འབད་པས་བཙལ།"
1451734,1456302,4568,"དེ། བླ་མ་ཚུལ་བཞིན་དུ་རང་གིས་ལས་ཀྱི་འབྲེལ་བ་ཡོད་པ་དང་། མཚན་ཉིད་དང་ལྡན་པ་རེད་ཚར་དུས།"
1456302,1463148,6846,"ནམ་ཞིག་རྙེད་པ་ན། དེ། བླ་མ་དེས་བསྟན་པའི་གདམས་ངག་འདི་ལ་ཐོས་བསམ་སྒོམ་གསུམ་ཚུལ་བཞིན་དུ་ཡང་དག་པར་བྱས་ཏེ།"
1463148,1470064,6916,"རབ་ཀྱིས་ཡིན་ན། སྒྲུབ་པའི་མཆོད་པ་ཟེར་དུས། བླ་མ་འདིའི་ཐུགས་རྒྱུད་ཀྱི་རྟོགས་པ་དང་། ཉམས་རྟོགས་བླ་སློབ་ངོ་མཉམ་པ་སྐྱེད་བྱེད་བྱས་ཏེ།"
1470064,1476755,6691,"ལུས་རྟེན་འདིའི་སྟེང་དུ་ཟུང་འཇུག་རྡོ་རྗེ་འཆང་གི་གོ་འཕང་མངོན་སུམ་དུ་འཐོབ་ནུས་ཏེ། དེའི་ཕྱིར་ན། བླ་མ་མཉེས་པར་བྱེད་པའི་མཆོག་"
1476755,1478834,2079,"ཟང་ཟིང་གི་འབུལ་བ་མ་རེད།"
1478834,1480251,1417,"ལུས་ངག་གི་ཞབས་ཏོག་མ་རེད།"
1480251,1481401,1150,"དེ་གང་རེད་ཟེར་ན།"
1481401,1487721,6320,"སྐྱེས་བུ་དམ་པ་ཐམས་ཅད་ཀྱིས། སེམས་ཅན་ལས་ཆོས་སྟོན་པ་འདི། མོས་གུས་ཀྱིས་སེམས་ཅན་ཐམས་ཅད་ཐར་པའི་ལམ་ལ་བཀོད་པའི་ཆེད་དུ་"
1487721,1489228,1507,"ཆོས་བསྟན་མཛད་པ་རེད་དུས།"
1489228,1496590,7362,"དེ་བླ་མའི་ཐུགས་ཀྱི་བཞེད་པ་འདི། གང་གིས་སྒྲུབ་ནུས་ན་དེ་མཆོག་ཏུ་འགྱུར་བ་རེད་དུས། མཉེས་པ་གསུམ་གྱི་ནང་ནས་སྒྲུབ་པ་མཆོག་གསུངས་ཡ་འདི་རེད།"
1496590,1499519,2929,"དཔེར་ན་རྗེ་བཙུན་མི་ལ་རས་པའི་རྣམ་ཐར་ལྟ་བུ་ཅིག་ལ་བྱས་ན།"
1499519,1505430,5911,"མི་ལ་མར་པ་ལོ་ཙ་ལ་གསེར་ཕུལ་རག་དངུལ་ཕུལ་རག་ནོར་མང་པོ་ཕུལ་རག་གི་རྣམ་འགྱུར་ཡོད་རྒྱུ་མ་རེད་དེ།"
1505430,1509470,4040,"མར་པ་ལོ་ཙས་ཚིག་གང་གསུངས་པ་དེ་ཐམས་ཅད་ཚད་མའི་གདམས་ངག་ཏུ་བཟུང་སྟེ། "
1509470,1513601,4131,"ལུས་ངག་གི་དཀའ་བ་དང་། སྲོག་གི་རེ་དོགས་ལ་མ་གཏོད་པའི་སྒྲུབ་པ་མཛད་དེ།"
1513601,1519496,5895,"དེ། སྐུ་ཚེ་གཅིག་གི་སྟེང་ནས་ཟུང་འཇུག་རྡོ་རྗེ་འཆང་གི་གོ་འཕང་མངོན་སུམ་དུ་བརྙེས་ཏེ། བླ་སློབ་དགོངས་པ་མཉམ་པ་གྱུར་ནས།"
1519496,1522538,3042,"ས་བཅུ་ལམ་ལྔའི་ཡོན་ཏན་ཐམས་ཅད་ཡོངས་སུ་རྫོགས་སོང་རྫི་རེད་དུས།"
1522538,1524704,2166,"རབ་སྒྲུབ་པའི་མཆོད་པ་ཟེར་མཁན་འདི་རེད།"
1524704,1528713,4009,"དེ། འབྲིང་འདི་ཡིན་ན། དེ། སྒྲུབ་པའི་མཆོད་པ་མ་ནུས་ནའང་། ལུས་ངག་ཡིད་གསུམ་གྱིས།"
1528713,1530666,1953,"བླ་མ་གང་མཉེས་པའི་ཞབས་ཏོག་དེ་"
1530666,1536330,5664,"ཚུལ་བཞིན་དུ་སྒྲུབ་པར་བྱས་ན། ཇོ་བོ་རྗེ་དཔལ་ལྡན་ཨ་ཏི་ཤ་ལ་འབྲོམ་སྟོན་པས་ཞབས་ཏོག་བྱེད་པ་དང་།"
1536330,1542135,5805,"རྗེ་བཙུན་ས་སྐྱ་པཎྜི་ཏས་རྗེ་བཙུན་གྲགས་པ་རྒྱལ་མཚན་སྙུང་འོང་དུས་སྙུང་གཡོག་བྱས་ནས་ཞབས་ཏོག་ཡག་པོ་མཛད་དུས།"
1542135,1547541,5406,"ས་སྐྱ་པཎྜི་ཏའི་ཐུགས་རྒྱུད་ལའང་། སྒྲིབ་པ་སྦྱོང་ཞིང་ཉམས་རྟོགས་ཁྱད་པར་ཅན་བསྐྱེད་པ་བྱུང་། གསུངས་པ་ལྟ་བུ་དེ་"
1547541,1549499,1958,"ལུས་ངག་གི་ཞབས་ཏོག་དེ་རེད།"
1549499,1554721,5222,"དེ། ཐ་མ་རང་གི། ཟང་ཟིང་ནོར་དང་ལོངས་སྤྱོད་ཡོད་པ་ཇི་ཙམ་དུ་མཆོད་པ་ཕུལ་བཞག་ན།"
1554721,1559600,4879,"དེ། དེའི་ཚོད་ཀྱིས་བླ་མ་དེ་ཉིད་སྐྱབས་གནས་ཀུན་འདུས་ཀྱི་ངོ་བོ་ཡིན་པའི་དབང་གིས་"
1559600,1562009,2409,"བསོད་ནམས་དང་ཡེ་ཤེས་ཀྱི་ཚོགས་གཉིས་རྫོགས་ཆེ་རྒྱུ་རེད།"
1562009,1564824,2815,"ཕྱོགས་བཅུའི་རྒྱལ་བ་སྲས་དང་བཅས་པར་ནི་མཆོད་པ་ཕུལ།"
1564824,1568956,4132,"བླ་མའི་བ་སྤུའི་ཁུང་བུ་ཅིག་ལ་ཏིལ་གྱི་འབྲུ་ཅིག་གི་མཆོད་པ་ཕུལ་ནའང་།"
1568956,1572743,3787,"ཚོགས་རྫོགས་ཆེ་བ། ཁྲིད་ཡིག་ཐམས་ཅད་ནང་ནས་ཡོད་པ་དེ་ལྟ་བུ་རེད་དུས།"
1572743,1577855,5112,"དེའི་ཕྱིར་ན། བླ་མ་བསྟེན་པ་དེ་ལའང་། འཇིག་རྟེན་ཚེ་འདི་ཡི་བྱ་བ་གི་སྙན་གྲགས་ལྟ་བུ་དང་།"
1577855,1581089,3234,"རང་ཉིད་རྙེད་པ་དང་བཀུར་སྟི་འཐོབ་འདོད་ལྟ་བུ་མ་ཡིན་པར།"
1581089,1584324,3235,"མཉེས་པ་གསུམ་གྱི་སྒོ་ནས། ཚུལ་བཞིན་དུ་བླ་མ་དེ་ཉིད་བསྟེན་ཅིང་།"
1584324,1585716,1392,"བསྙེན་པར་བྱ་བ་ཡིན་ཟེར།"
1585716,1589155,3439,"དེ། དེ་ལྟ་བུའི་བླ་མ་དགེ་བའི་བཤེས་གཉེན་དེ་བསྟེན་ཚར་དུས།"
1589155,1593915,4760,"དེས་ཐར་པའི་ལམ་ལ་སློབ་ཇི་ལྟར་སྦྱང་བའི་ཚུལ། གཉིས་པ་བཤད་པ་ལ་གཉིས་ཏེ།"
1593915,1595669,1754,"ལམ་སྤྱིར་བསླབ་པའི་ཚུལ་དང་།"
1595669,1598725,3056,"བྱེ་བྲག་ཏུ་བསླབ་པའི་ཚུལ་གཉིས་ཡོད་པའི་ནང་ནས།"
1598725,1602644,3919,"དང་པོ་ལམ་སྤྱི་ལ་བསླབ་པའི་ཚུལ་བཤད་པར་འགྱུར་བ་འདི་རེད་དུས།"
1602644,1607621,4977,"དེ་ནས་ཡང་། དེ་ཡིད་ཇི་ལྟར་འདོམས་པ་ཡི། །བླང་དོར་གནས་ལ་ཡིད་བརྟན་པས། །"
1607621,1609795,2174,"ཞེས་པ་ལ་སོགས་པས་གསུངས་པ་ཡིན་ཏེ།"
1609795,1611863,2068,"བླ་མ་དགེ་་་་་་་། ཞེས་པས་སྨོས་ཏེ།"
1611863,1614651,2788,"དེ་ཡང་དགེ་བའི་བཤེས་གཉེན་དེ་ཉིད་བསྟེན་པའི་རྗེས་སུ།"
1614651,1617004,2353,"བཤེས་གཉེན་འདིས་ཇི་ལྟར་འདོམས་པ་དེ་མཉན་ན།"
1617004,1619546,2542,"དེ། བླ་མ་སངས་རྒྱས་སུ་མཐོང་བའི་མོས་གུས་ཡོད་ན།"
1619546,1627627,8081,"བླ་མས་ཞལ་རྩེ་ཀུ་རེ་ཅིག་གསུངས་ཡོད་ནའང་། དེ་གདམས་ངག་གི་ཚུལ་དུ་རེད་བསྡད་ཡོད་པ་དེ་མཉམ་མེད་དྭགས་པོ་དང་མི་ལ་རས་པའི་རྣམ་ཐར་ལྟ་བུ་ལ་གཟིགས་ན་མཁྱེན་རྒྱུ་རེད་དུས།"
1627627,1629156,1529,"དེ་ལྟ་བུ་མཉན་ནས། དེ།"
1629156,1630795,1639,"གདམས་ངག་དེ་ཐམས་ཅད་མེད་པར།"
1630795,1634256,3461,"རང་གཞན་གྱིས་ཡལ་བར་མ་དོར་བར་ཐོས་བསམ་སྒོམ་གསུམ་གྱི་སྒོ་ནས།"
1634256,1639525,5269,"དོན་སྙིང་ཆེན་པོ་བཅུད་ལུད་དེ། དེ། རང་གཞན་ལའང་། རྒྱུ་དཔེ་གྲངས་གསུམ་གྱི་སྒོ་ནས་རྙེད་པར་དཀའ་བའི་"
1639525,1643387,3862,"དལ་འབྱོར་གྱི་རྟེན་ཁྱད་པར་ཅན་འདི་ལས་ཆོས་ཀྱི་སྙིང་པོ་ཅིག་བསགས་ཐུབ་ན།"
1643387,1650459,7072,"གང་ཟག་བརྩོན་པ་རབ་ཅིག་ཡིན་ན། ལུས་རྟེན་འདིའི་སྟེང་དུ། ཚེ་གཅིག་ཟུང་འཇུག་རྡོ་རྗེ་འཆང་གི་གོ་འཕང་རྙེད་བྱེད་ཀྱི་བརྩོན་འགྲུས་རྩོམ་དགོས་རྒྱུ་རེད་དུས།"
1650459,1654218,3759,"དེ་ལྟར་མ་བྱུང་ནའང་། དམ་པའི་ཆོས་ལས་ཆ་་་་ཙམ་སྟེ།"
1654218,1658851,4633,"ཚེ་གཅིག་གི་འཇིགས་པ་བྱུང་ནའང་། ཡ་ང་དང་བག་ཚ་མེད་པ་ཅིག་དང་།"
1658851,1662583,3732,"ཐ་མ་ཡིན་ནའང་། བླ་མ་སངས་རྒྱས་སུ་མཐོང་བས། མཛད་པ་ལ་ལོག་པར་མ་བལྟས་པས་"
1662583,1665732,3149,"གདམས་ངག་དེ་ཡང་ནས་ཡང་དུ་ཇི་ལྟར་ནུས་པ་ཉམས་སུ་བླངས་ན།"
1665732,1669377,3645,"སྐྱེ་བ་བསྒྱུར་ནས་སངས་རྒྱས་པའི་ཐབས་ཅིག་ལས། སྙིང་པོ་ལེན་དགོས་རྒྱུ་རེད་དུས།"
1669377,1670928,1551,"དེ། སྙིང་པོ་མ་བླངས་ན།"
1670928,1674099,3171,"དེ། མཚན་ལྡན་གྱི་བླ་མ་དགེ་བའི་བཤེས་གཉེན་བསྟེན་ཤེས་པ་དང་།"
1674099,1678183,4084,"དེ་བསྟེན་པ་པོ་དལ་འབྱོར་བཅོ་བརྒྱད་ཚང་བའི་མི་ལུས་ཐོབ་པ་ནི་ཤིན་ཏུ་ནས་ཀྱང་"
1678183,1682879,4696,"རྒྱུ་དཔེ་གྲངས་གསུམ་གང་ནས་ཀྱང་རྙེད་ཁག་པོའི་ཚུལ་ཡིན་པ། དེ་ལྟ་བུའི་རྙེད་དཀའ་ཞིང་།"
1682879,1686021,3142,"དེ། རྙེད་དཀའ་བའི་དལ་འབྱོར་བཅོ་བརྒྱད་དང་ལྡན་པའི་མི་ལུས་དང་།"
1686021,1688575,2554,"མཚན་ལྡན་གྱི་བླ་མ་དགེ་བའི་བཤེས་གཉེན་ཡིན་ནའང་།"
1688575,1694345,5770,"དེ། ཀུན་མཁྱེན་ཀློང་ཆེན་རབ་འབྱམས་ཀྱིས། བཟང་པོའི་བླ་མ་འདི་དང་དུས་རྟག་ཏུ། །མི་འབྲལ་འགྲོགས་པར་འདོད་ཀྱང་འབྲལ་བར་ངེས། །ཞེས་གསུངས་པ་ལྟར།"
1694345,1697412,3067,"བླ་མའང་འཇིག་རྟེན་སོ་སོའི་སྐྱེས་བུ་ཐ་མལ་པ་རྣམས་ནི།"
1697412,1699268,1856,"སྐྱེ་འཇིག་གི་ཚུལ་སྟོན་རྒྱུ་ཡོད་བསྡད་རེད་དུས།"
1699268,1702059,2791,"དེ་ནས། བླ་མ་ཞལ་བཞུགས་པའི་སྐབས་སུ་གདམས་ངག་གི་"
1702059,1704857,2798,"ཞལ་མཐར་མ་བཅད་ན། བླ་མ་གིས་གྲོང་ཚར།"
1704857,1709217,4360,"ཕེབས་ཚར་དུས། ད་ནི་གདམས་ངག་ཞལ་མཐར་བཅད་མི་འདུག། འགྱོད་པ་བྱས་ཀྱང་ཕྱིས་སོང་རེད།"
1709217,1712663,3446,"དེའི་ཕྱིར་ན། དེ་ལྟ་བུ་གི་མི་རྟག་པ་ཡིན་པ་ཤེས་པ་དང་།"
1712663,1714824,2161,"དལ་འབྱོར་བཅོ་བརྒྱད་ལྡན་པའི་མི་ལུས་རིན་པོ་ཆེ་དེའང་།"
1714824,1718200,3376,"ངོ་སྡོད་ཐམས་ཅད། ནམ་འཆི་ཆ་མེད། ཚེ་ཚད་ངེས་མེད།"
1718200,1721178,2978,"ཟེར་མཁན་དེ་རེད་དུས། དུས་ཚོད་ནམ་གྱི་ཚེ་ལ་འཆི་འགྲོ་རྒྱུ་རེད།"
1721178,1724719,3541,"ལས་ཀ་འདི་འཐོན་ལེ་དང་། ཚད་འདི་པས་ཆོད། མི་འཆི་བསམ་པ་དང་།"
1724719,1725955,1236,"གཅིག་ཀྱང་ཡོད་རྒྱུ་མ་རེད།"
1725955,1728682,2727,"འཇིག་རྟེན་གྱི་ཁམས་འདི་ན་སྐྱེ་བའི་ཐ་མ་ནི་འཆི།"
1728682,1731689,3007,"བསྡུས་པའི་ཐ་མ་ནི་འབྲལ། བསགས་པའི་ཐ་མ་ནི་ཟད།"
1731689,1737763,6074,"མཐོ་བའི་ཐ་མ་ནི་ཀུན་ཟད་འདུས་རྫི་སྐྱེད་བྱེད་ཀྱི་ཆོས་ཐམས་ཅད་མེད་པར། མཐའ་བཞིའི་མ་བསྡུས་པ་གཅིག་ཀྱང་ཡོད་རྒྱུ་མ་རེད་དུས།"
1737763,1741474,3711,"དེའི་ཕྱིར་ན། མཐའ་བཞིའི་ནང་ནས་སྤྱིར་སྣོད་བཅུད་ཀྱི་འཇིག་རྟེན་ལ་བསམ་སྟེ་"
1741474,1745075,3601,"མི་རྟག་པ་དང་། སྒོས་སུ་དམ་པའི་སྐྱེས་བུའི། སྐྱེ་དགུའི་ཚེ་གྲངས།"
1745075,1749033,3958,"སྐྱེན་པའི་དུས་ཀྱིས་ཚེ་སྲོག་ཐམས་ཅད་ལ་མི་རྟག་པ་བསྟན་པ་ཡོད་པ་དེ་རེད།"
1749033,1753362,4329,"འདི་མི་རྟག་པ་རང་བཞིན་དུ་བསྟན་ན། དཔེར་ན། ཕྱི་སྣོད་ཀྱི་འཇིག་རྟེན་ལྟ་བུ་ཡིན་ནའང་།"
1753362,1755423,2061,"དེ། ཡར་ལོ་འདབ་བརླན་རྒྱས་ཀྱི་དུས།"
1755423,1761341,5918,"དགུན་འབྲས་བུ་བཅུད་རྫོགས་ཀྱི་དུས། དགུན་ས་སྐམ་རྡོ་འཁྱགས་ཀྱི་དུས། དཔྱིད་ས་བོན་རྨོ་རྐོ་གི་དུས་བཞི་ལས་ག་འདྲའི་འགྱུར་འགྲོ།"
1761341,1764516,3175,"དེ། ཉིན་མ་རེ་རེའི་སྟེང་ལས་ཡིན་ནའང་། སྔ་དྲོ་ཉི་མ་ཤར།"
1764516,1767598,3082,"དྲོན་པོ་སྐྱིད་པོ་དགའ་མོ་ཡོད་ནའང་། ཕྱི་དྲོ་ཆར་པ་བཏང་ནས།"
1767598,1772480,4882,"རླུང་དང་། རླུང་ཚུབ་དུ་རུབ་པ་དང་། ཉིན་མཚན་སྐད་ཅིག་ཐམས་ཅད་ཀྱིས་འགྱུར་འགྲོ་བ་ལྟ་བུ་དང་།"
1772480,1775623,3143,"དེ། མི་འདོད་ཐམས་ཅད་་་་་་ད་མ་རེག་པ་དང་།"
1775623,1780142,4519,"དེ། ཚེ་འདི་ཉི་མ་བཞིན་དུ་ཕར་ཕར་འགྲོ། འཆི་བདག་སྒྲིབ་ཚུལ་བཞིན་དུ་ཚུར་ཚུར་འོང་"
1780142,1785105,4963,"ཟེར་མཁན་དེ་རེད། ཨ་མ་ལས་སྐྱེས་ནས་ཉིན་མ་རེ་རེ་སོང་ནས། འཆི་བ་ལ་ཕར་ལ་ཐག་ཇེ་ཉེ་མ་གཏོགས་"
1785105,1786959,1854,"ཇེ་རིང་གཏན་ནས་འགྲོ་རྒྱུ་ཡོད་རྒྱུ་མ་རེད།"
1786959,1790893,3934,"ཚེ་ཕར་ཟད་འགྲོ་རྒྱུ་འདི་ལ། ཚེ་སུས་ཀྱང་ཚུར་སྣོན་ཐུབ་ཀྱི་མ་རེད།"
1790893,1793835,2942,"དེའི་ཕྱིར་ན། དངོས་པོ་མི་རྟག་པ་རང་བཞིན་དུ་བསམ།"
1793835,1797893,4058,"རང་སྐྱེས་ནས་ད་མ་རེག་བར་དུ་ལོ་ག་ཚོད་སོང་ཡོད་ན། དེའི་ཚེ་"
1797893,1800102,2209,"རང་དང་ན་ཚོད་མཉམ་པ་ག་ཚོད་ཤི་སོང་རེད།"
1800102,1801376,1274,"རྒན་པ་ག་ཚོད་ཤི་སོང་རེད།"
1801376,1804419,3043,"ད་ལྟ་སྐྱེས་པ། བཙས་མ་ཐག་པ་ག་ཚོད་ཤི་སོང་བསམ་ན།"
1804419,1809320,4901,"དེ། མོ་བདུད་རྟག་འཛིན་གྱི་གདོན་དེ་གིས། ཕར་མཁྲིས་ནད་ཅན་གྱིས་དུང་སེར་པོ་མཐོང་བ་བཞིན་དུ་འཁྲུལ་བསྡད་ཡོད་རེད་མ་གཏོགས།"
1809320,1812523,3203,"མི་རྟག་པ་མངོན་སུམ་དུ་མཐོང་བསྡད་ཀྱི་རེད།"
1812523,1815720,3197,"དེ་དངོས་དང་། དར་ཞིང་རྒྱས་པའི་གྲོང་ཁྱེར་ཐམས་ཅད་ "
1815720,1821012,5292,"སོར་ཆུད་མེད་དུ་སྟོང་པ། དཔེར་ན། བོད་དང་ཁམས་ལྟ་བུ་རྒྱ་མིས་བརླགས་སོང་རྫི་ལྟ་བུ་ལ་བསམ་ན།"
1821012,1822838,1826,"ནོར་བསག་པ་ལ་སྙིང་པོ་ཨེ་འདུག།"
1822838,1824400,1562,"ཐོབ་གོ་ས་ལ་སྙིང་པོ་ཨེ་འདུག།"
1824400,1827118,2718,"དགྲ་འདུལ་གཉེན་སྐྱོང་ལ་མཐའ་གཅིག་ཏུ་"
1827118,1830117,2999,"གཉེན་ལ་བྱམས་པ་དང་། དགྲ་ལས་སྡང་པོ་བྱེད་རྒྱུ་འདི་ལ་སྙིང་པོ་ཨེ་འདུག་"
1830117,1831115,998,"བལྟས་ན་ཤེས་ཀྱི་རེད།"
1831115,1834987,3872,"དེ། མི། ལང་ཚོ་རྒྱས་པ་ཁ་གྲགས་ཆེ་བ་ཐམས་ཅད་"
1834987,1836866,1879,"གཤིན་རྗེའི་ཡུལ་དུ་ག་ཚོད་ཅིག་ཁྲིད་སོང་།"
1836866,1839979,3113,"དེ་ལྟ་བུའི་འཆི་བ་གློ་བུར་དུ་ཐོག་ལ་བབ་པའི་ཚེ་ན།"
1839979,1843917,3938,"དེ། དམ་པའི་ཆོས་མ་གཏོགས་པ་གཞན་ཅི་གིས་ཕན་ཐོགས་གཏན་ནས་ཡོད་རྒྱུ་མ་རེད།"
1843917,1847424,3507,"དེ། འཆི་བ་ཞེས་བྱ་བ་ཐོག་ལ་བབས་ཕྱིན་ཆད། སྡུག་བསྔལ་གྱིས་མནར་འོང་དུས།"
1847424,1852711,5287,"དམ་པའི་ཆོས་དེ་དྲན་རྒྱུ་རེད་དེ། རང་ད་ལྟ་ལུས་ལ་ན་ཚ། སེམས་ལ་སྡུག་བསྔལ་མེད་པའི་སྐབས་འདིར་"
1852711,1856457,3746,"དམ་པའི་ཆོས་ཡང་དག་པ་ཅིག་མ་བསྒྲུབས་ན་འཆི་བ་ཐོག་བབས་སུ་འགྱུར་ཏེ།"
1856457,1858219,1762,"གཅེས་བྱ་ཚང་མ་གིས་དཀའ་ངལ། "
1858219,1860813,2594,"ཆོས་བསམ་ནས་བཞག ལག་ཏུ་ལེན་ཐུབ་རྒྱུ་མ་རེད།"
1860813,1868234,7421,"དེའི་ཕྱིར་ན། དེ། རགས་པ་དངོས་པའི་གནས་ཐམས་ཅད་མེད་པར། ཕྱི་སྣོད་ཀྱི་འཇིག་རྟེན་ཐ་མ་མེ་དང་ཆུ་གཅིག་གིས་འཇིགས་པ།"
1868234,1870579,2345,"དེ། ཕྲ་བ་དབྱར་དགུན་སྟོན་དཔྱིད་ཀྱི་འཇིགས་པ།"
1870579,1873686,3107,"དེ་ལས་ཀྱང་ཕྲ་བ། འཕགས་པ་ས་ཐོབ་པ་ཞིག་གིས་གཟིགས་ནས་"
1873686,1876291,2605,"སྐད་གཅིག་དྲུག་ཅུའི་སྐྱེར་སྒང་འགྲོ་བ་དེ་རེད།"
1876291,1881465,5174,"དེ། ཕྲ་བ་ཡིན་ན། དངོས་པོ་དེ་ཐམས་ཅད་མེད་པར། བེམ་པོའི་ཆོས་ཐམས་ཅད། རྡུལ་ཕྲན་ཆ་མེད་ཀྱི་ཚུར་"
1881465,1885180,3715,"བརྩམས་འོང་ལེ་རེད་དུས། རྡུལ་ཕྲན་དེ་ཞིག་བཞག་ན་མི་རྟག་པ་ཡིན་པ་ཤེས་རྒྱུ་རེད།"
1885180,1888884,3704,"དེ། རང་རེའི་སྐྱེ་འགྲོ་ཐམས་ཅད་ཀྱི་ལུས་དང་སེམས་གཉིས་ལྷན་ཅིག་ཏུ་འཚོགས་དུས།"
1888884,1891777,2893,"མིའི་ཤེས་པ། སྨྲ་ཤེས་པ་དོན་གོ་བ་ཅིག་ཡོད་རྒྱུ་རེད་དུས།"
1891777,1896006,4229,"དེ་ཐམས་ཅད་མེད་པའང་། མི་རྟག་པ་རང་བཞིན་དུ་ལུས་དང་སེམས་གཉིས་ཀྱིས་"
1896006,1898698,2692,"ཚོགས་པ་བྱེད་འོང་དུས། རླུང་སེམས་ལྡང་ཡ་དེ་འདྲའི་རེད།"
1898698,1903071,4373,"ལུས་ལྟ་བུ་ཡིན་ན། ཤ་དང་རུས་པ་པགས་པ་ལ་སོགས་པ་སོ་སོར་ཕྱེས་སོང་ན།"
1903071,1907756,4685,"རྡུལ་ཕྲན་མ་གཏོགས་ལུས་ཅེས་གཅེས་པར་འཛིན་པར་བྱེད་པ། ད་ལྟ་ཚེར་མ་ཅིག་གཟུག་འོང་ན་བཟོད་མི་ནུས་པ་"
1907756,1910182,2426,"མེ་སྟག་ཅིག་ཕོག་ན་བཟོད་མི་ནུས་པ་ལྟ་བུ།"
1910182,1916684,6502,"ནང་སེམས་ཀྱིས་བདག་པོ་སྤྲད་སྡོད་ལེ་རེད་མ་གཏོགས་པ་གཞན་ཞིག་གིས། དངོས་གནས་ལུས་ཞེས་བྱ་བ་རྟག་པ་བརྟན་པ་གཅེས་པར་འབྱུང་བ་"
1916684,1920783,4099,"གང་ཡང་གྲུབ་པ་ཡོད་རྒྱུ་མ་རེད། དཔེར་ན་མི་དཔོན་ཆེན་པོ་ཞིག་ཡིན་ནའང་།"
1920783,1924687,3904,"ལུས་དང་སེམས་གཉིས་པོ་སོ་སོ་ཚགས་རྫི་ནས། རོ་ཞེས་བྱ་བ་རྔམ་གནག་པ།"
1924687,1929725,5038,"དྲི་ངར་བ། མགོ་ལ་མེ་གཡུག་ཐུབ་ན་བསམ་རྒྱུ་མ་གཏོགས་ཕུག་གྱི་བདག་པོ་སྤྲས་འདོད། བློ་ཡོད་རྒྱུ་མ་རེད་དུས།"
1929725,1932854,3129,"དེ་ཐམས་ཅད་གང་མི་རྟག་པའི་རང་བཞིན་དུ་འགྱུར་བ་དེ་རེད།"
1932854,1935370,2516,"དེ་ལྟ་བུའི་མི་རྟག་པའི་རང་བཞིན་ཕྲ་བ་དང་།"
1935370,1938345,2975,"རགས་པ་ཐམས་ཅད་ཀྱི་ཚུལ་བསྟན་ནས་བཟུང་སྟེ།"
1938345,1948172,9827,"དེ། འཇིག་རྟེན། འདུ་བྱས་ཀྱི་ཆོས་སུ་སྣང་བ་དེ་ཐམས་ཅད་མེད་པར། སྲོག་མ་བཏང་བའི་ཚུར་གནོད་ལྟ་བུ་ཅན་ཞིག་མ་གཏོགས་ཡུན་རིང་པོ་རྟག་པ་བརྟན་པོ་བསྡད་བསྡད་རྒྱུ་གཅིག་ཀྱང་ཡོད་རྒྱུ་མ་རེད་དུས།"
1948172,1953049,4877,"དེ། དོ་གོང་ཙམ་དུའང་ཐོག་མགོ་ལ་བབས་པ་བཞིན་དུ་ཤི་བར་ཡང་འགྲོ་དགོས་ངེས་པ་ཡོད་རྒྱུ་མ་རེད་དུས།"
1953049,1954777,1728,"འཇིག་སླ་བའི་ཚུལ་དུ་བསམ།"
1954777,1957436,2659,"དེ་ལྟར་འཇིག་པའི་དུས་ལ་བབས་ཏེ་འཆི་བའི་ཚེ་ན།"
1957436,1961485,4049,"དེ། རང་གིས་བསགས་པ་གི་ལས་དགེ་སྡིག་གཉིས་པོ་དེ་སེམས་དང་ལྷན་ཅིག་ཏུ་འགྲོ་སྟེ།"
1961485,1968409,6924,"རྣམ་པར་ཤེས་པ་དེ་ཉིད་བར་དོ་ཆ་མེད་ཀྱི་ཡུལ་ལ། སྒྱུ་མའི་སྐྱེས་བུ། ཐ་ན་ལུས་ལ་གོས་མེད་པ། གཅེར་བུ་ལག་སྟོང་འཕྱན་དུ་གྱུར་ནས།"
1968409,1973745,5336,"ག་ན་འགྲོ་དགོས། ག་ཚོད་ཀྲོང་དགོས། ལས་ཅིས་སློང་དགོས། ག་ན་དེར་སོང་ན་མ་གཏོགས་རང་ལ་རང་དབང་མེད་པར།"
1973745,1976626,2881,"ཕྱོགས་ཆ་རླུང་གིས་ཁྱེར་བ་ལྟ་བུ་ཅིག་ཏུ་འགྲོ་གི་རེད་དུས།"
1976626,1980337,3711,"དེའི་ཚེ་ན་ནི། འཇིག་རྟེན་ཚེ་འདི་གི་ནོར་ཡོད་ནའང་ཕན་པ་ཡོད་རྒྱུ་མ་རེད།"
1980337,1984431,4094,"ཕ་མ་བུ་ཚ་ལ། ཚངས་པ་བརྒྱ་བྱིན་འདྲ་ཅིག་ཡོད་ནའང་ཕན་པ་ཡོད་མ་རེད།"
1984431,1988232,3801,"ནོག་གི་སྤུ་ནི། འབུམ་ཕྲག་མང་པོ་ཡོད་ནའང་ཕན་པ་ཡོད་རྒྱུ་མ་རེད།"
1988232,1992612,4380,"ཐ་ན་རང་གི་ཚེ་འདི་ལ་གཅེས་པར་སྐྱོང་བསྡད་རྫི་ཀྱི་ལུས་དེའང་། ཤུལ་དུ་བཞོག་སྟེ་འགྲོ་དགོས་རེད།"
1992612,1997075,4463,"དེའི་ཚེ་ན། རང་གི་རྗེས་སུ་འབྲང་བ་གང་ཡོད་ན། ལས་དགེ་སྡིག་གཉིས་པོ་མ་གཏོགས་"
1997075,1998039,964,"ཡོད་རྒྱུ་མ་རེད།"
1998039,2001322,3283,"དེ། ལས་དགེ་བ་ཞིག་བྱས་ན། མཐོ་རིས་གསུམ་པོ་ལ་འགྲོ་རྒྱུ་རེད།"
2001322,2004232,2910,"སྡིག་པ་འདྲ་བྱས་ན། ངན་སོང་གསུམ་པོ་ལ་འགྲོ་རྒྱུ་རེད་དུས།"
2004232,2010094,5862,"དེའི་ཕྱིར་ན། ལས་དགེ་སྡིག་གི་རྗེས་སུ་འགྲོ་དགོས་ཀྱི་རེད། འཇིགས་སྐྲག་ཆེན་པོ་དེ། མ་འོངས་པ་ན་འོང་རྒྱུ་ཡོད་པའི་འདུན་མ་འདི།"
2010094,2017320,7226,"ད་ལྟ་ནས་ཤེས་ནས་དགེ་བ་ལག་ཏུ་ལེན་ན། དེ། རབ་ཀྱིས་ རང་གིས་ལེན་ཆོག་ཆོག་ཡོད་པ་འདིའི་སྐབས་སུ་མ་བྱས་ན།"
2017320,2021177,3857,"ལས་ཅིག་ ལུས་ཅན་རྣམས་ཀྱི་ལས་རྣམས་ནི། །བསྐལ་པ་བརྒྱར་ཡང་ཆུད་མི་འཛའ། །"
2021177,2023926,2749,"འཚོག་ཤིང་དུས་ལ་བབ་པའི་ཚེ། །འབྲས་བུ་ཉིད་དུ་སྨིན་པར་འགྱུར། །"
2023926,2024885,959,"ཟེར་མཁན་དེ་རེད།"
2024885,2028351,3466,"ལས་དགེ་སྡིག་གང་བསགས་ཡོད་ན་ཡང་། ཡང་མེད་ན་གཉེན་པོ་གིས་བཅོམ་སོང་མཁན་ཅིག་དང་།"
2028351,2031721,3370,"ཡང་མེད་ན་བསྒྲུབས་པ་གནོངས་མེད་མྱོང་སྟོབས་ཀྱིས་སྦྱངས་སོང་ལས་མ་གཏོགས།"
2031721,2037020,5299,"འཕགས་པའི་ས་ལ་བཞུགས་པའི་གང་ཟག་ཐམས་ཅད་ཀྱང་། ལས་བདག་པོའི་འབྲས་བུ་ཚོ་ཁྲིད་ཡིག་ནང་ནས་གསུངས་པ་ལྟ་བུ་རེད། "
2037020,2039073,2053,"དེ་འབའ་ཞིག་གི་རྗེས་སུ་འབྲངས།"
2039073,2041272,2199,"དེ། ལས། ཁམས་གསུམ་འཁོར་བ་ཟེར་མཁན་འདིར་"
2041272,2043626,2354,"མཐོ་བ་མཐོ་རིས་གསུམ། དམའ་བ་ངན་སོང་གསུམ།"
2043626,2047063,3437,"དེ་ལ་སྡུག་བསྔལ་གསུམ་གྱིས་མ་ཁྱབ་པ་གཅིག་ཀྱང་མེད་པ་འདིར།"
2047063,2051092,4029,"ཕྱི་རོལ་མུ་སྟེགས་པའི་སྨོས་པ་ལྟ་བུ། གཙོ་བོ་དང་དབང་ཕྱུག་གིས་བྱས་པ་མ་རེད།"
2051092,2057158,6066,"རང་བཞིན། སྟབ་ལེ་ལྟེ་དབང་གིས་མཐོང་བ་མ་རེད། རང་གི་སྐྱེ་བ་སྔ་མའི་ལས་དགེ་སྡིག་གང་བྱས་ཡོད་པ་འདིས་སྣང་བ་རེད།"
2057158,2059453,2295,"དཔེར་ན་ལས་ཀྱི་འབྲེལ་བ་དག་སོང་རྫི་དང་།"
2059453,2065293,5840,"བསོད་ནམས་ཀྱི་ཚོགས་རྫོགས་རྫི་ཐམས་ཅད་ནུབ་ཕྱོགས་བདེ་བ་ཅན་ལ་སོགས་པ། དག་པའི་ཞིང་ལ་བཞུགས་པའི་སངས་རྒྱས་དང་བྱང་ཆུབ་སེམས་དཔའི་"
2065293,2068772,3479,"མཐུན་སྣང་དུ་ཡོད་པ་དེའང་། ཟག་པ་མེད་པའི་ལས་ཀྱིས་སྤྲུལ་འོང་རེད།"
2068772,2071790,3018,"དེ། བདག་ཅག་ཐམས་ཅད་སྙིགས་མ་ལྔ་བསྡོ་གི་སེམས་ཅན་རྣམས།"
2071790,2075248,3458,"ནད་མུག་འཁྲུགས་རྩོད་རྒྱུན་ཆད་མེད་པར་ཡོང་བ་འདི་ཐམས་ཅད་དང་།"
2075248,2078830,3582,"དེ། ངན་སོང་གི་གནས་རིས་རྣམས་སུ་དམྱལ་བ་ཚ་གྲང་། ཡི་དྭགས་བཀྲེས་སྐོམ།"
2078830,2081447,2617,"བདུད་འགྲོ་བཀོལ་སྤྱོད་ཀྱི་སྡུག་བསྔལ་ཡོད་པ་ཐམས་ཅད་ཀྱང་།"
2081447,2083360,1913,"ལས་འབའ་ཞིག་གི་བྱས་རྫི་རེད་དུས།"
2083360,2085387,2027,"དེ། ལུས་ཅན་རྣམས་ཀྱི་ལས་རྣམས་ནི། །"
2085387,2090353,4966,"བསྐལ་པ་བརྒྱར་ཡང་ཆུད་མི་འཛའ། །འཚོག་ཤིང་དུས་ལ་བབས་པ་རྣམས། །འབྲས་བུ་ཉིད་དུ་སྨིན་པར་འགྱུར། །གསུང་རྒྱུ་རེད་དུས།"
2090353,2093554,3201,"འདི་དཱ་ ཁམས་གསུམ་གྱི་གནས་རིས་མཐོ་དམན་གང་དུ་སྐྱེས་ཀྱང་།"
2093554,2099018,5464,"དཔེར་ན། འདོད་ཁམས་དུ། གཟུགས་ཁམས་དང་གཟུགས་མེད་ཀྱི་ཁམས་ལ་ཡོད་པ་དེ་དག་ཐམས་ཅད། ད་ལྟ་"
2099018,2103842,4824,"ཞི་གནས་ཀྱི་ཏིང་ངེ་འཛིན་གྱིས་བདེ་གསལ་མི་རྟོགས་པའི་ཉམས་ཀྱིས་དགའ་པོ་འདྲ་ཅིག་ཡོད་རྒྱུ་རེད་དུས།"
2103842,2106648,2806,"དེའང་། ཏིང་ངེ་འཛིན་གྱི་ནུས་པ་ཟད་ཚར་དུས་སླར་ཡང་།"
2106648,2111661,5013,"ཁམས་གསུམ་འཁོར་བའི་ས་བོན་སྤོང་མ་ཐུབ་པ་གི་ཕྱིར། འཁོར་བ་ལ་འཁྱམས་འོང་རྒྱུ་མ་གཏོགས་ཡོད་མ་རེད་དུས།"
2111661,2114987,3326,"དེ་ཐམས་ཅད་ལ་ཁྱབ་པ་འདུས་བྱས་ཀྱི་སྡུག་བསྔལ་གནས་བསྡད་རྫི་ལ།"
2114987,2118013,3026,"ལྷ་དང་མི་དང་ལྷ་མ་ཡིན་གྱི་གནས་རིས་ལྟ་བུ་ལ་ཡིན་ན།"
2118013,2123931,5918,"ཟས། གོས། ནོར་ལོངས་སྤྱོད། དཔག་བསམ་གྱི་ཤིང་། བདུད་རྩིའི་ཟས། རྫུ་འཕྲུལ་ལ་སོགས་པའི་བདེ་བ་ཅིག་ཡོད་རྒྱུ་རེད།"
2123931,2127067,3136,"འདིའི་བདེ་བ་དེའང་། སྔོན་གྱི་ལས་ཏེ། དེ་ཟད་ཚར་ནས་བཟུང་སྟེ།"
2127067,2131902,4835,"སླར་ཡང་སྡིག་པ་རྣམས་ནི་མང་འོང་དུས། བདེ་བ་འདི་སྡུག་བསྔལ་ལ་འགྱུར་འགྲོ་རྒྱུ་མ་གཏོགས་ཡོད་རྒྱུ་མ་རེད་དུས།"
2131902,2133427,1525,"དེའི་ཕྱིར་ན་འགྱུར་བའི་སྡུག་བསྔལ་རེད།"
2133427,2135567,2140,"དེ། དམྱལ་བ་ཡི་དྭགས་བདུད་འགྲོ་ཐམས་ཅད་"
2135567,2140226,4659,"སྡུག་བསྔལ་སྔ་མ་མ་ཚང་བའི་སྟེང་དུ། ཕྱི་མ་རྩེན་འོང་དུས། སྡུག་བསྔལ་གྱི་སྡུག་བསྔལ་མ་གཏོགས་མི་རེག་དུས།"
2140226,2142522,2296,"དེའི་ཕྱིར་ན། སྲིད་པ་ནི་མེའི་འོབ།"
2142522,2144922,2400,"དུག་སྦྲུལ་གྱི་ཚང་། སྲིན་མོའི་གླིང་ལྟ་བུ་རེད་དུས།"
2144922,2146848,1926,"འདི། སྡུག་བསྔལ་ལས་མི་འདས་པ་རེད།"
2146848,2149559,2711,"དེ་ལྟ་བུའི་སྡུག་བསྔལ་དེ་གང་གིས་སྤོང་གི་རེད་བཤད་ན།"
2149559,2153103,3544,"སྡུག་བསྔལ་དེ་ཕར་འགོག་པའམ་སྤོང་བར་བྱེད་པའི་ལམ་གང་ཡོད་ན།"
2153103,2156179,3076,"བདེ་བཞིན་གཤེགས་པ་སངས་རྒྱས་ཀྱིས་རྗེས་སུ་བསྟན་པ་ལྟར་དུ།"
2156179,2161022,4843,"བསླབ་པ་ཚུལ་འཁྲིམས་ཀྱི་བསླབ་པ། བསླབ་པ་ཏིང་ངེ་འཛིན་གྱི་བསླབ་པ། བསླབ་པ་ཤེས་རབ་ཀྱི་བསླབ་པ་གསུམ།"
2161022,2165592,4570,"དགེ་བའི་བཤེས་གཉེན་གྱིས་ཞབས་མགོ་ལས་ཇི་ལྟར་བྱུང་བ་བཞིན་དུ་ཉམས་སུ་བླངས་ནས།"
2165592,2167391,1799,"ནན་ཏན་དུ་བརྩོན་པར་བྱས་ན།"
2167391,2171348,3957,"དེ། དེ། སྡུག་བསྔལ་དེ་དག་ཐམས་ཅད་སྤོང་འགྲོ་བ་ལ་དཀའ་ལས་ཡོད་རྒྱུ་མ་རེད།"
2171348,2175208,3860,"དེའི་ཕྱིར་ན། སྡུག་བསྔལ་དེ་དག་སྤོང་གི། སྡུག་བསྔལ་དེ་གང་ལས་འབྱུང་བའི་གཞི།"
2175208,2179824,4616,"དཔེར་ན། སེམས་ཅན་རྣམས་ཀྱི་ལས་དགེ་སྡིག་བར་མ་གསུམ་དང་། ཉོན་མོངས་ཆགས་སྡང་རྨོངས་གསུམ་གྱིས་"
2179824,2182074,2250,"ཀུན་ནས་སློང་བ་རེད་དུས། དེའི་ཕྱིར་ན།"
2182074,2185009,2935,"དེ། ལས་དང་ཉོན་མོངས་པ། སྒྲིབ་པ་དེ་དག་ཐམས་ཅད།"
2185009,2186812,1803,"ཕར་འདོར་ཞིང་སྤོང་།"
2186812,2190822,4010,"བསླབ་པ་གསུམ་གྱི་ཡོན་ཏན་དེ་དག་ཚུལ་བཞིན་དུ་ཉམས་སུ་བླངས་ན།"
2190822,2195214,4392,"དེས། བླང་འདོར་མ་ནོར་བ་ཚུལ་བཞིན་དུ་ཤེས་ཏེ། ཐར་པའི་ལམ་དུ་ཞུགས་པའི་མཁས་པ་སྟེ།"
2195214,2199633,4419,"དེའི་ཕྱིར་ན། སངས་རྒྱས་བཅོམ་ལྡན་འདས་ཀྱི་བཀའ་དང་པོ་བདེན་པ་བཞིའི་ཆོས་འཁོར་གསུངས་མཁན་དེ།"
2199633,2203701,4068,"སྡུག་བསྔལ་བདེན་པ་དེ་ཤེས་པར་བྱ་བ་སྟེ། ཁམས་གསུམ་འཁོར་བ་སྡུག་བསྔལ་གྱི་རང་བཞིན།"
2203701,2208321,4620,"ད་ལྟ་བླ་མ་རྣམས་ཀྱིས་སྔོན་འགྲོའི་ཁྲིད་གསུངས་བར་བྱས་ན་འཁོར་བའི་ཉེས་དམིགས་བསྟན་པ་དེ་རེད།"
2208321,2212498,4177,"དེ། སྡུག་བསྔལ་དེ་གང་དེ་གི་རྒྱུ་ལས་འབྱུང་བ་ཡིན་ཟེར་ན་ལས་དང་ཉོན་མོངས་པ་རེད།"
2212498,2214408,1910,"ལས་ཉོན་གྱི་འབྱུང་ཁུངས་དེ་ཡང་།"
2214408,2217048,2640,"གང་ལས་འབྱུང་བ་རེད་ཟེར་ན། མ་རིག་པ་ལས་འབྱུང་རྒྱུ་རེད་དུས།"
2217048,2219649,2601,"མ་རིག་པ་དེ་ཕིས་སྤོང་བར་བྱེད་པའི་ཐབས་སུ།"
2219649,2222070,2421,"ལམ་གྱི་བདེན་པ་ཚུལ་བཞིན་དུ་ཡིད་ལ་བརྟོན།"
2222070,2227190,5120,"ལམ་གྱི་བདེན་པ་དེ་ཡང་། སྐྱེས་བུ་གསུམ་གྱི་ལེགས་ཆ་ཐམས་ཅད་རང་གི་རྒྱུད་དུ་ཉམས་སུ་བླངས་ན།"
2227190,2231296,4106,"ད་ལྟ་སོ་སོའི་སྐྱེ་བོ་ཞིག་ཡིན་ནའང་། སངས་རྒྱས་ཀྱི་གོ་འཕང་ཐོབ་པ་ལ་"
2231296,2233363,2067,"གཏན་ནས་བསླུ་བ་ཡོད་རྒྱུ་མ་རེད།"
2233363,2237468,4105,"འདི། སྔོན་ཚེ་རང་གི་སེམས་སྟོབས་ཀྱིས་སངས་རྒྱས་ཀྱིས་གསུངས་པ་བཞིན་དུ་ཉམས་སུ་ལེན་ན།"
2237468,2243801,6333,"འབྲོག་འབུ་དང་། འབུ་ལ་སོགས་པ་ལྟ་བུ་ཡིན་ནའང་སངས་རྒྱས་ཀྱི་གོ་འཕང་འཐོབ་པར་གསུངས། མདོ་སྡེ་ནང་ནས་གསུངས་པ་ལྟ་བུ་དེ་རེད།"
2243801,2248240,4439,"དེ། ལམ་འདི་རྒྱུད་ལ་བརྟོན་ཚར་ན་འགོག་པའི་བདེན་པ་མངོན་དུ་བྱེད་མ་འོང་བའི་ཐབས་ཡོད་མ་རེད།"
2248240,2253326,5086,"དཔེར་ན་ཆུ་བོ་ཞིག་གིས་འཁོར་སོང་ན། ཆུ་འདིའི་མཐར། ཐག་རིང་པོ་ཅིག་སྲིད་ཡེ་མི་འགྲོ་བའི་ཐབས་ཡོད་མ་རེད།"
2253326,2255649,2323,"དཔེ་དེ་ལྟ་བུ་ཡིད་བརྟེན་པའི་སྒོ་ནས། "
2255649,2259649,4000,"དེ། འགོག་པའི་བདེན་པ་མངོན་དུ་བྱ་བ་དེ་ལ། སྒོམ་བྱུང་གི་ཤེས་རབ་སྐྱེ་དགོས་ཤིང་"
2259649,2262996,3347,"སྒོམ་བྱུང་གི་ཤེས་རབ་སྐྱེ་པ་དེ་ལའང་ཐབས་བསྒོམ་པ་དང་།"
2262996,2267501,4505,"དེ་ཡི་སྔོན་དུ། སངས་རྒྱས་བཅོམ་ལྡན་འདས་ཀྱིས་ཆོས་ཕུང་བརྒྱད་ཁྲི་བཞི་སྟོང་གསུངས་པ་ཐམས་ཅད།"
2267501,2273766,6265,"དགོངས་པ། བདག་འཛིན་དང་ཉོན་མོངས་པ་ཅིག། སྤོང་བྱེད་ཀྱི་ཐབས་ལ་གསུངས་རྒྱུ་རེད་བསམ། སྒོམ་པས་ ད་ག་ཙམ་གསུངས་ཡོད་རྒྱུ་མ་རེད་དུས།"
2273766,2280401,6635,"དེའི་ཕྱིར་ན། དེ་ཐམས་ཅད་ངེས་དོན་གྱི་དགོངས་པ་བརྟོན་པ་བཞི་དང་ལྡན་པའི་སྒོ་ནས། ཚུལ་བཞིན་དུ་ཉམས་སུ་ལེན་པ་དང་།"
2280401,2284440,4039,"དེ། ཐོས་པ་དེའང་། མཁས་རྟགས་ཞི་ཞིང་དུལ་བ། །སྒོམ་རྟགས་ཉོན་མོངས་མེད་པ། །ཟེར་དེ་རེད་"
2284440,2286620,2180,"དུས་ང་རྒྱལ་དང་འགྲན་སེམས་ཀྱི་དབང་དུ་"
2286620,2289645,3025,"གཞན་ལ་ཁྱད་གསོད་ཀྱི་བསམ་བློ་མ་སོང་བ། རང་གི་རྒྱུད་ཀྱི་"
2289645,2291639,1994,"ཉོན་མོངས་པ་བདག་འཛིན་དང་།"
2291639,2296972,5333,"ཚེ་འདིའི་བདེ་སྐྱིད་ཀྱི་སྙེ་མོར་འགྲོ་བ་དང་། རིམ་བཞིན་འགྲོ་བས། དེ། མེད་ན་མི་འབྱུང་གི་འབྲེལ་བ་"
2296972,2300061,3089,"གྲུབ་པའི་ཕྱིར་ན། གསུངས། དེ། ཐོག་མར་དགེ་བའི་བཤེས་གཉེན་བསྟེན་པ།"
2300061,2305531,5470,"བར་དུ་ཐོས་པ། དེ་དེ་བསམ་པ། དེ་བསྒོམ་པ་དེ་དག་གཅིག་ལ་གཅིག་སྟེ་འབྲེལ་ན། མི་འབྱུང་"
2305531,2308870,3339,"མེད་པའི་ཕྱིར་ན་དང་པོར་མིང་གི་རྗེས་སུ་འཇུག་པའི་ཐོས་པ་དང་།"
2308870,2312957,4087,"དེ་ནས་དོན་སྤྱིའི་རྗེས་སུ་འཇུག་པའི་བསམ་པའི་སྦྱོར་བ་དག་ལ་རིམ་བཞིན་དུ་འཇུག་པའི།"
2312957,2317576,4619,"དེ། ཐོས་བསམ་གྱི་བློ་གྲོས་རྣམ་པར་དག་པ་ཅིག། སོ་སོའི་སྐྱེ་བོའི་རྒྱུད་ལ་མི་སྐྱེ་ཐབས་ཡོད་རྒྱུ་མ་རེད།"
2317576,2319551,1975,"དེ་རྣམ་པར་དག་པ་ཞིག་སྐྱེ་འོང་ན།"
2319551,2322579,3028,"དེའི་གྲུབ་འབྲས་བསྒོམ་པ་རང་ཤུགས་ཀྱིས་སྐྱེ་འོང་རྒྱུ་རེད་དུས།"
2322579,2325979,3400,"བློ་གྲོས་རྣམ་པར་དག་པ་དེ་ཡིས་བསམ་བྱུང་གི་ཤེས་རབ་ཟབ་མོས།"
2325979,2331594,5615,"ཆོས་ཐོས་པ་མང་ནའང་། ལག་ལེན་ཉམས་ལེན་གཅིག་ཏུ་འདྲིལ་འོང་ན། དེ་བསམ་བྱུང་གི་ཤེས་རབ་ཀྱིས་བྱེད་དགོས་རྒྱུ་རེད་དུས།"
2331594,2333363,1769,"དེས་ན་ཤེས་མཐའ་རྩེ་བཅད་དེ།"
2333363,2336161,2798,"དེ་ནས། བསྒོམ་པས་མཉམ་པར་འཇོག་པ་ཟེར་ནས། གང་ན་"
2336161,2340524,4363,"རང་གི་དོན་རྗེས་སུ་བསླབ་པར་གྱུར་བས་བསྒོམས་པ་ལས་བྱུང་བའི་ཤེས་རབ་"
2340524,2342447,1923,"སྐྱེད་པར་བྱ་དགོས་པ་ཡིན་པའི་ཕྱིར་ན་"
2342447,2345910,3463,"དེ། ཚུལ་བཞིན་དུ་ཐོས་བསམ་སྒོམ་གསུམ་རྩེ་གཅིག་ཏུ་བརྩོན་པར་བྱ་བ་"
2345910,2349677,3767,"གལ་ཆེ་བ་ལགས་སོ།། །།"
2349677,2354166,4489,"དེ་ཡང་ལྟ་སྤྱོད་གཉིས་ཀྱི་སྒོ་ནས་དག་པར་བྱ་བའི་ཚུལ་ལོ།"
2354166,2355693,1527,"དང་པོ་ལམ་ཐམས་ཅད་"
2355693,2362364,6671,"བསླབ་པ་གསུམ་དུ་བསྡུ་བའི་ཚུལ་ནི། ཁས་བླངས་བསླབ་ལ་མི་འདའ་བས། །ཞེས་སོགས་གསུངས་ཀྱི་དཱ་ཁ་སང་སྐབས་སུ་ཞུས་པ་བཞིན་དུ།"
2362364,2367736,5372,"དང་པོ་ལམ་གྱི་འགོ་འབྱེད་པར་བྱེད་པ་དགེ་བའི་བཤེས་གཉེན་མཚན་ཉིད་དང་ལྡན་པ་ཚུལ་བཞིན་དུ་བསྟེན།"
2367736,2370741,3005,"བསྟེན་པ་དེ་ཉིད་ལ་མཉེས་པ་གསུམ་གྱི་སྒོ་ནས་ཐུགས་"
2370741,2375284,4543,"ཚིམ་པར་བྱ། ཐུགས་ཚིམ་པའི་རྗེས་སུ་དགེ་བའི་བཤེས་གཉེན་གྱིས་བསྟན་པའི་གདམས་ངག་དེ་ཉིད།"
2375284,2378583,3299,"ཚུལ་གནས་ཐོས་དང་བསམ་ལྡན་པས། །སྒོམ་པ་ལ་ནི་རབ་ཏུ་སྦྱོར། །"
2378583,2381315,2732,"ཞེས་གསུངས་པ། དེ་ལྟ་བུས་གསུངས་པ་དེ།"
2381315,2383913,2598,"རང་གིས་ཚུལ་བཞིན་དུ་ཉམས་སུ་ལེན་དགོས་རེད་དུས།"
2383913,2386722,2809,"དེ་ལྟར་ཉམས་སུ་བླངས་ན། དེ། ཀུན་མཁྱེན་འཇིགས་མེད་གླིང་པས།"
2386722,2392398,5676,"གདམས་ངག་ཟབ་དགུའི་བདུད་རྩི་ཁོ་བོས་སྟེར། །སྙིང་རུས་གནད་དུ་སྨིན་པ་ཁྱོད་ཀྱིས་མཛོད། །ཚེ་དང་སྒྲུབ་པ་མཉམ་པའི་རྟེན་འབྲེལ་ཞིག །"
2392398,2394859,2461,"འགྲིག་ན་ཕྱི་མའི་འགྲོ་ས་པདྨས་སྟོན། །"
2394859,2396090,1231,"ཞེས་གསུང་རྒྱུ་འདི་རེད་དུས།"
2396090,2397733,1643,"དེ་དག་ནི་མདོ་སྡེ་དག་ལས།"
2397733,2403847,6114,"དགེ་སློང་དག། ཚུལ་འཁྲིམས་གོམས་པར་བྱས་པས། གསུངས་དུས། ལམ་ཐམས་ཅད་ཀྱི་གཞི་རྟེན་མཚུངས་པ་མེད་པ་འདི་གང་རེད་ཟེར་ན།"
2403847,2410333,6486,"སྡོམ་པ་གསུམ་གྱི་ཚུལ་འཁྲིམས་རྣམ་པར་དག་པ་ཅིག་རང་གིས་ཚུལ་བཞིན་དུ་སྲུང་བར་མ་བྱས་ན།"
2410333,2414442,4109,"ཁྲིམས་ནི་རྒྱུ་དང་མི་རྒྱུའི་ས་བཞིན་དུ། །ཡོན་ཏན་ཀུན་གྱི་གཞི་རྟེན་ལགས་པར་གསུངས། །"
2414442,2417809,3367,"གསུང་རྒྱུ་དེ་རེད། དེ། སོ་བྱང་སྔགས་གསུམ་གྱི་སྡོམ་པ་དེ་ཉིད།"
2417809,2420537,2728,"ཚུལ་བཞིན་དུ་མ་ཉམས་པར་སྲུང་དགོས་རེད།"
2420537,2424254,3717,"དེ་སྲུངས་ནས་བཟུང་སྟེ་ཁམས་གསུམ་འཁོར་བ་སྡུག་བསྔལ་གྱི་རྒྱ་མཚོ་བྱ་བ་དེ།"
2424254,2427279,3025,"འཇིག་རྟེན་ཆོས་བརྒྱད་གཙོ་བོར་འགྱུར་བ་དེ་ཤུགས་ཀྱིས་སྤོང་།"
2427279,2430093,2814,"ཐར་པའི་ལམ་ཐམས་ཅད་རང་བཞིན་གྱིས་རྙེད་འོང་དུས།"
2430093,2433917,3824,"དེ་གང་རེད་ཟེར་ན། དཔེར་ན། ནང་པ་སངས་རྒྱས་པའི་གྲུབ་མཐའ་ཐམས་ཅད་ལས་"
2433917,2439218,5301,"ལྟ་བ་སྒོམ་པ་སྤྱོད་པ་གསུམ་ཡོད་པའི་ནང་ནས། དེ། སྤྱོད་པ་དེ་བསྒོམ་པ་རྣམ་པར་དག་པ་མ་བྱས་ན།"
2439218,2441895,2677,"མི་དེ། སོ་སོའི་སྐྱེ་བོའི་རྒྱུད་དེ། ཐམས་ཅད།"
2441895,2443845,1950,"ཀུན་མཁྱེན་འཇིགས་མེད་གླིང་པའི་ཡོན་ཏན་མཛོད་ལས།"
2443845,2447030,3185,"དང་པོ་ཆོས་ལ་མི་ཚུད་གཡག་རྒོད་ལྟར། གསུངས་རྒྱུ་དེ་རེད།"
2447030,2451210,4180,"ཚེ་རབས་ཐོག་མ་མེད་པ་ནས་ད་ལྟ་ཡན་ཆོད་དུ་ཁམས་གསུམ་འཁོར་བ་ནས་འཁྱམས་ཏེ།"
2451210,2455424,4214,"འཁྲུལ་པའི་སེམས་དེ་སྐྱག་ལང་བཏང་མ་རྫི་ཀྱིས། སེམས་ཀྱིས་ཆོས་དང་འགལ་བ་ཤ་སྟག་མ་གཏོགས་"
2455424,2457674,2250,"ཆོས་དང་མཐུན་པ་གཅིག་ཀྱང་བྱེད་རྒྱུ་མ་རེད།"
2457674,2459378,1704,"དེའི་ཕྱིར་ན།"
2459378,2462386,3008,"དཔེར་ན་སློབ་སྦྱོང་ཡག་པོ་སོང་བའི་གང་ཟག་ཅིག་ཡིན་ན།"
2462386,2468564,6178,"དེ། ཆོས་དང་འཇིག་རྟེན་གཉིས་ཀ་གི་ཡོན་ཏན་དེ་གང་ལས་འབྱུང་། མ་འོངས་པའི་འདུན་མ་འདི་ཇི་ལྟ་བུ་ཡིན་ཤེས་རྒྱུ་རེད་དུས།"
2468564,2474935,6371,"དཔེ་དེ་བཞིན་དུ། དེ། སོ་བྱང་སྔགས་གསུམ་གྱི་བཅད་ཁྲིམས། རང་གིས་དྲན་ཤེས་དང་བག་ཡོད་ཀྱི་སྒོ་ནས་ལེགས་པ་ཞིག་བསྲུངས་ན།"
2474935,2478415,3480,"དེ། རང་གི་སེམས་དེ་ཡང་རང་བཞིན་གྱིས་"
2478415,2481888,3473,"སྐྱག་ལང་མི་འགྲོ་བ། དྲན་པ་དང་ཤེས་བཞིན་གཉིས་ཀྱིས་བཟུང་སྟེ།"
2481888,2483656,1768,"ཐར་པའི་ལམ་དུ་ཞུགས་འོང་རྒྱུ་རེད་དུས།"
2483656,2487521,3865,"དེ། སེམས་ལ། བཀའ་གདམས་པའི་དགེ་བའི་བཤེས་གཉེན་རྣམས་ཀྱི་ཞལ་རྒྱུན་ནས།"
2487521,2493359,5838,"སེམས་ཀྱི་མཁར་སྒོ་འདིར་དྲན་པའི་མདུང་ཐུང་བཟུང་། ཁོ་སྒྲིམ་ན་ང་སྒྲིམ། ཁོ་ལྷོད་ན་ང་ལྷོད། གསུངས་པ་འདི་རེད།"
2493359,2498996,5637,"དེ། བདག་ཅག་ཐམས་ཅད་ཚེ་རབས་ཐོག་མ་མེད་པ་ནས་ད་ལྟ་ཡན་ཆོད་འཁོར་བ་སྡུག་བསྔལ་གྱི་རྒྱ་མཚོ་ཆེན་པོ་འདིར་"
2498996,2504118,5122,"འཁྱམ་བྱེད་ཀྱི་འཁྲུལ་པའི་རྩ་བ་འདི་གང་ལས་བྱུང་ན། སེམས་འདིས་བྱུང་།"
2504118,2505949,1831,"སེམས་འདི་བག་མེད་པ་བྱས་ནས།"
2505949,2508799,2850,"སེམས་འདི་རང་བཞིན། རྗེས་སུ་འཇུག་སོང་ན།"
2508799,2512974,4175,"དེ། དུས་ཀྱི་ཐ་མ་ན་བསྒོམ་པ་ཁྱི་ལྟ་བུ་བྱུང་། གསུང་རྒྱུ་དེ་རེད་འགྲོ་རྒྱུ་རེད།"
2512974,2515310,2336,"སེམས་དེ་དྲན་ཤེས་བག་ཡོད་ཀྱིས་ཚུལ་བཞིན་"
2515310,2517878,2568,"རྒྱུད་ལ་ཅིག་སྦྱང་ཐུབ་ན།"
2517878,2522236,4358,"དེ། སོ་སོར་ཐར་པ་དང་། བྱང་ཆུབ་སེམས་དཔའ། རིག་འཛིན་སྔགས་ཀྱི་དམ་ཚིག་དང་མི་འགལ་བ།"
2522236,2524403,2167,"ཚུལ་བཞིན་དུ་འོང་རྒྱུ་རེད་དུས།"
2524403,2529068,4665,"དེ་ཕྱིན་ཆད་འབྱུང་བ། མདོ་སྔགས་ཀྱི་ལམ་ཚད་ཟེར་ཀུན་མཁྱེན་འཇིགས་མེད་གླིང་པས་གསུངས་ཡོད་པ་དེ་རེད།"
2529068,2533221,4153,"དའི་ཕྱིར་ན། ཚུལ་ཁྲིམས་ལ་གོམས་པར་བྱས་ན། དེ། སེམས་དེ་བག་ཕེབ་འོང་དུས། དཔེར་ན།"
2533221,2537032,3811,"ཞི་གནས་རབ་ཏུ་ལྡན་པའི་ལྷག་མཐོང་གིས། །ཉོན་མོངས་རྣམ་པར་འཇོམས་པར་ཤེས་བྱ་ནས། །"
2537032,2541757,4725,"ཐོག་མར་ཞི་གནས་བཙལ་བྱ་དེ་ཡང་ནི། །འཇིག་རྟེན་ཆགས་པ་མེད་ལ་མངོན་དགས་འགྲུབ། །གསུངས་པ་ལྟར་དུ།"
2541757,2544461,2704,"རླུང་སྲེབ་གཅིག་གི་ནང་ནས་མར་མེ་གཅིག་སྦར་ཡོད་ན་"
2544461,2547935,3474,"དེ་ལ་ཤེལ་གྱི་འོད་ཁང་ཞིག་ཡོད་ན། མར་མེ་འདི་རླུང་གིས་བསད་ཐུབ་ཀྱི་མ་རེད།"
2547935,2551205,3270,"དེ། ཤེལ་གྱི་འོད་ཁང་མེད་ན་མར་མེ་ཇི་ལྟ་བུ་གསལ་བ་ཅིག་"
2551205,2552685,1480,"རླུང་གིས་བསད་འགྲོ་རྒྱུ་རེད་འདི།"
2552685,2557107,4422,"དཔེ་དེ་བཞིན་དུ་འཁྲུལ་བྲལ། རྣམ་པར་ཅིག། དག་པ་ཅིག་ལས་ཡང་ནས་ཡང་དུ་གོམས་པར་བྱས་ན།"
2557107,2561468,4361,"རང་གི་སེམས་འདི། ཧ་ཅང་རྒོད་པོ་གི་དབང་དུ་འགྲོ་སྟེ་འཁོར་བའི་"
2561468,2568302,6834,"ལས་འབའ་ཞིག་ལ་འཕྱོན་ཏེ། མངོན་སུམ་ཕར་བཞག་གིས། རྗེས་གཅོད། མ་འོངས་རྣམ་རྟོག་གི་མདུན་བསུ། ད་ལྟ་རིག་པ་རྐྱེན་ཡུལ་དུ་མི་ཤོར་བ་ཅིག་འོང་གི་རེད།"
2568302,2574389,6087,"དེ་འོངས་ནས་སེམས་ཁོད་སྙོམས་པོ་ཞིག་བྱས་ན། དེ། དེའི་རྒྱུད་ལ་ཏིང་ངེ་འཛིན་རང་ཤུགས་ཀྱིས་སྐྱེ་བ་གྱུར་གྱི་རེད་དུས།"
2574389,2576710,2321,"དེའི་ཕྱིར་ན། ཡུན་རིང་དུ་གནས་པར་འགྱུར་རོ།"
2576710,2579369,2659,"ཏིང་ངེ་འཛིན་འདི་ཡག་པོ་ཞིག། རྒྱུད་ཞིག་སྐྱེས་འོངས་ན།"
2579369,2582601,3232,"ཏིང་ངེ་འཛིན་དེ་ལའང་། ཞི་གནས་དང་ལྷག་མཐོང་གཉིས་ཡོད་རྒྱུ་རེད་དུས།"
2582601,2585445,2844,"ཞི་གནས་ཀྱིས་སེམས་གཏན་པར་བྱེད་པའི་རྗེས་སུ། ལྷག་མཐོང་"
2585445,2588443,2998,"རབ་ཏུ་འགྱུར་བ་བདག་མེད་རྟོགས་པའི་ཤེས་རབ་དེ་ཅིག་སྐྱེས་ན།"
2588443,2591487,3044,"ཏིང་ངེ་འཛིན་གྱི་འཆིང་བ་ལས་རང་ཤུགས་ཀྱིས་གྲོལ།"
2591487,2597375,5888,"ཤེས་རབ་ཀྱི་སྣང་བ་དེ་ལ་བརྟེན་ནས། དེའི་ཡན་ལག་དེ་དག་ཐམས་ཅད་ནི། །ཐུབ་པས་ཤེས་རབ་དོན་དུ་གསུངས་། །གསུང་རྒྱུ་འདི་རེད།"
2597375,2599214,1839,"ཤེས་རབ་འདི་ཡག་པོ་ཞིག་གོམས་འོངས་ན།"
2599214,2603393,4179,"ཐར་པ་དང་ཐམས་ཅད་མཁྱེན་པའི་ལམ་ཐམས་ཅད་ཀྱི་རྩ་བ་ཤེས་རབ་ལ་ཐུག་གི་རེད་དུས།"
2603393,2606339,2946,"ཤེས་རབ་སྐྱེ་བའི་ཐབས་ལ་ཏིང་ངེ་འཛིན་མེད་ན་སྐྱེ་གི་མ་རེད།"
2606339,2608777,2438,"དེ། ཏིང་ངེ་འཛིན་ལ་བརྟེན་ཏེ་ཤེས་རབ་སྐྱེས་འོངས་ན།"
2608777,2611605,2828,"དེ། ཤེས་རབ་ཡོད་ནས་བཟུང་སྟེ་ཆོས་ཐམས་ཅད་འབད་མེད་དུ་"
2611605,2615886,4281,"ཆོས་ཀྱི་གནད་དེ་ཤེས། ལག་ཏུ་ལེན་ཤེས་རྒྱུ་རེད་དུས། ཞེས་པའི་གོ་རིམ་ལྟར།"
2615886,2619901,4015,"ཐོག་མར་ཐོས་བསམ་གྱིས་འདུལ་བའི་སྡེ་སྣོད་གཏན་ལ་ཕབ་པའི་སྙིང་པོ།"
2619901,2623803,3902,"ང་ཚོ་བོད་གངས་ཅན་གྱི་ལྗོངས་སུ་བསྡད་པའི་གང་ཟག་ཐམས་ཅད་ཀྱིས། ཕྱི་སོ་ཐར། "
2623803,2626912,3109,"ནང་བྱང་སེམས། གསང་བ་སྔགས་ཀྱི་གདམས་པ་ཐམས་ཅད་"
2626912,2630334,3422,"ཁོག་པ་ཨ་མའི་རུམ་ལ་ཡོད་པ་ཐམས་ཅད་ལའང་ལེན་ཚར་ཡོད་ཀྱི་རེད།"
2630334,2633861,3527,"དེ། ཇི་ལྟར་ལེན་པ་དེ་དྲན་ཤེས་བག་ཡོད་ཀྱིས་ཅིག་སྲུང་བསྡད་ན།"
2633861,2636799,2938,"ནོར་བུ་རིན་པོ་ནི་རྒྱལ་མཚན་གྱི་རྩེ་ན་མཆོད།"
2636799,2638857,2058,"བྱི་དོར་བྱས། གུས་པ་ཡག་པོ་ཅིག་བྱས་ན།"
2638857,2641027,2170,"དེ་ལ་དགོས་འདོད་གང་དགོས་འབྱུང་རྒྱུ་རེད་དུས།"
2641027,2645163,4136,"དེ། ནོར་བུ་རིན་པོ་ཆེ། རང་བཞིན་"
2645163,2648565,3402,"ཐབ་དར་ལ་སོགས་པའི་ཁྲོད་དུ་གཡུགས་པ་ལས།"
2648565,2650363,1798,"དེ་ལས་དགོས་འདོད་འབྱུང་རྒྱུ་མ་རེད་དུས།"
2650363,2653293,2930,"དེའི་ཕྱིར་ན། ནོར་བུ་རིན་པོ་ཆེ་བྱི་དོར་བྱས་པ།"
2653293,2655791,2498,"ཟ་འོབ་གི་རྒྱལ་མཚན་ལྟ་བུ་དེ་གང་རེད་ཟེར་ན།"
2655791,2659308,3517,"སྡོམ་པ་གསུམ་གྱི་བཅད་མཚམས་ཡག་པོ་ཞིག་བཟུང་མཁན་དཱ་དེ་རེད།"
2659308,2661308,2000,"དེ། སྡོམ་པ་གསུམ་གྱི་བཅད་མཚམས་ཟེར་མཁན་འདི།"
2661308,2665226,3918,"དཔེར་ན་དབང་ཞིག་ཞུས་ན། དབང་རྗེས་གནང་ཕྱོགས་ཕྱོགས་ཞུས་ནའང་དེའི་འོག་ཏུ།"
2665226,2667450,2224,"གཙོ་བོས་ཇི་ལྟར་བཀའ་བསྩལ་པ། །"
2667450,2672376,4926,""
2672376,2674651,2275,"དེ་དག་ཐམས་ཅད་བདག་གིས་བགྱི། །"
2674651,2678312,3661,"ཟེར་དུས་སོ་བྱང་སྔགས་གསུམ་གྱི་སྡོམ་པ་དཔལ་མོ་འགའང་ཁས་ལེན་གྱི་རེད།"
2678312,2680444,2132,"དེ། དཀྱིལ་འཁོར་གཅིག་ཏུ་འཇུག་ཚར་ནས་བཟུང་སྟེ།"
2680444,2682394,1950,"དམ་བཟུང་མེད་མཁན་གཅིག་ཡོད་རྒྱུ་མ་རེད་དུས།"
2682394,2685841,3447,"དེའི་ཕྱིར་ན་སོ་བྱང་སྔགས་གསུམ་གྱི་སྡོམ་པ་དོན་གྱིས་ཁས་བླངས་ཡོད་རེད།"
2685841,2691960,6119,"དེ། ལྷག་པར་དུ་རབ་ཏུ་བྱུང་བ་ལྟ་བུ་ཡིན་ན། མཁན་སློབ་ཀྱི་སྐུ་མདུན་ནས་ཚུལ་གསུམ་རིགས་དྲུག་གི་དང་པོ་སོ་ཐར་གྱི་སྡོམ་པ་གསན།"
2691960,2697047,5087,"དེ། བྱང་ཆུབ་སེམས་ཀྱི་སྡོམ་པ་ཚུལ་བཞིན་དུ་དགེ་བའི་བཤེས་གཉེན་ལས་བླང་ན་འདྲ། མ་བླངས་ནའང་།"
2697047,2699339,2292,"དེ། གསར་རྙིང་གི་རྒྱུད་སྡེ་གི་ཆོ་ག་རྒྱས་བསྡུས"
2699339,2702601,3262,"གང་ཞིག་རྩོམ་ནས། སྐྱབས་འགྲོ་དང་། སེམས་བསྐྱེད་མེད་པ་གཅིག་ཀྱང་ཡོད་རྒྱུ་མ་རེད་བཱ། "
2702601,2706219,3618,"དཔེ་དེ་བཞིན་དུ། དེ། སེམས་བསྐྱེད་དེ། རང་ཤུགས་ཀྱིས་ཁས་ལེན་ཚར་རེད།"
2706219,2710201,3982,"དེ། གསང་སྔགས་རྡོ་རྗེ་ཐེག་པའི་ལམ་དུ་དཱ། བླ་མ་ཅིག་གི་སྐུ་མདུན་ནས་དབང་ཅིག་ཞུས།"
2710201,2712519,2318,"བུམ་པ་རྡོག་རྡོག་འདི་གི་ཆུ་ཞིག་བཏུངས་ཚར་ནས་"
2712519,2715130,2611,"གསང་སྔགས་ཀྱི་སྡོམ་པ་དེ་ཐོབ་ཚར་ཡོད་རྒྱུ་རེད།"
2715130,2720043,4913,"དེའི་ཕྱིར་ན། སྡོམ་པ་དེ། རང་གིས་དྲན་པ་དང་ཤེས་བཞིན་གྱིས་ཇི་ཙམ་ནུས་པ་ཅིག་བསྲུངས་དེར།"
2720043,2722739,2696,"མི་ལང་ཚོ་དར་ལ་བབས་པ་ཅིག་ཡིན་ན་འདིའི་"
2722739,2725625,2886,"གདོང་པ་དེ་ཤིན་ཏུ་གཅེས་པ་བྱས་ནས་"
2725625,2728330,2705,"དྲི་མ་ཐམས་ཅད་ཕིས་སེལ། མཛེས་པའི་ཆོས་བརྟོན།"
2728330,2732589,4259,"དཔེ། བྱེད་ཀྱི་རེད། དཔེ་དེ་བཞིན་དུ། དེ། ང་ཚོ་གི་སྡོམ་པ་གསུམ་གྱི་སྤྱོད་པ་འདི་"
2732589,2735720,3131,"མཁན་སློབ་ཀྱི་མདུན་ནས་ཁས་བླང་། ཁས་བླངས་བ་འདི།"
2735720,2739194,3474,"ངོས་དང་ལྐོག་མེད་པའི། མ་འགལ་བ་ཞིག་བྱེད་དགོས་བསམ་ན་"
2739194,2741228,2034,"དེ། སྟོན་པ་ཤཱཀྱ་ཐུབ་པའི་རྗེས་འཇུག་"
2741228,2742895,1667,"དད་ལྡན་འགྲོ་བ་འདྲེན་པའི་མིག་རྟེན།"
2742895,2744905,2010,"འབྱོར་ལྡན་བསོད་ནམས་གསོག་པའི་ཞིང་ས་ཟེར།"
2744905,2747856,2951,"འཕགས་པའི་དགེ་འདུན་གྱི་གྲལ་ན། ན་བཟའ་དམར་པོ་ཞིག་བསྣམས་ཚར་ན་"
2747856,2750837,2981,"ཚུད་ཚར་རེད་དུས། དེ། དོན་དང་ལྡན་པ་ཅིག་མ་མཛད་ན།"
2750837,2753053,2216,"དེ། སྟོན་པ་ཐུགས་རྗེ་ཅན་གྱི་བཀའ་དྲིན་གྱིས་"
2753053,2756712,3659,"དཔེར་ན། དགེ་ཚུལ་སློང་རབ་ཏུ་བྱུང་བ་ཐམས་ཅད་ཀྱི་ན་བཟའ་གི་རྡུལ། "
2756712,2759151,2439,"དམར་པོ། ས་ཐོག་མདོག་ཐོགས་པ་ཐམས་ཅད་ཀྱང་"
2759151,2763019,3868,"ལྷའི་དབང་པོ་ཚངས་པ་དང་བརྒྱ་བྱིན་གྱིས། སངས་རྒྱས་ཀྱི་རྗེས་འཇུག་ཡིན་པར་མངོན་ཏེ།"
2763019,2769667,6648,"དུས་ཀྱི་ཐ་མ་བསྟན་པ་ནུབ་རེང་ཁ་འདིའི་ཐབས་སུ། ཐམས་ཅད་འཁུར་འགྲོ་དུས། ལྷའི་ཡུལ་དུ་མཆོད་རྟེན་བཞེངས་ནས། ཕྱག་ཕུལ། མཆོད་པ་ཕུལ་དགོས་ཚུལ།"
2769667,2775915,6248,"དེ་ལྟ་བུའི་མཆོད་པ་ཕུལ་བའི་ཡུལ་དུ་འགྱུར་བ་དེ། ངོས། རྣམ་པ། ཐུགས་རྒྱུད་སྤང་རྟོགས་ཀྱི་ཡོན་ཏན་དེ་ཡོད་ཆེ་བ་མ་རེད་དེ།"
2775915,2778248,2333,"སྟོན་པ་རྫོགས་པའི་སངས་རྒྱས་བཅོམ་ལྡན་འདས་ཀྱིས།"
2778248,2781900,3652,"ང་ཡི་རྗེས་འཇུག་ཇི་ལྟར་བྱས་ན་ཡང་། །སྐྱེ་བོ་ཕལ་པ་བརྒྱ་ཡི་དོ་ཟླ་མིན། །གསུངས།"
2781900,2783939,2039,"འཕགས་པའི་དགེ་འདུན་གྱི་གྲལ་ལ་བཞུགས་སོང་།"
2783939,2789189,5250,"དེས་རེད་དུས། དེའི་ཕྱིར་དུ་ཕྱིར་མཛེས་པ། ནང་མི་གཙང་བའི་གང་བསྡད་རྫི་མཛད་ན་ཕན་རྒྱུ་མ་རེད་དུས།"
2789189,2791704,2515,"དེའི་ཕྱིར་ན། ཕྱི་ནང་གཉིས་ཀ་གཙང་མ་གིས།"
2791704,2795223,3519,"ཁས་བླངས་པ་དེ་ཙམ་གྱིས། ལྷ་ཕུད་ནས་བཅད་པ་མཐའ་དག་ལས་"
2795223,2799837,4614,"མི་འདའ་བར་བྱེད། དེ་ཡང་། སྡོམ་པ་གསུམ་གྱི་བཅད་མཚམས་ཀྱི་སྲུང་མཚམས་ཐམས་ཅད་ཚོ་ནི།"
2799837,2802072,2235,"རྣམ་གྲངས་བསམ་གྱིས་མི་ཁྱབ་པ་ཡོད་རྒྱུ་རེད་དུས།"
2802072,2804375,2303,"སོ་ཐར་གྱི་སྡོམ་པའི་རྩ་བ། རྩ་བ་བཞི།"
2804375,2806999,2624,"དེ། དགེ་སློང་ཡིན་ན་དེའི་སྟེང་དུ་ལྷག་མ་བཅུ་གསུམ།"
2806999,2812408,5409,"བྱང་སེམས་ཀྱི་སྡོམ་པའི་རྩ་བ་ཡིན་ན། སེམས་ཅན་ཐམས་ཅད་ལ་ཕན་འདོད་ཀྱི་བསམ་པ་བཟང་པོ་དང་སྙིང་རྗེ།"
2812408,2818245,5837,"གསང་སྔགས་ཀྱི་སྡོམ་པའི་རྩ་བ་ཡིན་ན། དེ། རང་གི་རྩ་བའི་བླ་མ་དང་ཡི་དམ་ལྷག་པའི་ལྷ་དབྱེར་མེད་པ་ཤེས་པའི་སྒོ་ནས།"
2818245,2821581,3336,"ལུས་ངག་ཡིད་གསུམ་འདི། ལྷ་འདིའི་སྐུ་གསུང་ཐུགས་ཀྱི་དམ་ཚིག།"
2821581,2824243,2662,"རྡོ་རྗེའི་རང་བཞིན་དུ་ཡོད་བསམ་རྒྱུ་འདི་"
2824278,2826655,2377,"ལམ་ཁྱེར་བྱེད་བསྡད་ན།"
2826655,2829469,2814,"སྡོམ་པ་ཐམས་ཅད་ཀྱི་གནད་འདི་ལ་ཚང་འགྲོ་རེད།"
2829469,2834125,4656,"དེ། ཉམས་ཆག་བྱུང་ནའང་། ཡི་གེ་བརྒྱ་པ་དང་ལྟུང་བ་བཤགས་པ་ལ་སོགས་པས་བཤགས་པ་བྱེད།"
2834125,2836545,2420,"རྟེན་ཁྱད་པར་ཅན་གྱི་དྲུང་ནས་ཕྱག་འཚལ།"
2836545,2839765,3220,"དེ། ཉ་སྟོང་དུས་དྲུག་ལ་སོགས་པ་ལ་ན་རཀ་བཤགས་པ་འདི་འདོན།"
2839765,2844386,4621,"གསང་སྔགས་དམ་ཚིག་ཡོར་བ་ཐམས་ཅད་ཀྱི་མཆོག་ཏུ་གྱུར་པ་ཡིན་བསམ་རྒྱུ་རེད་དུས། བཤགས་པ་བྱས་ན།"
2844386,2847239,2853,"དེ། བཤགས་པས་མི་འདག་པ་གཏན་ནས་ཡོད་རྒྱུ་མ་རེད།"
2847239,2852047,4808,"དེ། ཉིན་མ་རེ་རེ་བཞིན་དུ། རང་གི་སེམས་རྒྱུད་ལ་བརྟག་དཔྱད་བཏང་སྟེ། ཞོག་པ་ཡར་ལྡང་བའི་ཚེ་ན།"
2852047,2854905,2858,"དཔལ་སྤྲུལ་རིན་པོ་ཆེས་སྐུ་རག་ལག་ལ་བཟུང་བ་དང་། "
2854905,2859434,4529,"བྱང་ཆུབ་ཀྱི་སེམས་དྲན་པ་གཉིས་དུས་མཉམ་དགོས་ཚུལ་སློབ་མ་ཐམས་ཅད་ལའི་ཞལ་གདམས་ནང་སྐབས་ལེ་རེད།"
2859434,2862723,3289,"དཔེ་དེ་ལྟ་བུ། དེ། ནངས་པ་གཉིད་སད་མ་ཐག་ཏུ་དཱ།"
2862723,2869973,7250,"རང་གིས་དེ་རིང་། ནམ་མཁའ་དང་མཉམ་པའི་སེམས་ཅན་ཐམས་ཅད་ཀྱི་དོན་དུ། རང་གིས་དགེ་བའི་རྩ་བ་ཇི་ལྟར་ནུས་པ་ཞིག་བྱེད་བསམ་རྒྱུ་གི་དམ་བཅའ་བཟོ།"
2869973,2874785,4812,"དེ་ལྟར་བྱེད་ནུས་པར་དང་བླ་མ་དང་དཀོན་མཆོག་རིན་པོ་ཆེ་རྣམ་པ་གསུམ་གྱིས་ཐུགས་རྗེས་བཟུང་དུ་གསོལ།"
2874785,2876235,1450,"བསམ་པ་གི་སྨོན་ལམ་བྱེད།"
2876235,2878697,2462,"དེ། དོ་དགོང་། ང་ཉལ་རེང་ཁ་ཡིན་ནའང་།"
2878697,2882751,4054,"དེ་རིང་རང་གིས་དགེ་བ་བྱས་གདའ་དང་། སྡིག་པ་བྱས་འགི། རང་གིས་རང་ལ་རྒྱུགས་ལེན།"
2882751,2886641,3890,"སྡིག་པ་མི་དགེ་བ་བྱས་བསྡད་ཡོད་ན། དེ། ད་ལྟ་ཞུས་པ་བཞིན་དུ་ལྟུང་བཤགས་དང་།"
2886641,2888906,2265,"ཡེ་ཤེས་སྐུ་མཆོག་ལ་སོགས་པས་བཤགས་པ་འདོན་ཏེ་"
2888906,2895091,6185,"བཤགས། སང་ཉིན་དེ་ལས་ལྷག་ཙམ་ཅིག་གི་སྤྱོད་པ་དང་དགེ་བ་མ་གཏོགས་སྡིག་པ་མི་དགེ་སྦྱངས་པ་གི་དམ་བཅའ་བཞག"
2895091,2902326,7235,"དེ། དགེ་བ་བྱེད་འདུག་ན་ནི། རང་གིས་དམ་པའི་ཆོས་ཐོས་པའི་དོན་པོ་ཅུང་ཟད་བྱུང་འདུག་བསམ་སྟེ། འདི་དགེ་བ་དེ་དག་ཐམས་ཅད་སེམས་ཅན་གྱི་དོན་དུ་བསྔོ།"
2902326,2905636,3310,"དེ་ལྟ་བུའི་སྤྱོད་པ་བྱས་ན། དཔེར་ན་བྲམ་ཟེ་སྒྲ་མཁན་གྱིས།"
2905636,2907706,2070,"ཟེར་མཁན་གྱི་རྒྱ་གར་གྱི་དགེ་སློང་ཅིག།"
2907706,2910999,3293,"རང་གི་སེམས་ལ་དགེ་བའི་རྟོག་པ་རེ་སྐྱེ་དུས། རྡེའུ་དཀར་པོ་བཞག"
2910999,2914569,3570,"སྡིག་པའི་རྟོག་པ་རེ་སྐྱེ་དུས། རྡེའུ་ནག་པོ་བཞག་དུས། དང་པོའི་དུས་"
2914569,2917380,2811,"རྡེའུ་ནག་པོ་མ་གཏོགས་དཀར་པོ་གཏན་ནས་མ་བྱུང་བ་རེད།"
2917380,2919069,1689,"དེ། དེ་མི་འབྱུང་བ་ཤེས་དུས།"
2919069,2922429,3360,"དགེ་བའི་སེམས་སྐྱེ་དགོས་འདུག་བསམ། འདུན་པ་བཞག། བརྩོན་འགྲུས་རྩོམ།"
2922429,2927033,4604,"བར་ལམ་རི་རབ་གང་ལ་བསྟེན་ནའང་དཀར་ནག་ཆ་སྙོམས་པ་ཅིག་བྱུང་རེད།"
2927033,2933389,6356,"དེ། ད་དུང་ཡང་གོམས་པར་བྱེད་དུས། ཐད་ཀར་རྡེའུ་དཀར་པོ་མ་གཏོགས་ནག་པོ་གཏན་ནས་མེད་པ་བྱུང་ཡོད་པ། སྔར་གྱི་གཏམ་རྒྱུད་དུ་ཡོད་རྒྱུ་རེད།"
2933389,2940570,7181,"དེ། དེ་ལྟ་བུའི་འདུས་བྱས་ཀྱི་དངོས་པོ་དེ། རང་གིས། ནང་གི་ཡོན་ཏན་དང་ལྡན་པ། ཐུགས་རྗེ་ཡིད་འཕྲོག་གི་གང་ཟག་ལྟ་བུ་ཡིན་ན་མ་གཏོགས་ཡོད་རྒྱུ་མ་རེད།"
2940570,2944784,4214,"དེ། རང་གི་རྒྱུད་ལ་ཚུལ་བཞིན་དུ་བསླབ་ན། གོམས་ན་སླ་བར་མི་འགྱུར་བའི། །"
2944784,2947453,2669,"དངོས་དེ་གང་ཡང་ཡོད་མ་ཡིན། །གསུང་རྒྱུ་འདི་རེད་དུས།"
2947453,2950963,3510,"སྔར་ཁྱིམ་བདག། དཔེར་ན། ཤིན་ཏུ་ལག་པ་དམ་པོ་སེར་སྣ་ཅན་ཅིག་ལ།"
2950963,2955540,4577,"སྟོན་པ་ཐུགས་རྗེ་ཅན་གྱིས་སྦྱིན་པར་བྱེད་པར་བཀའ་གནང་འོང་དུས། དེ། ཁོས་སྦྱིན་མི་ནུས་ཟེར་ཞུས་དུས།"
2955540,2958095,2555,"ཁྱོད་ཀྱི་ལག་པ་གཡས་པ་དེ་རང་གི་འདུ་ཤེས་བཞག།"
2958095,2963469,5374,"གཡོན་པ་འདི་གཞན་གྱི་འདུ་ཤེས་བཞག། སྔོ་ཚོད་མ་ལ་སོགས་པ་གཡས་དེས་གཡོན་དུ་སྦྱིན། གོམས་པར་བྱེད་ཟེར།"
2963469,2966773,3304,"དེ། ཁོས་གཡས་ནས་གཡོན་དུ་སྦྱིན་དུས་དང་པོ་སེར་སྣ་མང་པོ་བྱས།"
2966773,2969307,2534,"དེ། གོམས་འགྲོ་དུས། གཡས་ནས་གཡོན་དུ་སྦྱིན་དུས་"
2969307,2970639,1332,"སེར་སྣ་མེད་པ་རེད།"
2970639,2976064,5425,"དེ། དེའི་རྗེས་སུ། དཱ་ཁྱོད་འབྲུ་དང་ནོར་དང་རིན་པོ་ཆེ་ལ་སོགས་པ་གཡས་ནས་གཡོན་ལ་དེ་འདྲའི་ཞིག་བྱས་ན།"
2976064,2979620,3556,"སེར་སྣ་སྐྱེས་ཨེ་འདུག་ལྟོས་གསུངས་དུས། སེར་སྣ་མི་སྐྱེ་བར་གོམས་འགྲོ་དུས།"
2979620,2982236,2616,"རྗེས་སུ་ཁོས་མི་ཐམས་ཅད་ལ་སྦྱིན་པ་བཏང་འོང་དུས།"
2982236,2985834,3598,"སྦྱིན་པ་རྒྱ་ཆེན་པོ་བྱས་ཏེ། གསོག་འཇོག་གཏན་ནས་མེད་པ་འབྱུང་རྒྱུ་རེད་དུས།"
2985834,2987749,1915,"ཚུལ་བཞིན་དུ་བསྒོམ་ན་དེ་བཞིན་དུ་"
2987749,2994127,6378,"བསྒོམ་རྒྱུ་ཡོད་རྒྱུ་རེད་མ་གཏོགས། བསྒོམ་པ་དེ་ལའང་བརྩོན་པ་ཡུན་རིང་པོ་རྩོམ་དགོས་རེད་ཟེར་མ་གཏོགས། བདག་ཅག་གི་སྟོན་པ་ཤཱཀྱའི་རྒྱལ་པོ་འདི་དཱ།"
2994127,3000243,6116,"བསྐལ་བཟང་སངས་རྒྱས་སྟོང་གི་ནང་ནས་བརྩོན་འགྲུས་ཀྱི་ཕ་རོལ་ཏུ་ཕྱིན་སོང་རྫི་གིས་དེ། ཁྱོད་ནི་བརྩོན་འགྲུས་ཆེ་བས་རྫོགས་སངས་རྒྱས། །ཟེར་"
3000243,3002676,2433,"བསྐལ་པ་གྲངས་མེད་གསུམ་གྱི་སྒོ་ནས་རྫོགས་སངས་རྒྱས་སོང་རེད། "
3002676,3005428,2752,"དེ། ང་ཚོ་ཐམས་ཅད་འདིའི་རྗེས་འཇུག་རེད་དུས། དཔེར་ན།"
3005428,3008161,2733,"བླ་མ་གི་མཛད་པ་འདི་སློབ་མས་ལད་མོ་བྱེད་རྒྱུ།"
3008161,3010382,2221,"རྒྱལ་པོའི་མཛད་པ་དེ་བློན་པོས་བྱེད་དགོས་རྒྱུ་རེད་དུས།"
3010382,3018930,8548,"དཔེ་དེ་ལྟར། རང་་་་་དུས་རྟག་ཏུ་མ་བརྩོན་ན་ཉིན་མ་གཅིག། ཉིན་མ་གཉིས་ཙམ་ཅིག་བརྩོན་འགྲུས་བྱས་ན་ཚེ་རབས་ཐོག་མ་མེད་པ་ནས་ད་ལྟ་ཡན་ཆོད་དུ་"
3018930,3022176,3246,"འཁོར་བར་འཁྲུལ། འཁོར་བར་འཁྱམས། འཁོར་བ་ལས་གོམས་སོང་ལེ་རེད།"
3022176,3023975,1799,"དེའི་ཕྱིར་ཕྲན་པོས་འོང་རྒྱུ་མ་རེད་དུས།"
3023975,3027143,3168,"དེའི་ཕྱིར་ན་སྙིང་རུས་་་་་དུ་མེད་པ་ཡང་ནས་ཡང་དུ་བྱས་ཏེ།"
3027143,3030389,3246,"སོ་བྱང་སྔགས་གསུམ་གྱི་སྡོམ་པ་ཚུལ་བཞིན་དུ་བསྲུངས་བས།"
3030389,3033535,3146,"དེ། སེམས་རྒྱུད་ལ་ཉེས་པའི་དྲི་མས་མ་གོས་པའི་ཕྱིར།"
3033535,3035522,1987,"དེ། ཤིན་ཏུ་དྭངས་པར་འགྱུར་ནས།"
3035522,3042070,6548,"དེ། ཚུལ་ཁྲིམས་གཙང་མའི་གང་ཟག་འདི། དཔེར་ན། དགེ་སློང་སྤོང་བ་བསམ་གཏན་པ། ཆོས་གོས་དང་འཚོ་བའི་ཡོ་བྱད་ཙམ་ལས་གཞན་མེད་པ་ཞིག་ཡིན་ན།"
3042070,3043961,1891,"དབེན་པ་ཅིག་ནས་དགོངས་པ་རྫོགས་འོངས་ན།"
3043961,3047165,3204,"གང་ལའང་ཆགས་ཞེན་མེད་པ་དང་། སྐྱེ་བ་ཕྱི་མའང་།"
3047165,3051328,4163,"རབ་ཞིང་ཁམས། དེ་ལྟར་མ་བྱུང་ནའང་མཐོ་རིས་ལྷ་དང་མིའི་གནས་ལ་འགྲོ་ཆོག་"
3051328,3053385,2057,"དགོངས་པ་གིས་སྟོང་སེ་སིང་ཞིག་འོང་རྒྱུ་རེད།"
3053385,3056896,3511,"དཔེ་དེ་ལྟ་བུའི་སྤྱོད་པ་དེ་བདག་གིས་བྱེད། བསམ་རྒྱུ་མ་བྱེད་ན།"
3056896,3059704,2808,"དེ། རྫ་རེ་རྫོ་རེ་མང་པོ་ཡོད་ནའང་། ཤི་འོང་བའི་ཚེ་ན།"
3059704,3064323,4619,"ཚེ་འདིའི་ཞིང་ཁ་ལ་ཞེ་ཆགས། ཕ་མ་ལ་ཞེ་ཆགས། སྤུན་མཆེད་དང།"
3064323,3067229,2906,"བུ་ཚ། བུད་མེད་དག་ལ་ཞེ་ཆགས་དུས།"
3067229,3069750,2521,"དཱ་ང་ཕ་རོལ། འཇིག་རྟེན་ཕྱི་མའི་ལམ་ལ་འགྲོ་དགོས་རེད།"
3069750,3071760,2010,"འདི་ན་ཤུལ་དུ་ལུས་སོང་མཁན་དེ་རྣམས་"
3071760,3077490,5730,"ཆགས་ནའང་སྡང་ནའང་ང་མེད་ན་ཅིས་རུང་་་་ཕན་དེ་འདྲ་བྱས། ང་ཡང་དེ་སྔོན་སྡིག་པ་མ་གཏོགས་དགེ་བ་མ་བྱས་དུས།"
3077490,3080989,3499,"བར་དོའི་འཁྲུལ་རིམ་དེ་འདྲའི་བྱས་བསམ། འགྱོད་པ་ཞིག་རང་ཤུགས་ཀྱིས་འོང་རྒྱུ་རེད།"
3080989,3084936,3947,"དེ། སྤོང་པ་རབ་ཏུ་བྱུང་བ་ཞིག་གིས་བླ་མ་དང་སྟོན་པ་ལ་ཡིད་ཆེས་ན།"
3084936,3089538,4602,"དེ། རྗེས་བཙུན་མི་ལ་གསུང་རྫི་ལྟར་དུ། ཕྱི་ན་མི་རྗེས་མེད་པ་དང་། །ནང་ལ་ཁྲག་རྗེས་མེད་པ་ཡི། །"
3089538,3093665,4127,"རི་ཁྲོད་འདི་རུ་ཤི་ནུས་ན། །རྣལ་འབྱོར་བསམ་པ་རྫོགས་པ་ཡིན། །ཟེར་ནས་དེ་ལྟ་བུའི་"
3093665,3095571,1906,"འགྱོད་པ་མེད་པའི་གནས་ཐོབ་ཅིང་།"
3095571,3099214,3643,"དེ་ཡིས། སེམས་དྲན་པ་དང་ཤེས་བཞིན་གྱིས་ལས་སུ་རུང་བས།"
3099214,3102865,3651,"མདོ་སྡེའི་སྡེ་སྣོད་ཀྱི་གཙོ་བོར་བསྟན་བྱའི་སྙིང་པོ་གསུངས། དེ་འདི།"
3102865,3106994,4129,"ཞི་གནས་དང་ལྷག་མཐོང་གི་ཏིང་ངེ་འཛིན་བསྒོམ་པ་དུ་མ་ལས་བྱུང་གསུངས།"
3106994,3112062,5068,"དཱ་དེ། མདོ་སྔགས་གང་གི་ལམ་ནས་བྱས་ན། དཔེར་ན། བཀའ་གདམས་པའི་དགེ་བའི་བཤེས་གཉེན་རྣམས་པའི་གདམས་ངག་གི་སྙིང་པོ།"
3112062,3117897,5835,"ད་ལྟ། བློ་སྦྱོང་དོན་བདུན་མ་ཞེས་བྱ་བ་ཡོད་པ་འདིའི་ནང་དུ་ཞི་གནས་དང་ལྷག་མཐོང་སྒྲུབ་རིགས་ཡོད་རྒྱུ་རེད།"
3117897,3122454,4557,"དེ། ཕྱག་ཆེན་གྱི་གདམས་ངག་ཐམས་ཅད་ཀྱི་ནང་ནས་སངས་རྒྱས་ཀྱི་སྐུ་གཟུགས་ལ་སེམས་བཟུང་སྟེ་ཞི་གནས་"
3122454,3126931,4477,"ལྷག་མཐོང་གཉིས། སེམས་གཉིས་ལྡན་འདི་དུ་ངོ་འཕྲོད་པ་ལྷག་མཐོང་གི་གདམས་པ་ཡོད་རྒྱུ་དེ་རེད།"
3126931,3130042,3111,"དེ། མི་ཕམ་རིན་པོ་ཆེས། ཐུབ་ཆོག་རྒྱབ་ཆོས་པདྨ་དཀར་པོའི་ནང་།"
3130042,3135411,5369,"སྟོན་པའི་སྐུ་གཟུགས་ལས་སེམས་བཟུང་སྟེ་ཞི་ལྷག་སྒོམ་པའི་ཚུལ་ཡོད་རྒྱུ་དེ་ལྟ་བུ་ཚུལ་བཞིན་དུ་བསླབ་སྟེ།"
3135411,3141088,5677,"ཡང་ནས་ཡང་དུ་སྒོམ་པར་བྱེད་ན། དེ། ཞི་ལྷག་གི་ཏིང་ངེ་འཛིན་གྱི་སྒོ་དུ་མ་ལ་འཇུག་ཅིང་ལྡང་།"
3141088,3144224,3136,"གཞི་ལ་ཕོག་པའི་ཡུལ་དུ་དུས་ཚོད་བཟུང་བའི་སྐབས་ཡིན་ན།"
3144224,3147779,3555,"ཞི་གནས་དང་ལྷག་མཐོང་གི་ཏིང་ངེ་འཛིན་ལ་མཉམ་པར་བཞག་པ་དེ།"
3147779,3152644,4865,"དེ། སྔོན་ཕྱི་བཞག། རང་ཤུགས་ཀྱིས་ཐབས། རླུང་སེམས་ཕྲ་མོ་ལས་སུ་རུང་བའི་རྫུ་འཕྲུལ་བ་དེ་འཐོབ་རྒྱུ་རེད།"
3152644,3157873,5229,"དེ། དེང་སང་གང་ཟག་ཐམས་ཅད་མེད་པ་ལ། ཕྱག་རྫོགས་ཀྱི་གདམས་ངག་ཚེ་ཐུང་བ་ཟླ་བ་ལ་ལྟ་བ་ལྟ་བུ་ཡོད་རྒྱུ་རེད་དུས།"
3157873,3159684,1811,"ཚུལ་བཞིན་དུ་ཉམས་སུ་མ་ལེན་དུས།"
3159684,3164316,4632,"ཞི་གནས་དང་ལྷག་མཐོང་རྩ་ནས་རྒྱུད་ལ་མེད་དུས། ཆོས་ཉིད་མངོན་སུམ་གྱི་དོན་རྟོགས་པ་ལྟ་བུ་རེད་དུས།"
3164316,3169431,5115,"དེའི་ཕྱིར་ན། ཞི་གནས་དང་ལྷག་མཐོང་གི་སྒོ་དུ་མ་ལ་འཇུག་ཅིང་ལྡང་བའི་བསམ་གཏན་རྩེ་གཅིག་པ་དང་།"
3169431,3173393,3962,"དེ། ཞི་གནས་དང་ལྷག་མཐོང་། སེམས་རྟོག་མེད་རྐྱང་པ་གནས་བཞག་གནས་རྒྱུ་མ་རེད།"
3173393,3175966,2573,"མངོན་པའི་སྡེ་སྣོད་ཀྱི་བསྟན་བྱའི་གཙོ་བོ་"
3175966,3178500,2534,"སྙིང་པོ་བསྒོམས་པ། ཐེག་པ་ཆེན་པོའི་ལམ་ཡིན་ན་"
3178500,3180413,1913,"ས་བཅུ་ལམ་ལྔ་ཡི་རྣམ་གཞག།"
3180413,3182561,2148,"དེ་རང་གི་རྒྱུད་ལ་བསྒོམ་ཚུལ་ཇི་ལྟར་བྱེད།"
3182561,3185197,2636,"ཐེག་པ་ཆེན་པོའི་ལམ་དུ་ཞུགས་ན་ཇི་ལྟར་དགོས།"
3185197,3190798,5601,"ཡང་ནས་ཡང་དུ་དེ་བྱས་ན། དེ། བསྒོམས་པ་ལས་བྱུང་བའི་ཆོས་རབ་ཏུ་རྣམ་པར་འབྱེད་པའི་ཤེས་རབ་ཁྱད་པར་ཅན་སྐྱེ་ཞེས་"
3190798,3192567,1769,"མདོ་དང་བསྟན་བཅོས་དུ་མ་ལས་"
3192567,3196511,3944,"རྒྱ་ཆེར་གསུང་ཞིང་། དེ་མ་ཟད། དེ་སྐད་དུའང་སློབ་དཔོན་འཕགས་པ་ཀླུས།"
3196511,3200573,4062,"སྙིགས་མའི་སློབ་དཔོན་ཀླུ་སྒྲུབ་འདི་ཡིས། ལྷག་པའི་ཚུལ་ཁྲིམས་ལྷག་པའི་བསམ་པ་དང་། །"
3200573,3206640,6067,"ལྷག་པའི་སེམས་ལ་རྟག་ཏུ་བསླབ་པ་སྟེ། །བསླབ་པ་བརྒྱ་ལྔ་བརྒྱ་རྩ་ལྔ་བཅུ་ལྷག་གཅིག་ཀྱང་། །"
3206640,3209402,2762,"གསུམ་པོ་འདི་ནང་ཡང་དག་འདུ་བར་འགྱུར། །ཞེས་གསུངས།"
3209402,3213913,4511,"དོན་དུ་བསླབ་པ་ཟེར་མཁན་སྒྲ་འཇུག་རྫི་གང་རེད་ཟེར་ན། དེ། འཇིག་རྟེན་ཕལ་པ་རྣམས་ཡིན་ནའང་།"
3213913,3216746,2833,"དེ། བསྙེན་གནས་ཡན་ལག་བརྒྱད་པ་གི་སྡོམ་པ་ལྟ་བུ་གི།"
3216746,3218562,1816,"དེ། དུས་ཁྲིམས་བསྲུང་རྒྱུ་ཡོད་རེད།"
3218562,3220208,1646,"ཕྱི་རོལ་མུ་སྟེགས་པ་རྣམས་ལའང་།"
3220208,3227304,7096,"དགེ་སྡིག་བླང་འདོར་བྱེད་པ་ལ། བླང་འདོར་ཕྱིར་དུ་གཟར་པ་དང་རི་རབ་ཀྱི་གནས་སོགས་རང་ཉིད་གཅིག་པུ་དཀའ་སྤྱད་ཆེན་པོ་བྱས་ཏེ་སྡོད་ཀྱི་རེད།"
3227304,3233194,5890,"དེ་ལྟ་བུ་དང་མི་འདྲ་བ། ང་ཚོ་ནང་པ་སངས་རྒྱས་པ། སོ་བྱང་སྔགས་གསུམ་གྱི་བསླབ་པ་དེ་ཚུལ་བཞིན་དུ་བསྲུངས་ན།"
3233194,3238094,4900,"ངེས་བྱུང་གི་ཚུལ་ཁྲིམས་རྣམ་པར་དག་པ་ཅིག་ཡོད་ན། འཁོར་བ་ནས་རང་ཤུགས་ཀྱིས་འདོན་འགྲོ་རྒྱུ་རེད་དུས།"
3238094,3240112,2018,"དེའི་ཕྱིར་ན། གཞན་ལས་ལྷག་པ་ཡིན།"
3240112,3243122,3010,"ཁྱད་པར་དུ་འཕགས་པ་ཡིན་པའི་ཕྱིར་ན། ལྷག་པའི་ཚུལ་ཁྲིམས་རེད།"
3243122,3245149,2027,"དེ་ནས། གོང་གི་བཤད་པ་ལྟར་དུ།"
3245149,3250369,5220,"དེའི་སྟེང་དུ། ལྷག་པའི་གི་ཤེས་རབ་དང་། ལྷག་པའི་སེམས་ཏེ།"
3250369,3252958,2589,"ཏིང་ངེ་འཛིན་ལ་དུས་རྟག་ཏུ་བསླབ་པར་བྱས་ན། "
3252958,3258815,5857,"དེ། སངས་རྒྱས་ཀྱིས་བསླབ་པ་བརྒྱ་རྩ་ལྔ་བཅུ་ལྷག་ཅིག་གསུངས་པ་དེ་ཐམས་ཅད་དེའང་། བསླབ་པ་གསུམ་གྱི་ནང་དུ་འདུ་བ་ཡིན་"
3258815,3260505,1690,"གསུངས་དུས། འདུས་པ་དེ་ལྟར་དུ།"
3260505,3262309,1804,"བསླབ་པ་གསུམ་གྱི་ཡོན་ཏན་ཤེས།"
3262309,3264452,2143,"བསླབ་པ་གསུམ་མེད་ན་ཉེས་པ་ག་འདྲའི་ཡོད།"
3264452,3266700,2248,"བསླབ་པ་གསུམ་ཡོད་ན་ཡོན་ཏན་ག་ཚོད་ཡོད།"
3266700,3271909,5209,"བསླབ་པ་གསུམ་དེ་རང་གི་རྒྱུད་ལ་ཇི་ལྟར་ཡོང་ན། ཇི་ལྟར་དགོས་ཐམས་ཅད་ཚུལ་བཞིན་དུ་བསླབ་པར་བྱས་ན།"
3271909,3274048,2139,"དེ། རིམ་པ་བཞིན་དུ་འབྱུང་འོང་རྒྱུ་རེད་དུས།"
3274048,3277148,3100,"དེ་ལྟར་བྱ་དགོས་སོ་ཞེས་གསུངས་པའི་ཕྱིར་རོ།"
3277148,3279593,2445,"དེ་རིང་གི་ཆོས་་་་་པ་འདི་"
3279593,3283376,3783,"ཐུན་མོང་དུ་ཕ་རོལ་ཏུ་ཕྱིན་པའི་ལམ་དུ། ཁྱད་པར་སྔགས་ཀྱི་ལམ་ལ་སློབ་པའི་ཚུལ་"
3283376,3286777,3401,"གཉིས་ཡོད་པའི་ནང་ནས། དང་པོ་ཐུན་མོང་ཕ་རོལ་ཏུ་ཕྱིན་པའི་ལམ་"
3286777,3289334,2557,"བསླབ་པའི་ཚུལ་དེ་ལའང་།"
3289334,3291777,2443,"ལམ་གྱི་རྩ་བ་བཤེས་གཉེན་བསྟེན་ཚུལ་དང་།"
3291777,3295181,3404,"བསྟེན་ནས་ཇི་ལྟར་ཉམས་སུ་བླང་བའི་ཚུལ་གཉིས་ཡོད་པའི་ནང་ནས།"
3295181,3296620,1439,"དང་པོ་སོང་ཟིན་ཏེ།"
3296620,3300016,3396,"གཉིས་པ་བསྟེན་ནས་ཇི་ལྟར་ཉམས་སུ་བླང་བའི་ཚུལ་བསྟན་པ་དེ་ལའང་།"
3300016,3304891,4875,"ལམ་སྤྱིར་བསླབ་པ་དང་། བྱེ་བྲག་བསླབ་པ་གསུམ་ལ་བསླབ་པར་གདམས་པ་འདི་ནང་ནས།"
3304891,3308358,3467,"ལམ་སྤྱིར་བསླབ་པ་འདི་དང་། བྱེ་བྲག་"
3308358,3311906,3548,"བསླབ་པ་གསུམ་ལ་བསླབ་པའི་རིམ་པ་འདི་ཉིད་ཚང་ཟིན་ཏེ།"
3311906,3316213,4307,"གཉིས་པ་དེ་ཡང་། ལྟ་སྤྱོད་ཀྱི་སྒོ་ནས་དག་པར་བྱ་བའི་ཚུལ་བསྟན་པ་འདི་ལ།"
3316213,3318863,2650,"མདོར་བསྟན་པ་དང་། རྒྱས་པར་བཤད་གཉིས་ནས།"
3318863,3320608,1745,"དང་པོ་མདོར་བསྟན་པ་འདི་ནི།"
3320608,3325642,5034,"དེ་བས་བསླབ་པ་གསུམ་ཉིད་ལ། །ཞེས་པ་ལ་སོགས་པའི་སྒོ་ནས་བསྟན་པར་མཛད་པ་དེ།"
3325642,3333061,7419,""
3333061,3337270,4209,"་་་གསུམ། འདིའི་རྒྱུ་མཚན་ཕྱིར་དུ་དགེ་བའི་བཤེས་གཉེན་བསྟེན་ཟིན་ནས།"
3337270,3340356,3086,"ཚུལ་གནས་ཐོས་དང་བསམ་ལྡན་པས། །སྒོམ་པ་ལ་ནི་རབ་ཏུ་སྦྱོར། །"
3340356,3343200,2844,"ཞེས་བྱ་བའི་རྒྱུ་མཚན་དེ་ལྟར་ཡིན་པའི་ཕྱིར་ན།"
3343200,3347539,4339,"དེ། སྤྱིར་བཏང་གིས། ཐེག་པ་ཆེན་པོ་བྱང་ཆུབ་སེམས་དཔའི་ཐེག་པ་ཡིན་ནའང་འདྲ།"
3347539,3350352,2813,"ཆུང་ངུ་ཉན་རང་གི་ཐེག་པ་གང་ཡིན་ཡང་རུང་སྟེ།"
3350352,3354298,3946,"ལམ་བསླབ་པ་གསུམ་པོ་དེ་ཉིད། ལམ་ཐམས་ཅད་འདིས་མདོར་བསྡུས་པ་ཡིན་པས་"
3354298,3357494,3196,"དེ་ནན་ཏན་སྙིང་པོར་བྱ་བ་གཞིར་བཞག་པའི་སྒོ་ནས།"
3357494,3360647,3153,"བྱེ་བྲག་ཏུ་བསམ་པ་དམན་པ་རང་དོན་ཡིད་བྱེད་ཀྱི་"
3360647,3364238,3591,"བློ་དང་ལྡན་པ་འགྱུར་བ། ཉན་ཐོས་དང་རང་རྒྱལ་གྱི་ལམ།"
3364238,3367568,3330,"བསམ་པ་མཆོག་ཏུ་འགྱུར་བ། མཁའ་ཁྱབ་ཀྱི་སེམས་ཅན་གཞན་ལ་"
3367568,3369305,1737,"ཆེད་དུ་དམིགས་པར་འགྱུར་བ་གི་"
3369305,3372006,2701,"གཞན་དོན་གྱི་བློ་ཡོད་པ་ཐེག་པ་ཆེན་པོ།"
3372006,3374905,2899,"དེ་ལས་ཀྱང་ཁྱད་པར་གཞན་གྱི་དོན་དེའང་"
3374905,3378055,3150,"མྱུར་བར་འགྲུབ་པར་བྱེད་པ་གསང་སྔགས་རྡོ་རྗེའི་ཐེག་པའི་ལམ་སྟེ།"
3378055,3381372,3317,"དེའི་བྱེ་བྲག་གིས། དམན་པ་ཉན་རང་དགྲ་བཅོམ་པ་དང་"
3381372,3385460,4088,"མཆོག་རྫོགས་པའི་བྱང་ཆུབ་ཀྱི་གོ་འཕང་དང་། དེ་ཉིད་ཀྱང་ཚེ་འདི་ཁོ་ན་ལ་སོགས་པའི་"
3385460,3390040,4580,"དུས་ཐུང་ངུས་འགྲུབ་པར་བྱེད་པའི་འབྲས་བུ་གསང་སྔགས་རྡོ་རྗེའི་ཐེག་པའི། སོ་སོར་འབྱིན་པ་སྟེ།"
3390040,3392283,2243,"དེ་ལྟ་བུའི་ཐེག་པ་"
3392283,3396055,3772,"ཆེ་འབྲིང་ཆུང་གསུམ་པོ་ཡོད་པ་དེ་དག་གི་རྒྱུ་མཚན་ཀྱང་།"
3396055,3401528,5473,"གང་ཟག་གི་བདག་མེད་ཙམ་རྟོགས་པར་འགྱུར་བ་ཉན་ཐོས་ཀྱི་ཐེག་པ་ཞེས་བྱ་བ་སྟེ།"
3401528,3409006,7478,"ཨཱ་རྟོགས་པ་དང་། ཆོས་ཐམས་ཅད། གང་ཟག་དང་ཆོས་གཉིས་ཀ་གི་བདག་མེད་རྟོགས་པར་འགྱུར་བའི་བྱང་ཆུབ་སེམས་པའི་ཐེག་པ་དང་།"
3409006,3417347,8341,"ཆོས་ཐམས་ཅད་བདེན་གཉིས་དབྱེར་མེད། བདེན་པ་གཉིས་བླང་འདོར་དུ་མི་ལྟ་བ། དབྱེར་མེད་དུ་རྟོགས་པའི་ལྟ་བས་ཁྱད་པར་དུ་བྱས་པ་གསང་སྔགས་རྡོ་རྗེའི་ཐེག་པ་ཡིན་པ་མཐོང་ནས།"
3417347,3421458,4111,"དེ་མཚུངས་པར། དེ་གསུམ་ཀ་ལྟ་བ་རྣམ་པར་དག་པའི་ཚུལ་གཏན་ལ་ཕབ་ནས།"
3421458,3425418,3960,"ལྟ་བ་དེའི་རྩིས་ཟིན་པའི་སྒོ་ནས་སྤྱོད་པ་རྣམ་པར་དག་པ་ལ་སློབ།"
3425418,3427811,2393,"བསླབ་པར་བྱ་སྟེ། མདོ་སྡུད་པ་ལས། "
3427811,3431480,3669,"སྦྱིན་པ་སྦྱིན་པའི་སྔོན་དུ་འགྲོ་བ་ཤེས་རབ་སྟེ། །ཞེས་ལ་སོགས་པ།"
3431480,3433539,2059,"ཤེས་རབ་ཀྱི་ཕ་རོལ་ཏུ་ཕྱིན་པ་"
3433539,3435388,1849,"གཞན་ཐམས་ཅད་ཀྱི་སྔོན་དུའང་"
3435388,3440584,5196,"ཤེས་རབ་ཉིད་འགྲོ་དགོས་པར་བསྟན་པ་"
3440584,3443113,2529,"ཉིད་དང་། སློབ་དཔོན་འཕགས་པས་ཀྱང་། "
3443113,3446311,3198,"ཚུལ་ཁྲིམས་ལས་ལྡན་ཉམས་སླའི། །ལྟ་ལས་དེ་ལྟ་མ་ཡིན་ནོ། །"
3446311,3448012,1701,"ཚུལ་ཁྲིམས་ལས་ལྡན་མཐོ་རིས་དང་། །"
3448012,3449710,1698,"ལྟ་བས་གོ་འཕང་མཆོག་ལ་གཞོལ། །"
3449710,3454868,5158,"ཞེས་པ་དེ། ཐར་པ་དང་ཐམས་ཅད་མཁྱེན་པའི་གོ་འཕང་མ་ནོར་བ་འཐོབ་བྱེད་ཀྱི་རྩ་བ་འདི་གང་ཡིན་ཟེར་ན། "
3454868,3456178,1310,"ལྟ་བ་འདི་ཡིན་རྒྱུ་རེད།"
3456178,3460303,4125,"ལྟ་བ་རྣམ་པར་དག་པ་ཞིག་བྱུང་ན། ཐེག་པ་ཆེན་པོའི་ལམ་མིང་དང་དོན་མཚུངས་པ་"
3460303,3461498,1195,"མངོན་སུམ་དུ་འོང་གི་རེད།"
3461498,3463464,1966,"ལྟ་བ་རྣམ་པར་དག་པ་མ་བྱུང་ན།"
3463464,3466580,3116,"ཁ་གིས་ཐེག་པ་ཆེན་པོ་ཟེར་ན། དོན་གྱི་ཐེག་པ་ཆེན་པོ་"
3466580,3470804,4224,"འགྲོ་གི་མ་རེད། ཐར་ལམ་འཐོབ་བྱེད་ཀྱི་ལྟ་བ་མཐར་ཐུག་པའི་ལམ་དེ།"
3470804,3474861,4057,"ལྟ་བ་ཡིན་པས་ན། འདི་རྒྱུ་མཚན་དང་བཅས་ཏེ་གསུངས་པའི་ཕྱིར་རོ། ཞེས་སོ།"
3474861,3478132,3271,"དཱ་གཉིས་པ་ལྟ་བ་རྣམ་པར་དག་པ་དངོས་བཤད་པ་ལ་གཉིས་ཏེ།"
3478132,3479747,1615,"ལྟ་བ་རྣམ་པར་དག་པ་དང་། "
3479747,3482139,2392,"སྤྱོད་པ་རྣམ་པར་དག་པར་བྱ་བའི་ཚུལ་ལོ། "
3482139,3487172,5033,"དེ་ལ་ཡང་དང་པོ་ལྟ་བ་རྣམ་པར་དག་སོང་ན། ལྟ་བ་འདིས་སྤྱོད་པ་དེ་ཡང་རྣམ་པར་མ་དག་ན།"
3487172,3492656,5484,"སྤྱོད་པ་དུས་ཚོད་དང་འབྲེལ་བ་ཞེས་བྱ་བ་དེ། རང་གི་དགོས་ཚོད་ལ་དཔག་པའི་སྤྱོད་པ་བྱེད་མ་ཤེས་ན།"
3492656,3495250,2594,"ལྟ་བ་འདི། ཡར། འབོག་བྱེད་དགོས་རྒྱུ་རེད་དུས།"
3495250,3496607,1357,"ལྟ་བ་འབོག་ཉིད་འཛེར་དང་།"
3496607,3500504,3897,"ལྟ་བས། དེ་ལས་འགྲོ་བ་ཐམས་ཅད་སྤྱོད་པས་བྱེད་དགོས་པའི་ཕྱིར། དགོས་པ་ཡིན།"
3500504,3503698,3194,"དེ། དེའི་ནང་ནས་དང་པོ་ཐར་བྱེད། ཐར་པ་འཐོབ་བྱེད་ཀྱི་ལམ་"
3503698,3508153,4455,"མ་ནོར་བ་ཚུལ་བཞིན་དུ་བསྟན་པར་བྱེད་པ། ལྟ་བ་རྣམ་པར་དག་པ་བཤད་པ་དེ་ལའང་།"
3508153,3510592,2439,"གང་ཟག་གི་བདག་མེད་གཏན་ལ་འབེབས་པ་དང་།"
3510592,3513395,2803,"ཆོས་ཀྱི་བདག་མེད་གཏན་ལ་འབེབས་ཚུལ་གཉིས་ཡོད་པའི་ནང་ནས།"
3513395,3517059,3664,"དང་པོ་གང་ཟག་གི་བདག་མེད་པ་འདི་ཉིད་"
3517059,3520218,3159,"གཏན་ལ་འབེབས་པར་བྱ་བའི་ཕྱིར་དུ་"
3520218,3522085,1867,"དེ་ཉིད་བསྟན་པར་བྱེད་པ་སྟེ།"
3522085,3525436,3351,"དེ་ཇི་ལྟར་གཏན་ལ་འབེབས་པའི་ཚུལ། གང་ཡིན་བཤད་ན།"
3525436,3528899,3463,"ཐོག་མར་ལྷན་སྐྱེས་ཀུན་བརྟག་གི། །"
3528899,3533740,4841,"བདག་ནི་རིགས་པས་རྣམ་དཔྱད་ན། །གཅིག་དང་དུ་མའི་རང་བཞིན་གྱིས། །གྲུབ་པའི་དངོས་པོ་རྙེད་མི་འགྱུར། །"
3533740,3540221,6481,"བདག་གིར་གཟུང་བའི་ཡུལ་འདི་ལས། །རགས་དང་ཕྲ་བའི་ཕྱོགས་ཀྱི་ཆ། །བཤིག་ནས་རང་རང་འདོགས་བྱེད་པ། །རྟོག་པས་བརྟགས་པ་ཙམ་དུ་ཟད། །"
3540221,3542362,2141,"ཞེས་པ་ལ་སོགས་པས་བསྟན་པ་སྟེ།"
3542362,3545329,2967,"དེ་ཡང་ལྟ་བ་རྣམ་པར་དག་པ་ཞེས་པ་དེ་ལ། "
3545329,3547745,2416,"ད་ལྟའི་ངོ་དུས། སོ་སོའི་སྐྱེ་བོའི་རྒྱུད་ཀྱི་"
3547745,3549858,2113,"སེམས་ཀྱི་རྣམ་རྟོག་འདི་གང་ཡིན་ཟེར་ན།"
3549858,3552146,2288,"འཁྲུལ་སྣང་འབའ་ཞིག་ལ་བདེན་པར་བཟུང་སྟེ།"
3552146,3555745,3599,"དེ། འཁྲུལ་སྣང་དེ་ཕར་བཤིག་བྱེད་ལས། ལྟ་བ་རྣམ་པར་དག་པ་ཞིག།"
3555745,3561997,6252,"དེ། འཁྲུལ་སྣང་ཕར་བཤིག་པར་བྱེད་པ་ལས། ཅི་འབེབས་དགོས་ཟེར་ན། ད་ལྟ་སྣང་ཙམ་བདག་ཏུ་བཟུང་བའི་ཡུལ་འདི་གང་ཡིན་ཟེར་ན།"
3561997,3565296,3299,"ཕུང་པོ་འཇིག་པའི་ཚོགས་ལ་ལྟ་བའི་རི་བོ་ཉི་ཤུ་དང་ནི།"
3565296,3570573,5277,"ཕྱི་རོལ་མུ་སྟེགས་པའི་ལུགས་སྲོལ་གྱི། རྟག་པ་དང་ཆད་པར་ལྟ་བ་ལ་སོགས་པ། ལྟ་ལོག་སུམ་བརྒྱ་དྲུག་ཅུ་སྟེ།"
3570573,3576161,5588,"དེ་ཐམས་ཅད་མེད་པར། འཇིག་རྟེན་ལ་ལྟ་བ་རྣམ་པར་མ་དག་པ་གང་ཇི་སྙེད་མཆིས་པ་དེ་ཐམས་ཅད།"
3576161,3578338,2177,"དེ། ལྟ་བ་རྣམ་པར་མ་དག་པའི་ལྟ་སྤྱོད།"
3578338,3580772,2434,"སྤྱོད་པ་ཆོས་དང་མཐུན་པ་ཙམ་དུ་སྤྱོད་ནའང་།"
3580772,3582892,2120,"ལྟ་བ་དེ་ནོར་འཁྲུལ་འགྲོ་ཚར་དུས། དེ།"
3582892,3586346,3454,"ཐམས་ཅད་མཁྱེན་པའི་ལམ་ཡང་དག་པ་འཐོབ་རྒྱུ་མ་རེད་དུས།"
3586346,3589294,2948,"དེ། ལྟ་བ་ངན་པ་ཐམས་ཅད་ཀྱི་ཕྱི་མོར་འགྱུར་བ་"
3589294,3591271,1977,"ལྟ་ལོག་སུམ་བརྒྱ་དྲུག་ཅུ་ཡིན་ནའང་འདྲ།"
3591271,3593959,2688,"འཇིགས་ཚོགས་ལ་ལྟ་བའི་རི་བོ་ཉི་ཤུ་ཡིན་ནའང་འདྲ། འདི་"
3593959,3596865,2906,"ལྟ་བ་ཐམས་ཅད་ཀྱི་རྩ་བ་འདི་གང་ཡིན་ཟེར་ན།"
3596865,3599557,2692,"དེ། དཔལ་ལྡན་ཟླ་བས། དང་པོ་ང་ཞེས་བདག་ལ་ཞེན་གྱུར་ཅིང་། །"
3599557,3603145,3588,"བདག་གི་འདི་ཞེས་བདག་ལ་ཆགས་པ་བྱེད། །ཟོ་ཆུན་འཕྱན་ལྟར་རང་དབང་མེད་པ་ཡི། །"
3603145,3605298,2153,"འགྲོ་ལ་སྙིང་རྗེ་གྱུར་གང་དེ་ལ་འདུད། །"
3605298,3606169,871,"གསུང་རྒྱུ་དེ་རེད་དུས།"
3606169,3607993,1824,"གང་ཟག་གི་བདག་ཏུ་འཛིན་པ་འདི་རེད།"
3607993,3611110,3117,"དེ། གང་ཟག་གི་བདག་ཟེར་མཁན་ཅིག་གཏན་ནས་གྲུབ་པ་ཡོད་མ་རེད།"
3611110,3615464,4354,"གྲུབ་པ་མེད་ནའང་། འཁྲུལ་པའི་བློ་གིས་གྲུབ་པ་ཡོད་པ་ཅིག་ལ་བཟུང་བ་རེད།"
3615464,3617674,2210,"འདི་བཟུང་བ་འདི་ཉིད་དགག་པར་བྱ་སྟེ།"
3617674,3619086,1412,"དེ་ག་རེད་ཟེར་ན།"
3619086,3623291,4205,"སེམས་ཅན་ཐམས་ཅད་ལ། རང་རང་གི་ངའོ་སྙམ་པ་གི་"
3623291,3627670,4379,"ལྷན་སྐྱེས་ཀྱི་བདག་ཟེར་དུས། སེམས་ཀྱི་ཆོས་ཉིད་དེ་དང་མཉམ་དུ་སྐྱེས་བསྡད་ཡོད་པའི་ཕྱིར་ན།"
3627670,3629829,2159,"དེ། ལྷན་སྐྱེས་ཞེས་བྱ་བ་དེ་དང་།"
3629829,3631703,1874,"དེ། ཕྱི་རོལ་མུ་སྟེགས་པ་རྣམས་ཀྱིས།"
3631703,3634586,2883,"གང་ཟག་གི་བདག་དེ་དམིགས་ཡུལ་བྱས་ནས།"
3634586,3639101,4515,"དེ། འཇིག་རྟེན་པའི་ཞི་ལྷག་གི་ཏིང་ངེ་འཛིན་དེ་ནང་ནས། སྐབས་དེ་བསྡུས་ཀྱི་མུ་སྟེགས་པ་རྣམས་ཀྱིས།"
3639101,3642360,3259,"དེ་ཉིད། བདག་ཞེས་བྱ་བ་དེའང་། རྟག་པ་དང་།"
3642360,3649055,6695,"གཅིག་པུ་དང་། རང་དབང་ཅན་དུ། མུ་སྟེགས་གྲངས་ཅན་པ་རྣམས་ཀྱིས་གཙོ་བོ་དང་། བདག་ཤེས་རིག་གི་སྐྱེས་བུ་ཡོད་པར་ལྟ་བ་ལ་སོགས་པ་དང་།"
3649055,3652477,3422,"འདོད་པའི། དེ། ཀུན་བརྟགས་ཀྱི་བདག་ཟེར་དུས།"
3652477,3655740,3263,"སྔོན་ནས་ང་བསམ་རྒྱུ་གི་ངར་འཛིན་ཅིག་ཡོད་པ་དེའི་སྟེང་དུ།"
3655740,3657858,2118,"དེའི་སྟེང་དུ་ཡོད་པ་དང་མེད་པ་ལ་སོགས་"
3657858,3659473,1615,"མང་པོ་ཅིག་སྒྲོ་བཏགས་པ་དེ།"
3659473,3662575,3102,"དེ། གྲུབ་མཐའ་གིས་བཏགས་བཞག་དུས། ཀུན་བརྟགས་ཀྱི་བདག་དེ་དག།"
3662575,3666282,3707,"དེ། ནང་པ་སངས་རྒྱས་པས། ཡང་དག་པའི་རིགས་པས་རྣམ་པར་དཔྱད་དེ། "
3666294,3667922,1628,"ཞུགས་པར་འགྱུར་བ་ཡིན་ཏེ།"
3667922,3671243,3321,"ཞུགས་པར་འགྱུར་བའི་ཚད་ན། དེ་དཔྱད་མི་བཟོད་པ་ཡིན་རྒྱུ་རེད་དུས།"
3671243,3675017,3774,"དེ་ནས། རང་བཞིན་གྱི་བདག་ཟེར་མཁན་ཅིག དངོས་པོ་དང་མཚན་མ་གྲུབ་པ་ཡོད་ན།"
3675017,3677861,2844,"ད་ལྟ་འཇིགས་ཚོགས་ལ་ལྟ་བའི་རི་བོ་ཉི་ཤུ་འདི།"
3677861,3681127,3266,"ཕུང་པོ་ལ་འཛིན་པ་རེད་དུས། དེ་ནས། ཕུང་པོ་ལྔ་པོ་རེ་རེ་བཞིན་དུ།"
3681127,3682254,1127,"ལྷན་ཅིག་ཏུ་སྐྱེས་འདུག།"
3682254,3684989,2735,"ཕུང་པོ་ཞེས་པ་དང་ལྷན་ཅིག་ཏུ་འཚོགས་པའི་དོན་རེད་དུས།"
3684989,3688045,3056,"དེ་ནས། ཕུང་པོ་ལྔ་པོ་ལྔ་ཀ་ལ་བདག་ཏུ་བཟུང་བ་ཡིན་དང་།"
3688045,3691416,3371,"འདིའི་ནང་ནས་གཟུགས་ལྟ་བུ་ཕུང་པོ་གཅིག་ལ་བདག་ཏུ་བཟུང་བ་ཡིན།"
3691416,3694911,3495,"དེ་ནས། བདག་ཏུ་བཟུང་རྒྱུ་ཡི་སེམས་དེ་ཡང་།"
3694911,3699034,4123,"རྡོག་རྡོག་ཅིག་ཏུ་ཡོད་པ།"
3699034,3700985,1951,"ཨཱང་དུ་མ་ཡོད། དེ་ནས།"
3700985,3705112,4127,"བདག་ཅེས་བྱ་བ་དེ་ནི། འདས་མ་འོངས་ད་ལྟ་དུས་གསུམ་དུའང་ཇི་ལྟར་གྲུབ།"
3705112,3707141,2029,"ཡང་ནས་ཡང་དུ་དཔྱད་དུས།"
3707141,3711207,4066,"དེ་ནས་དངོས་གནས་དཔྱད་བཟོད་པ་ཞིག་ཡིན་ན། འདི་རེད་བསམ་རྒྱུ་གྲུབ་མཐའ་ཞིག་དགོས་ལ།"
3711207,3713620,2413,"དེ་གྲུབ་མཐའ་མེད་པའི་ཚུལ་ཇི་ལྟ་བུ་ཞིག་ཡོད་ན་"
3713620,3717017,3397,"བདག་གཅིག་ཏུ་སྒྲོ་བཏགས། ཕུང་པོ་ལྔ་ཡོད་པ་བཞིན་དུ།"
3717017,3719450,2433,"དེ་ནས། ཕུང་པོ་ལྔ་སྤྱི་ལ་བདག་ཏུ་འཛིན་པ་ཡིན་དུས།"
3719450,3721398,1948,"བདག་ལྔ་ཡོད་པར་གྱུར་བ་དང་།"
3721398,3725844,4446,"དེ་ནས། བདག་གཅིག་རེད་ཚར་ན་ཕུང་པོ་ལྔ་ཡི་དམ་བཅའ་འདི་ཉམས་འགྲོ་རྒྱུ་རེད་དུས། ཡོད་པ་དང་།"
3725844,3728642,2798,"དེ་ནས། བདག་དང་ཕུང་པོ་ཞེས་བྱ་བ་དེ་ཡང་།"
3728642,3731523,2881,"གང་དུ། བླང་བར་བྱ་བའི་ཡུལ་ཇི་ལྟར་ཡིན།"
3731523,3734270,2747,"དེ་ལེན་པ་པོ་གང་ཡིན། དེའི། དཔེར་ན་ནི།"
3734270,3737459,3189,"དེ་ནས། ཕུང་པོ་ལྔ་ཞེས་བྱ་བ་བླང་བྱ་ལ་བདེན་གྲུབ་ཡོད་མེད།"
3737459,3744390,6931,"དེ་ལེན་པ་པོའི་བདག་ཟེར་ཞེས་བྱ་བ་དེ་ཡང་། ག་འདྲ་ཞིག་ཡོད་མེད་དབུ་མའི་རིགས་པས་ལེགས་པར་དཔྱད་ན་མི་འཐད་པར་གྱུར་བ་དང་།"
3744390,3749247,4857,"དེ་ནས། ཕུང་པོ་ལྔ་ཡོད་པ་བཞིན་དུ་བདག་ལྔ་ཡོད་རེད་ཟེར། དེ་ལྟ་བུ་ཞེས་གསུངས་ན་ཡང་།"
3749247,3751705,2458,"ཕུང་པོ་ལྔ་པོ། དཔེར་ན། "
3751705,3756263,4558,"གཟུགས་ནི་དབུ་བ་རྡོས་པ་འདྲ། །ཚོར་བ་ཆུའི་ཆུ་བུར་འདྲ། །ཟེར། ཕ་རིགས་པས་དཔྱད་བཞག་དུས།"
3756263,3757941,1678,"ཕུང་པོ་ལྔ་པོ་སོ་སོར་"
3757941,3760342,2401,"བསལ་བའི་འོག་ཏུ་"
3760342,3766316,5974,"བདག་ཞེས་བྱ་བའི། བདག། རྫས་གཞན་པ་ཞིག། དེ་ན། ཕྱིར་དུ་ཡོད་པ། ཡོད་དགོས་པ་ལ། དེ་མེད་པའི་ཕྱིར་ན།"
3766316,3772325,6009,"དེ་ཐ་སྙད་དུ་ཕུང་པོ་ལ་བརྟེན་ནས་ང་ཞེས་བཏགས་པ་ཙམ་མ་གཏོགས་དོན་དམ་པར་བདག་ཅེས་བྱ་བ་"
3772325,3776377,4052,"རང་བཞིན་གྱིས་གྲུབ་པ་མེད་པའི་ཚུལ་ཡང་ངེས་པར་བྱས་ཚར་འོང་དུས།"
3776377,3779043,2666,"དེ་ནས། ང་དེ་མ་གྲུབ་ན། དེ་ནས། ང་ཡིར་འཛིན་པ།"
3779043,3783165,4122,"ང་ཡི་ངོས་ཡིན། ང་ཡི་ཆོས། ང་ཡི་གོས་ཟེར་མཁན་ཚད་རྒྱུ་མ་རེད་དུས།"
3783165,3785704,2539,"དེ་ནས། ངེས་ཤེས་བསྐྱེད་པར་བྱེད་པའི་ཐབས་དེ་ལ། "
3785704,3791100,5396,"རྒྱས་པར་བཤད་ནའང་། དབུ་མ་ཡི་རིགས་པ་ཡིས། ཚུལ་བཞིན་དུ། དུ་མའི་གཏན་ལ་ཕབ་དུས།"
3791100,3794550,3450,"བདག་ཡོད་པ་ལ་སྐྱོན་དེ་འདྲ་ཡོད། མེད་པར་འཛིན་པ་ལ་སྐྱོན་དེ་འདྲ།"
3794550,3797849,3299,"གཅིག་པུ་ལ་སྐྱོན། ཐ་དད་དུ་འཛིན་པའི་སྐྱོན་ཐམས་ཅད་འདི། "
3797849,3801234,3385,"བདག་རང་བཞིན་གྱིས་གྲུབ་པའི་དངོས་པོ་རྙེད་པར་མི་འགྱུར་དུས།"
3801234,3805001,3767,"དེ་ནས། ང་ཞེས་བདག་ཏུ་འཛིན་པར་བྱེད་པའི་ཡུལ་དེ་གང་རེད་ཟེར་ན། "
3805001,3810471,5470,"དེ་ནས། ད་ལྟ་དེ་ལས། ཁམས་གསུམ་འཁོར་བར་འཁྱམ་བྱེད་ཀྱི་རྩ་བ་དེ། ང་ཞེས་པ་དེ་ཡིན།"
3810471,3816644,6173,"དེ་ལ་འཛིན་པ་འདི། འཛིན་པ་འདི་ཞིག་ཐུབ་སོང་ན། བདག་ཅེས་འཛིན་པའི་ཡུལ་མེད་དུས། འཛིན་པ་པོ་སེམས་ཞེས་བྱ་བ་"
3816644,3818822,2178,"ཐ་དད་དུ་གྲུབ་པ་ཡོད་རྒྱུ་མ་རེད་དུས།"
3818822,3822552,3730,"དེ་མེད་ཚར་ན། དེ་ནས། བདག་མེད་རྟོགས་པའི་ཤེས་རབ་ཟེར་རྒྱུ་འདི་ལ། དངོས་གཞི།"
3822552,3826057,3505,"ཐོས་བསམ་སྒོམ་པའི་ཚུལ་གྱིས་རྒྱུད་ལ་བསྐྱེད་པར་འགྱུར་རོ།"
3826057,3831914,5857,"་་་བཤད་པར་བྱ་བ་གཞུང་གི་དོན་བཤད་པ་ལའང་། རྒྱས་པར་བཤད་པ་དང་མདོར་བསྡུས་པ་གཉིས་ཡོད་པའི་ནང་ནས།"
3831914,3834126,2212,"དང་པོ་རྒྱས་པར་བཤད་པ་དེ་ལའང་།"
3834126,3838479,4353,"རྒྱུ་མཚན་ཉིད་ཐེག་པའི་ལམ་གཙོ་བོར་བསྟན་ཏེ་ཐུན་མོང་ཕ་རོལ་ཏུ་ཕྱིན་པའི་ལམ་དང་།"
3838479,3841426,2947,"འབྲས་བུ་གསང་སྔགས་རྡོ་རྗེ་ཐེག་པའི་ལམ་སྟོན་ཏེ་"
3841426,3846299,4873,"ཐེག་པ་ཐམས་ཅད་ཀྱི་མཆོག་ཏུ་འགྱུར་བ་གསང་སྔགས་ཀྱི་ལམ་བསྟན་པ་གཉིས་ཡོད་པའི་ནང་ནས།"
3846299,3849652,3353,"རྒྱུ་མཚན་ཉིད་ཐེག་པའི་ལམ་ཐུན་མོང་དུ་སྟོན་པ་དེ་ལའང་།"
3849652,3852912,3260,"ལམ་གྱི་རྩ་བ་དགེ་བའི་བཤེས་གཉེན་ཇི་ལྟར་བསྟེན་པའི་ཚུལ་དང་།"
3852912,3858277,5365,"དགེ་བའི་བཤེས་གཉེན་དེ་བསྟེན་ནས། དེས་ཇི་ལྟར་བསླབ་པའི་ལམ་ལ་འགོད་པ་རྣམ་པ་གཉིས་ཡོད་པའི་ནང་ནས།"
3858277,3860139,1862,"དང་པོ་དེ་ཉིད་སོང་ཟིན་ཏེ།"
3860139,3862629,2490,"གཉིས་པ་དེས་ཇི་ལྟར་བསླབ་པའི་ལམ་ལ་བསྟེན་པ་ལ།"
3862629,3866764,4135,"ལམ་སྤྱིར་བསླབ་པའི་ཚུལ་དང་། བྱེ་བྲག་ལ་བསླབ་པའི་ཚུལ་གཉིས་ཡོད་པའི་ནང་ནས།"
3866764,3869756,2992,"དང་པོ་ལམ་སྤྱིར་ལ་བསླབ་པ་དེ་ཉིད་སོང་ཟིན་ཏེ།"
3869756,3874744,4988,"གཉིས་པ་བྱེ་བྲག་ལ་བསླབ་པ་དེ་ལའང་། ལམ་ཐམས་ཅད་བསླབ་པ་གསུམ་དུ་བསྡུ་བའི་ཚུལ་དང་། "
3874744,3878746,4002,"དེ་ཡང་ལྟ་སྤྱོད་གཉིས་ཀྱི་སྒོ་ནས་དག་པར་བྱེད་པའི་ཚུལ་གཉིས་ཡོད་པའི་ནང་ནས།"
3878746,3880434,1688,"དང་པོ་དེ་ཉིད་སོང་ཟིན།"
3880434,3883358,2924,"གཉིས་པ་ལྟ་སྤྱོད་དག་པ་ལ་བསླབ་པའི་ཚུལ་དེ་ལའང་། "
3883358,3886002,2644,"མདོར་བསྟན་པ་དང་། རྒྱས་པར་བཤད་པ་གཉིས་ཡོད་པའི་ནང་ནས།"
3886002,3888552,2550,"དང་པོ་མདོར་བསྟན་པ་དེ་ཉིད་སོང་ཟིན་ཏེ།"
3888552,3890262,1710,"གཉིས་པ་རྒྱས་པར་བཤད་པ་ལ།"
3890262,3894187,3925,"ལྟ་བ་རྣམ་པར་དག་པ་དང་། སྤྱོད་པ་རྣམ་པར་དག་པ་བཤད་པ་གཉིས་ཡོད་པའི་ནང་ནས།"
3894187,3896850,2663,"དང་པོ་ལྟ་བ་རྣམ་པར་དག་པ་བཤད་པ་དེ་ལའང་།"
3896850,3899167,2317,"གང་ཟག་གི་བདག་མེད་གཏན་ལ་དབབ་པའི་ཚུལ་དང་།"
3899167,3901769,2602,"ཆོས་ཀྱི་བདག་མེད་གཏན་ལ་དབབ་པའི་ཚུལ་རེད། དེ།"
3901769,3905318,3549,"སྟོན་པ་རྫོགས་པའི་སངས་རྒྱས་བཅོམ་ལྡན་འདས་ཀྱིས་ཆོས་ཀྱི་འཁོར་ལོ་"
3905318,3908391,3073,"བརྒྱད་ཁྲི་བཞི་སྟོང་གསུངས་པ་ཐམས་ཅད། ད་ལྟ་དཔེར་ན།"
3908391,3913002,4611,"སྟོན་པ་ཤཱཀྱ་ཐུབ་པ་གཅིག་འདི་ཡིན་ན། ཆོས་འཁོར་རིམ་པ་གསུམ་གྱི་ཚུལ་དུ་བསྐོར་བ་ལས།"
3913002,3914610,1608,"འདོད་ཀྱི་རེད།"
3914610,3917142,2532,"ཆོས་ཀྱི་འཁོར་ལོ་རིམ་པ་གསུམ་དེ་གང་རེད་རེད་ཟེར་ན།"
3917142,3919371,2229,"དང་པོ། ཡུལ་ཝ་ར་ན་སི་ལས། "
3919371,3922740,3369,"བཀའ་དང་པོ་བདེན་པ་བཞི་ཡི་ཆོས་ཀྱི་འཁོར་ལོ་སྐོར་དུས། འདི་ནི། ཐེག་པ།"
3922740,3926164,3424,"ཉན་ཐོས་དང་རང་རྒྱལ་གྱི་ལམ་གཙོ་བོ་སྟོན་པར་བྱེད་པའི།"
3926164,3928283,2119,"དེ་ནས། སྡུག་བསྔལ་གྱི་བདེན་པ་ཤེས་པར་བྱ་བ།"
3928283,3930073,1790,"ཀུན་བྱུང་གི་བདེན་པ་སྤང་བར་བྱ་བ།"
3930073,3932492,2419,"ལམ་གྱི་བདེན་པ་རྒྱུད་ལ་བསྟེན་པར་བྱ་བ།"
3932492,3935566,3074,"འགོག་པའི་བདེན་པ་མངོན་དུ་བྱ་བའི་ཚུལ་གྱིས་བསྟན་པ་རེད།"
3935566,3937764,2198,"བཀའ་བར་པ་མཚན་ཉིད་མེད་པའི་ཆོས་འཁོར།"
3937764,3941383,3619,"རྣམ་ཐར་སྒོ་གསུམ་དུ། སྟོང་ཚུལ་ལ་གཙོ་བོར་བརྟེན་ཏེ།"
3941383,3945038,3655,"དེ་ནས། ཤེར་ཕྱིན་སྟོང་ཕྲག་བརྒྱད་པ་ལ། བརྒྱ་པ་ལ་སོགས།"
3945038,3946344,1306,"ཆོས་ཀྱི་འཁོར་ལོ་དེ།"
3946344,3949368,3024,"ཡུལ་རྒྱལ་པོའི་ཁབ་བྱ་རྒོད་ཕུང་པོའི་རི་ལ་སོགས་པ་ནས་"
3949368,3953119,3751,"གསུངས་པ་དེ་རེད། བཀའ་ཐ་མ་ངེས་དོན་རྣམ་པར་རོལ་བའི་ཆོས་ཀྱི་འཁོར་ལོ་ནི།"
3953119,3955920,2801,"ལྷ་དང་མི་ཡི་གནས་ཐམས་ཅད་དུ་"
3955920,3960582,4662,"སྣང་ཕྱོགས་གཙོ་བོར་སྟོན་ཏེ། འོད་གསལ་བདེ་གཤེགས་སྙིང་པོ་"
3960582,3963821,3239,"རྒྱུ་འབྲས་ཁྱད་པར། མཚམས་འཇོག་གི་ཚུལ་དུ་བསྟན་པར་གྱུར་བ་"
3963821,3966613,2792,"དེ་རེད། དེ་ལ་མཁས་པ་རྣམས་ཀྱིས་བཞེད་པོ་དབང་གིས་བྱས་ན།"
3966613,3968206,1593,"དེ་ནས། བཀའ་དང་པོ་དེ་ནི། "
3968206,3970274,2068,"དྲང་དོན་གྱི་ཚུལ་དུ་བསྟན་པ་དང་།"
3970274,3973021,2747,"བཀའ་བར་པ་དང་། ཐ་མ་དེ་སྙིང་གཉིས་པོ་དེ་"
3973021,3977140,4119,"མཁས་པ་འགའ་ཞིག་གི་གོ་ན། བཀའ་བར་པ་དེ་དྲང་དོན་དང་ངེས་དོན་འདྲེས་མ།"
3977140,3980702,3562,"བཀའ་ཐ་མ་དེ་ངེས་དོན་མཐར་ཐུག་གི་ཚུལ་དུ་འོང་རྒྱུ་ཡོད་པ་རེད།"
3980702,3982946,2244,"མཁས་པ་འགའ་ཞིག་གིས་བཞེད་ན། དྲང་"
3982946,3986065,3119,"བཀའ་བར་པ་དང་ཐ་མ་གཉིས་ཀ་ངེས་དོན་དུ་བཞེད་པ་རེད་དུས།"
3986065,3987887,1822,"མདོར་ན་བཀའ་བར་པ་ཡི་སྐབས་ནས།"
3987887,3990018,2131,"སོ་སོའི་སྐྱེ་བོ་རྣམས་ཀྱི་རྒྱུད་ལ་"
3990018,3994125,4107,"བདེན་པར་འཛིན་པ་འདི་ལྡོག་པའི་ཕྱིར་དུ། ཆོས་ཉིད་སྟོང་པ་ཉིད་གཙོ་བོར་བསྟན་ཏེ།"
3994125,3999002,4877,"སྟོང་ཉིད་རྣམ་ཐར་སྒོ་གསུམ་དུ། རང་བཞིན་གྱིས་བསྟན་པར་འགྱུར་བ་འདི། དགོངས་པ་གཙོ་བོ་སྟོན་སོང་རྫི་དེ་རེད།"
3999002,4001120,2118,"འདི་དགོངས་པ་འགྲེལ་བའི་བསྟན་བཅོས་དེ་ལས།"
4001120,4005745,4625,"སྤྱིར་དཔལ་མགོན་འཕགས་པ་ཀླུ་སྒྲུབ། སངས་རྒྱས་གཉིས་པ་ལྟ་བུ་མཛད་པ་རྒྱ་ཆེ་སོང་ལེ་རེད།"
4005745,4009697,3952,"ཆོས་འཁོར་རྣམ་པ་གསུམ་དང་མཐུན་པར་འགྱུར་བའི་བསྟན་བཅོས་མང་པོ་ཞིག་མཛད་ཡོད་རེད་དུས།"
4009697,4011942,2245,"དེའི་ཕྱིར་ན། བཀའ་དང་པོ་བདེན་པ་བཞི་ཡི་"
4011942,4014173,2231,"ཆོས་འཁོར་དང་མཐུན་པར་འགྱུར་བའི་གཏམ་ཚོགས་མཛད་རེད།"
4014173,4022752,8579,"བཀའ་བར་པ། དེ་་་་ རྣམ་ཐར་སྒོ་གསུམ་གྱི་སྟོང་ཕྱོགས་གཙོ་བོར་སྟོན་པར་འགྱུར་བ་དབུ་མ་རྩ་བ་དང་། རིགས་པའི་ཚོགས་དང་བཅས་པ་་་་རེད།"
4022752,4026414,3662,"དེ་ནས། བཀའ་ཐ་མ་ཡི་དགོངས་པ་གཙོ་བོར་སྟོན་པ་ཡི་བསྟོད་པའི་ཚོགས།"
4026414,4029933,3519,"ཐ་མ་བསྟན་པར་མཛད་པ་དེ་འདྲ་རེད་དུས། དེའི་ཕྱིར་ན། དེ།"
4029933,4033177,3244,"སྟོང་ཕྱོགས་གཙོ་བོར་སྟོན་པའི། སོ་སོའི་སྐྱེ་བོ་རྣམས་ཀྱིས།"
4033177,4037861,4684,"བདག་འཛིན་དང་། ཡོད་བསམ་རྒྱུ་ཡི་འཛིན་པ་འདི་ལ་བརྟེན་ཏེ། དེ་ནས། ཁམས་གསུམ་འཁོར་བ་འཁྱམ་འོང་རྒྱུ་རེད་དུས།"
4037861,4040427,2566,"དེ། ཡོད་པའི་འཛིན་པ་འདི་ཕར་བཤིག་པའི་ཆེད་དུ།"
4040427,4044063,3636,"སྟོང་པ་གཙོ་བོར་སྟོན་བཞག་རྒྱུ་རེད་ཟེར། དེ་མིན། སྤྱིར་བྱང་ཆུབ་ཀྱི་་་་་"
4044063,4048027,3964,"སྐུ་དང་ཡེ་ཤེས་ཀྱི་ཆོས། བཀའ་བར་པ་སྐབས་ལ་གཏན་ནས་མ་བསྟན་པ་མ་རེད།"
4048027,4052297,4270,"དེ་ནས། བཀའ་ཐ་མའི་སྐབས་ཡིན་ནའང་། བདུད་བདག་འཛིན་འཛིན་པ་དེ་ཕར་ཞིགས་ཚར་ནས་ཞོར་ལ།"
4052297,4055544,3247,"སེམས་ལ་སེམས་མ་མཆིས་ཏེ་སེམས་ཀྱི་རང་བཞིན་ནི་འོད་གསལ་བའོ།"
4055544,4058149,2605,"ཞེས་པ་འདིའི་འོད་གསལ་བའི་ཆ་དེ་གཙོ་བོར་སྟོན།"
4058149,4060358,2209,"དེ་ནས། ཟག་པ་མེད་པའི་སྐུ་དང་ཡེ་ཤེས་ཀྱི་"
4060358,4063650,3292,"ཆོས་རྣམས་མ་ལུས་པ་ཐམས་ཅད་གཙོ་བོར་བསྟན་པར་འགྱུར་བ་དེ།"
4063650,4066473,2823,"འཕགས་པ་ཐོགས་མེད་ཀྱིས། བྱམས་ཆོས་སྡེ་ལྡ་ཡི་ནང་ནས་"
4066473,4073107,6634,"རྒྱུད་བླ་མ་ལ་སོགས་པ་གཙོ་བོར་བསྟན་པའི་ཆོས་དང་ཆོས་ཉིད་རྣམ་འབྱེད། དབུ་མཐའ་རྣམ་འབྱེད་ཀྱིས། དེ་གཙོ་བོ་གཏན་ལ་ཕབ་པ་དེ་འདྲ་རེད།"
4073107,4077279,4172,"དེ་ཡིན་པའི་ཕྱིར་ན། དེ་ཐམས་ཅད་གང་ཟག་གཅིག་གིས་ཉམས་སུ་ལེན་པའི་དབང་དུ་བཏང་ན།"
4077279,4082594,5315,"བཀའ་དང་པོ་བདེན་པ་བཞིའི་ཆོས་འཁོར་དེ་ཉིད། དཔེར་ན། ད་ལྟ་ཕ་ནང་ཡོངས་གྲགས་ཀྱི་ཆོས་སྐད་དུ་བལྟོས་ན།"
4082594,4084456,1862,"བརྩོན་འགྲུས་རིམ་པ་ལྟ་བུ་ཅན་ཞིག་རེད།"
4084456,4088966,4510,"དེ་ནས། བཀའ་བར་པ་བདེན་པ་བཞི་་་་ བཀའ་བར་པ་མཚན་ཉིད་མེད་པའི་ཆོས་འཁོར་སྐོར་འོང་མཛད་དུས།"
4088966,4091477,2511,"དཔེར་ན། ད་ལྟ་ཕྱག་ཆེན་དང་རྫོགས་ཆེན་སྒོམ་དུས་ཡང་།"
4091477,4101323,9846,"དེ་ནས། སེམས་ཀྱི་ངོ་བོ་འབྱུང་གནས་འགྲོ་གསུམ་གྱིས། ནང་སྐྱེ་མེད་་་་ འབྱུང་གནས་འགྲོ་གསུམ་གྱི་སྐྱེ་བ་མེད་པ། འགག་པ་མེད་པ། གནས་པ་མེད་པ་གཏན་ལ་ཕབ་དགོས་རྒྱུ་"
4101323,4102421,1098,"དེ་གཙོ་བོ་རེད།"
4102421,4104504,2083,"དེ་ནས། དེ་གཏན་ལ་ཕབ་ཟིན་པའི་ཤུལ་དེ་ན། "
4104504,4106752,2248,"ཟག་པ་མེད་པའི་ཡོན་ཏན་རྒྱ་མཚོའི་འབྱུང་གནས་"
4106752,4111131,4379,"ཁམས་བདེ་བར་གཤེགས་པའི་སྙིང་པོ་ཞེས་བྱ་བ་སེམས་ཅན་ཐམས་ཅད་ལ། ཏིལ་ལ་མར་བཞིན་དུ་ཡོད་པ། "
4111131,4114051,2920,"འདིའི་དགོངས་དོན་འདི་གཙོ་བོར་སྟོན་འོང་དུས། བཀའ་ཐ་མས་སྟོན་འོང་དུས། "
4114051,4120156,6105,"བཀའ་ཐ་མ་དེ། གསང་སྔགས་རྡོ་རྗེ་ཐེག་པའི་ལམ་གྱི་གཞི་ལམ་འབྲས་གསུམ་བཤད་ན། བཀའ་ཐ་མ་དེ་གཙོ་བོ་མཐུན་ཆེ་སོང་རྫི།"
4120156,4121859,1703,"དཱ། ལྷག་པར་གྱུར་པ་དེ་འདྲ་རེད།"
4121859,4126537,4678,"དེའི་ཕྱིར་ན། དེ་ནས། བདག་ཅག་རྣམས་ཀྱིས། དང་པོ་དངོས་འཛིན་བདེན་འཛིན། ཁམས་གསུམ་འཁོར་བ་"
4126537,4129756,3219,"འཛིན་པ་ཡོད་པ་དེ་ཕར་གཞིག་པར་བྱ་བའི་ཆེད་དུ་"
4129756,4131901,2145,"བཀའ་བར་པ་ལས། ཉམས་ལེན་གཙོ་བོར་བརྟོན།"
4131901,4135733,3832,"དེ་ནས། བདེན་འཛིན་པ་དེ། སྐྱེ་མེད། འགག་མེད། གནས་མེད་དུ་གཏན་ལ་ཕབ་ཚར་ན།"
4135733,4139127,3394,"དེའི་ཤུལ་གྱི་ཟག་པ་མེད་པའི་སྐུ་དང་ཡེ་ཤེས་ཀྱི་ཆོས་གཏན་ལ་ཕབ་དགོས་ན།"
4139127,4141662,2535,"དེ་ནས། བཀའ་ཐ་མ་ཡི་དགོངས་པ་འདི་གཙོ་བོར་བརྟོན།"
4141662,4145408,3746,"དེ་ནས། གསང་སྔགས་རྡོ་རྗེ་ཐེག་པའི་ཕྱག་རྫོགས་ཀྱི་ལམ་ལ་ཞུགས་སོང་ན། རིམ་པ་བཞིན་དུ་"
4145408,4148706,3298,"མཐར་ཐུག་པ་གཏན་ལ་ཕབ་འོང་། ཐུག་འོང་རྒྱུ་རེད་དུས། དེའི་ཕྱིར་ན།"
4148706,4151220,2514,"དེ་ལྟར་གཏན་ལ་ཕབ་དགོས་པའི་རྒྱུ་མཚན་འདི་རེད།"
4151220,4152964,1744,"དེ་ནས། གཏན་ལ་ཕབ་བྱ་དེ་ལའང་།"
4152964,4155462,2498,"དེ་ནས། ཆོས་ཐམས་ཅད་སྐྱེ་མེད་དུ་གཏན་ལ་ཕབ་དུས།"
4155462,4158397,2935,"དེ་ནས། ངོ་ཐུག་འཁོར་བར་འཁྱམ་བྱེད་ཀྱི་རྩ་བ་དེ་གང་རེད་ཟེར་ན།"
4158397,4161694,3297,"གང་ཟག་དང་ཆོས་གཉིས་ཀྱི་བདག་ཏུ་འཛིན་པ། འདིས་རྐྱེན་བྱས་རེད་དུས།"
4161694,4164451,2757,"དེ་ནས། གང་ཟག་དང་བདག་མེད་པ་གཏན་ལ་དབབ་པའི་ཚུལ་"
4164451,4166944,2493,"ཁ་སང་མདོར་བསྡུས་པ་ཞིག་སོང་ཟིན་ཏེ།"
4166944,4169076,2132,"དཱ་དེ་རིང་གི་སྐབས་སུ་བབས་པ། གཉིས་པ་"
4169076,4172154,3078,"ཆོས་ཀྱི་བདག་མེད་པར་གཏན་ལ་ཕབ་པའི་ཚུལ་དེ་རེད།"
4172154,4175442,3288,"དེ་ནས། ཆོས་ཀྱི་བདག་མེད་པ་གཏན་ལ་ཕབ་པའི་ཚུལ་དེ་ཉིད་ལའང་། "
4175442,4178291,2849,"བཟུང་བ་རང་བཞིན་མེད་པར་གཏན་ལ་ཕབ་པ་དང་།"
4178291,4180600,2309,"འཛིན་པ་རང་བཞིན་མེད་པར་གཏན་ལ་ཕབ་པ།"
4180600,4183682,3082,"དེ་ནས། བཟུང་འཛིན་གཉིས་སུ་མེད་པའི་ཡེ་ཤེས་ཀྱི་ངོ་བོ་དེའང་།"
4183682,4189118,5436,"བཀའ་བར་པ་ཡི་སྟོང་ཚུལ་དང་། བཀའ་ཐ་མ་ཡི་འོད་གསལ་བའི་ཕྱོགས་གཉིས་ཀྱང་།"
4189118,4190863,1745,"སོ་སོ་འགལ་འདུ་མ་རེད།"
4190863,4192478,1615,"དེ་སྟོང་ཉིད་ཀྱི་རང་བཞིན་"
4192478,4196899,4421,"མཐར་ཐུག་དེ་གཏན་ལ་ཕབ་ན། སྟོང་ཉིད་ཀྱི་གཤིས་རང་བྱུང་འོད་གསལ་ལ་གཏན་ལ་ཕབ་དགོས་རྒྱུ་རེད།"
4196899,4201268,4369,"འོད་གསལ་གྱི་མདངས་དེའང་། དངོས་པ་མཚན་མར་གྲུབ་པ། ཕྱི་རོལ་མུ་སྟེགས་པས་"
4201268,4204544,3276,"ཟ་བ་བཏང་མཁན། བྱེད་པོ་མིན་པའི་བདག་ལྟ་བུ་ཅན་ཞིག་མ་རེད།"
4204544,4208273,3729,"བསམ་གྱིས་མི་ཁྱབ་པའི་ཆོས་དབྱིངས་སྒྲོ་འདོགས་སོ་གཉིས་དང་བྲལ་བའི་འོད་གསལ་གྱི་མདངས་དེ།"
4208273,4211553,3280,"ཟག་པར་མེད་པའི་སྐུ་དང་ཡེ་ཤེས་ཀྱི་ངོ་བོ་གཏན་ལ་ཕབ་འོང་རྒྱུ་རེད་དུས།"
4211553,4213845,2292,"དེའི་ཕྱིར་ན་གཏན་ལ་ཕབ་པ་འདི་ནི།"
4213845,4216631,2786,"བདེན་གཉིས་ཟུང་འཇུག་གི་ཚུལ་དུ་གཏན་ལ་ཕབ་དགོས་རེད།"
4216631,4221242,4611,"དེའི་ཕྱིར་ན། ཟུང་འཇུག་གི་ཚུལ་དུ་གཏན་ལ་ཕབ་པ་འདི་ནའང་དཱ། བཟུང་བ་རང་བཞིན་མེད།"
4221242,4224044,2802,"ཆོས་ཀྱི་བདག་མེད་པ་གཙོ་བོ་ཕབ་པ་ལ། བཟུང་བ་"
4224044,4228058,4014,"རང་བཞིན་མེད་པ་གཏན་ལ་ཕབ་པ་དང་། འཛིན་པ་རང་བཞིན་མེད་པ་གཏན་ལ་ཕབ་པ།"
4228058,4230144,2086,"གཉིས་མེད་ཀྱི་ཡེ་ཤེས་གཏན་ལ་ཕབ་པ། "
4230144,4231938,1794,"དེ་ནས། འཛིན་པ་ཐམས་ཅད་"
4231938,4235709,3771,"བཀག་པའི་ཚུལ་དང་རྣམ་པ་བཞི་ཡོད་པའི་ནང་ནས། དང་པོ་འཛིན་པ།"
4235709,4240211,4502,"བཟུང་བ་རང་བཞིན་མེད་པ་གཏན་ལ་ཕབ་པར་འགྱུར་བའི་ཚུལ་བཤད་པ་"
4240211,4245833,5622,"དེ་རེད་དུས། དེ་ནས། ཡང་། "
4245833,4250965,5132,"ཡུལ་འདི་ཡང་། །རགས་དང་ཕྲ་དང་ཕྱོགས་ཀྱི་ཆས། །བཤིག་ན་རང་རང་འདོགས་བྱེད་ལ། །"
4250965,4252685,1720,"རྟོག་པས་བཏགས་པ་ཙམ་དུ་ཟད། །"
4252685,4254049,1364,"ཞེས་་་་ཡིན་ཏེ།"
4254049,4259108,5059,"དེ་ཡང་། དཔེར་ན། དེ་ནས། བདག་ཅག་ཐམས་ཅད་ཀྱིས། ང་བསམ་པའི། ཅིག་གི་འཛིན་པ་ཡོད་པ་དེ།"
4259108,4261287,2179,"དེ་ནས། ང་བསམ་ས་ཡི་འཛིན་པ་དེ།"
4261287,4263154,1867,"བཟུང་བའི་ཡུལ་ཅིག་ཡོད་དགོས་རྒྱུ་རེད་དུས།"
4263154,4265042,1888,"དེ་ནས། བཟུང་བའི་ཡུལ་འདི་གང་འདི་ཟེར་ན།"
4265042,4266747,1705,"བདག་དེ་ཉིད་ཀྱི་བཟུང་བའི་ཡུལ།"
4266747,4269232,2485,"ཕྱི་སྣོད་ཀྱི་འཇིག་རྟེན། དེ་ནས། རི་བྲག།"
4269232,4271185,1953,"ཤིང་། ནགས་ཚལ་དང་བཅས་པ་དེ་དང་།"
4271185,4273520,2335,"ནང་བཅུད་ཀྱི་སེམས་ཅན། དེ་ནས། ཁམས་གསུམ་གྱི་"
4273520,4277634,4114,"སྐྱེ་འགྲོ་ཐམས་ཅད་དང་། དེའི་བར་ལམ་ནས། དེ་ནས། "
4277634,4282254,4620,"སེམས་ཅན་ཐམས་ཅད་ཀྱི་རྒྱུད་ལ་ཡོད་པའི་ཕུང་པོ་ལྔ་དང་། ཁམས་བཅོ་བརྒྱད་ལ་སོགས་པ།"
4282254,4283817,1563,"ཡུལ་ཇི་སྙེད་པ་ཐམས་ཅད།"
4283817,4285920,2103,"དེ་ནས། གསལ་བར་མཐོང་བར་འགྱུར་བ་དེ།"
4285920,4288500,2580,"དེ། མེད་པ་གསལ་སྣང་ཟེར། དཔེར་ན་མིག་བཙིར་བཞག་ན་"
4288500,4291482,2982,"ཟླ་བ་གཉིས་ཤར་རྫི་ལྟར་དུ། ཀུན་རྫོབ་ཀྱི་སྣང་བ་འདི་ཐམས་ཅད་"
4291482,4295645,4163,"སྟོང་བསྡད་རྒྱུ་རེད་དུས། སྣང་བ་ཙམ་དུ་མ་བརྟགས་མ་དཔྱད་པ་བྱས་བཞག་ན།"
4295645,4299455,3810,"འཇིག་རྟེན་གྱི་མདངས་མངོན་དུ། རྒྱུ་དང་འབྲས་བུ་ཇི་ལྟར་འབྲེལ་བ་ཐམས་ཅད་འདི་"
4299455,4302488,3033,"དོན་བྱེད་ནུས་ཀྱི་རེད། རྟེན་འབྲེལ་བསླུ་བ་མེད་པའི་བདག་ཉིད་རེད་དེ།"
4302488,4307616,5128,"རིགས་པས་དཔྱད་བཞག་ན། རྒྱུ་དང་འབྲས་བུ་དངོས་གནས་བདེན་པར་གྲུབ་པ་གཅིག་ཀྱང་ཡོད་རྒྱུ་མ་རེད་དུས།"
4307616,4310774,3158,"དེའི་ཕྱིར་ན། རྐྱེན་ཅན་པ་གསལ་བར་མཐོང་བར་སྣང་ཡང་།"
4310774,4314447,3673,"དེ་ནས། རགས་པ། རི་དང་། ར་བ། ཁང་ཁྱིམ་ལ་སོགས་པ་འདིར་བསམ་ན།"
4314447,4317844,3397,"མཐའ། རིགས་པས། མངོན་པར། ད་ལྟ་མངོན་སུམ་ཚད་མས་དཔྱད་ཐུབ་རྒྱུ་རེད་དུས།"
4317844,4318865,1021,"རྡུལ་ཕྲན་འདི་དཔྱད།"
4318865,4321554,2689,"དེ་ནས། རྡུལ་ཕྲན་དེ། དེ་ཐམས་ཅད་མེད་པར།"
4321554,4324256,2702,"ལྷན་ཅིག་ཏུ་བསྡུས་པར་ཞུགས་པ་འདི། རྡུལ་ཕྲན་འདིའང་།"
4324256,4329410,5154,"ཤར་ལྷོ་ནུབ་བྱང་ཕར་བསགས་པ་ནི། དེ་རི་ཞེས་བྱ་བ་ཆེན་པོ་ཡོད་པ་ནིའང་། རྡུལ་ཕྲན་རེད་ཚར་ན།"
4329410,4331590,2180,"རྡུལ་ཕྲན་རྡུལ་ཕྲན་རེད་དུས། འདིར་འགྲོ་རྒྱུ་རེད།"
4331590,4334336,2746,"རྡུལ་ཕྲན་དེའང་། དེ་ནས། ཉན་ཐོས་ལྟ་བུ་ཡིན་ན།"
4334336,4336789,2453,"ཕྲ་བ་རྡུལ་ཕྲན་ཆ་མེད་ཟེར་མཁན་ཅིག།"
4336789,4339201,2412,"ཆ་མེད་པ་ཡི་ཅིག་ཡོད་རེད་གསུང་འོང་རེད་དེ།"
4339201,4341996,2795,"དེ། ཕྱེ་བ། རྡུལ་ཕྲན་ཆ་མེད་ཡིན་ཁ་བྱས། དེ་གའང་།"
4341996,4343627,1631,"ཕྲ་བ་རྡུལ་ཕྲན་ཆ་མེད་དེ་ལ།"
4343627,4347176,3549,"དེ་ནས། ཤར་ལྷོ་ནུབ་བྱང་གི་ཕྱོགས་ཆ་མེད་ནའང་། ཆ་མེད་ཐམས་ཅད་ཕྱོགས་གཅིག་ཏུ་"
4347176,4348111,935,"འཕྲད་ལོ་ཡི་མ་རེད།"
4348111,4350983,2872,"ཕྱོགས་ཆ་ཡོད་ཚར་ན། ཆ་མེད་ཀྱི་དམ་བཅའ་ཉམས་འགྲོ་རྒྱུ་རེད་དུས།"
4350983,4354251,3268,"དེའི་ཕྱིར་ན། རྡུལ་ཕྲན་ཆ་མེད་དུ་མ་འདུས་པ་ལས་བྱུང་བ་དང་།"
4354251,4357724,3473,"རྡུལ་ཕྲན་ཆ་མེད་དེའང་། ཕྱོགས་བཞི། སྟེང་འོག་གཉིས་ཀྱི་ཆ་ཕྱེ་བས།"
4357724,4362841,5117,"དེ་ནས། ཕན་ཚུན་འབྱར་ཆ་མེད་ན། རྡུལ་ཕྲན་རགས་པ་ཆ་མེད་རེད་ཚར་འོང་དུས། དཔེར་ན་ནམ་མཁའ་སྟོང་པ་ཞིག་གི་"
4362841,4366241,3400,"ཤར་ལྷོ་ནུབ་བྱང་། རི་ར་བ་ཁང་ཁྱིམ་ཕྱེ་ལོ་ཡི་མ་རེད་དུས།"
4366241,4369426,3185,"དེ་ལྟ་བུ་ཕྱེ་མི་ལོ་བས་རགས་པ་བརྩམ་པར་མི་ནུས་ཤིང་།"
4369426,4371978,2552,"དེ་ནས། ཆ་ཤས་དྲུག་ཡོད་པ། རྡུལ་ཕྲན་ལ་ཡོད་ཚར་ན།"
4371978,4374627,2649,"རྡུལ་ཕྲན་ཆ་མེད་ཀྱི་དམ་བཅའ་ཉམས་པར་འགྱུར་བས་ན།"
4374627,4376568,1941,"དེ་ལྟ་བུའི་རྡུལ་ཕྲན་ཆ་མེད་བསམ་རྒྱུ་"
4376568,4380952,4384,"འདི་ཕྱི་ཡི་ཡུལ་གྱི་སྣང་བ་དེ་ཐམས་ཅད་རྡུལ་ཕྲན་ཆ་མེད་དུ་ཕྱེ་བཞག་དུས་འང་། རིགས་པས་བཤིགས་ན།"
4380952,4384844,3892,"དེ་ནས། ཆོས་རང་རང་ལ་དེ་དང་དེར་འདོགས་བྱེད་ཀྱི་མཚན་ཉིད་ལ་རྟོག་པས་"
4384844,4388363,3519,"ཕར་བཏགས་པ་ཟེར། རྟོག་པ་ཡིས་ཆ་མེད་ཅེས་སྒྲོ་བཏགས་པ་ཞིག་རེད་མ་གཏོགས།"
4388363,4391254,2891,"དོན་རང་ངོས། འདི་ཡི་གྲུབ་པ་རྡུལ་ཙམ་ཡང་མེད།"
4391254,4394251,2997,"དེ་མེད་པའི་ཚུལ། དཔེར་ན། ཀ་བ་ལྟ་བུ་ལ་ཡང་།"
4394251,4398042,3791,"དེ་ནས། ཀ་བ་ཡི་གདུང་མ་ཡར་འདེགས་པའི་དོན་བྱེད་ནུས་ཀྱི་རེད་དུས། "
4398042,4399345,1303,"ཀ་བ་ཁོ་རང་དཔྱད་ན།"
4399345,4404287,4942,"དེ་ནས། ཤིང་ཞིག་རེད། ཤིང་དེ་ལ་པགས་པ་དང་ལོ་མ། ཡལ་ག་ལོ་མ་ཐམས་ཅད་ཕར་ཚུར་ཕྱེ།"
4404287,4407843,3556,"སྡོང་པོ་རྡོག་རྡོག་ཅིག་ཡོད་ན་དེའང་རྡུལ་ཕྲན་ཆ་མེད་ཀྱི་་བར་དུ་ཕྱེ་ན།"
4407843,4412909,5066,"ཀ་བ་མ་གྲུབ་པ་ཡི་སྔ་ལོགས་ནས། དེ་ནས། ལྗོན་པའི་དུས་ནས་ཀ་བ་ཞེས་པའི་བློ་སྐྱེས་དགོས་ཚུལ་ཟེར།"
4412909,4414637,1728,"ཀ་བ་མངོན་མཚན་དུ་གྲུབ་པ་ཡོད་ན་"
4414637,4419574,4937,"ཤིང་ནགས་ཀྱི་ནང་དུ་ཤིང་ལྗོན་པ་སྐྱེས་བསྡད་དུས་ནས། ཀ་བ་ཟེར་ནས་མིང་འདོགས་དགོས་ཚུལ། དེ་བཤད་མི་ཐུབ་པ་དང་།"
4419574,4421676,2102,"ཕྱིས་གདུང་མ་འདེགས་པའི་དོན་བྱེད་ནུས་པའི་"
4421676,4424524,2848,"ཚེ་ན། ཀ་བ་ཞེས། གློ་བུར་དུ། དཱ། གདུང་མ་ཡཱ།"
4424524,4427829,3305,"སྣང་ཙམ་ལ་བཏགས་བསྡད་སྡོད་ཡོད་དུས། ཀ་བ་ཟེར་བཏགས་པ་རེད་མ་གཏོགས།"
4427829,4429109,1280,"འདི་ཡོད་རྒྱུ་མ་རེད་དུས།"
4429109,4432874,3765,"མཚོན་པས། ཡུལ་ཐམས་ཅད་ལའང་། དཱ་ཀ་བ་ཡིས་མཚོད་བྱེད་བྱས་ཏེ།"
4432874,4435101,2227,"སྣོད་བཅུད་ཐམས་ཅད་ལས། རིགས་པས་དཔྱད་བཞག་ན་"
4435101,4437397,2296,"བདེན་པར་མ་གྲུབ་པ། དེ་ལྟར་ཤེས་པས།"
4437397,4440346,2949,"དེ་ནས། ཕྱིར་སྣང་བ་སྣོད་ཀྱི་འཇིག་རྟེན་དེ་ལ་ཞིང་ཁ་ཟེར་མཁན།"
4440346,4444854,4508,"མཁར་ཁང་པ་ཟེར་མཁན། གཟུགས་སྒྲ་དྲི་རོ་རེག་བྱ་ལ་སོགས་པ་འདོད་ཡོན་གྱི་མཐོང་བ་ཐམས་ཅད་"
4444854,4446825,1971,"དེ་བཞིན་དུ་རིགས་པས་དཔྱད་བཞག་ན།"
4446825,4448322,1497,"མ་བརྟག་མ་དཔྱད་ཙམ་དུ་"
4448322,4451333,3011,"ཅིག་ཡོད་པ་རེད་ཟེར་འོང་ན། རིགས་པས་ངོ་མ་བརྟག་ཅིང་དཔྱད་བཞག་ན་ནི།"
4451333,4455874,4541,"གང་དུ་ཡང་མེད་པ། སྟོང་པ་ཉིད་ཀྱི་རང་བཞིན་དུ། དེ་ལྟ་བུ་ལ་གཏན་ལ་ཕབ་དགོས་རྒྱུ་རེད།"
4455874,4455879,5,""
4455879,4459671,3792,"དེ་ནས། དེའི་རྗེས་སུ་འཛིན་པ་རང་བཞིན་མེད་པའི་ངོ་བོ་དེ་ཉིད་"
4459671,4461348,1677,"གཏན་ལ་ཕབ་པར་བྱས་ན་ཡང་།"
4461348,4464761,3413,"བདེན་འཛིན་ཤེས་པ་སྣ་ཚོགས་ཏུ། སྣང་བ་ཡུལ་དང་།"
4464761,4466388,1627,"ཡུལ་ཅན་བཞིན། །"
4466388,4469426,3038,"རྫུན་པ་ཉིད་ལ་ལྟོས་པའི་ཕྱིར། །བདེན་པའི་དངོས་པོ་ཇི་ལྟར་བསླབ། །"
4469426,4471887,2461,"ཞེས་པ་ལ་སོགས་པ་སྟེ། ཡུལ། ཕྱི་སྣོད་ཀྱི་"
4471887,4475679,3792,"འཇིག་རྟེན་གྱི་རི་རབ་གླིང་བཞི་གླིང་ཕྲན་ལ་སོགས་པ་ཐམས་ཅད་ལས།"
4475679,4477659,1980,"དེ། དེ་རི་རབ་རེད།"
4477659,4478893,1234,"དེ་ཤིང་གི་རི་རེད།"
4478893,4480128,1235,"དེ་ནགས་ཀྱི་རི་རེད།"
4480128,4487193,7065,"རིའི་རྒྱལ་པོ་རི་རབ་ལས། ཤར་ཆུ་ཤེལ་ལས་གྲུབ་པ། ལྷོ་བེེ་ཌཱུ་རྱ་ལས་གྲུབ་པ། དེ་འདྲ་རེད་བསམ་རྒྱུ་ཡི་ཤེས་པ་སྣ་ཚོགས་འཆར་བ་དེ་དག་ཀྱང་།"
4487193,4489399,2206,"ཕྱི་རོལ་གྱི་ཡུལ་དེ་ལ་བརྟེན་ཏེ།"
4489399,4493170,3771,"དཔེར་་་་ དེ་ནས་འབྱུང་བའི། དཔེར་ན། སྒྱུ་མ་མཁན་གྱིས་"
4493170,4495557,2387,"རྡེའུ་དང་ཤིང་དུམ་ལ་སྔགས་མང་པོ་འདེབས་བཞག་དུས།"
4495557,4497792,2235,"རྟ་དང་གླང་པོ་ཤིང་རྟ་ལ་སོགས་མཐོང་འོང་རྒྱུ་དེ།"
4497792,4499827,2035,"སྔགས་ཀྱི་མཐུ་ཡིས་དེ་ལྟར་མཐོང་རེད་ཟེར། དེ་མིན་"
4499827,4504418,4591,"དངོས་གནས་དྲང་གནས་བཤད་ན། རྡེའུ་དང་ཤིང་དུམ་གྱི་སྟེང་དུ། དེ་ནས། རྟ་དང་གླང་པོ་ཤིང་རྟ་ཡོད་རྒྱུ་མ་རེད།"
4504418,4507430,3012,"དཔེ་དེ་བཞིན་དུ། བདག་ཅག་རྣམས་འགྲོ་བ། ལུས། ཁང་པ། "
4507430,4510811,3381,"ཁྱིམ་ལ་སོགས་པ་ཐམས་ཅད་དེ་དང་དེར་འཛིན་པའི་རྟོག་པར་བྱེད་རྒྱུ་རེད་དེ།"
4510811,4512373,1562,"རིགས་པས་ཕིས་དཔྱད་བཞག་ན།"
4512373,4515109,2736,"རྟོག་པས་སྒྲོ་བཏགས་བཞག་རྫི་མ་གཏོགས། བདེན་པར་མ་གྲུབ་སྟེ།"
4515109,4517528,2419,"དཔེར་ན། དོ་དགོང་རྨི་ལམ་གྱི་ཡུལ་ལ།"
4517528,4522344,4816,"དེ་ནས། རི་རབ་དང་ཁང་ཁྱིམ་ལ་སོགས་པ་སྣ་ཚོགས་པ་སྣང་བ་ཐམས་ཅད་ད་སྣང་གཉིད་སད་ཚར་ན།"
4522344,4524958,2614,"དེ་ནས། སྣང་བ་དེ་ཤར་ཙམ་ཞིག་རེད་མ་གཏོགས་པའི།"
4524958,4529438,4480,"ཁང་པ། རི་རབ། ཁང་ཁྱིམ་ལ་སོགས་པའི་ཆ་ཤས་ཙམ་ཡང་མེད་པ་ཡིན་པ་དེ།"
4529438,4531247,1809,"དེའི་ཕྱིར་ན། དེ་ནས། རྒྱུ་མཚན་དེ་ཡིས་"
4531247,4534707,3460,"འཛིན་པའི་རྨི་ལམ་གྱི་ཡུལ་ཅན་ཤེས་པའང་རྫུན་པ་ལས་མ་འདས།"
4534707,4540071,5364,"དེ། ནང་གི་ཤེས་པ་དེ་ལའང་། འདས་པའི་ཤེས་པ། མ་འོངས་པའི་ཤེས་པ། ད་ལྟ་བའི་ཤེས་པ་ཕྱེ་ན། "
4540071,4542579,2508,"དེ་ནས། འདས་པའི་ཤེས་པ་ནི། ཤེས་པ་དངོས་མེད་རེད་ཚར་དུས།"
4542579,4547066,4487,"བཤིགས་ཚར་ཡོད་དུས། འདས་པའི་ཤེས་པ་འདི། ད་ལྟ་དངོས་ཡོད་ཅིག་དང་འཕྲད་ལོ་ཡི་མ་རེད།"
4547066,4550272,3206,"དེ་ནས། ད་ལྟའི་ཤེས་པ་དེ། འདས་པའི་ཤེས་པ་དང་ལྷན་ཅིག་ཕྲད་ན།"
4550272,4552720,2448,"ཡང་ན། འདས་པའི་ཤེས་པ་ལ་ཕར་སྒྱུར་འགྲོ་དགོས་རེད་ཟེར། དེ་མིན་"
4552720,4555006,2286,"ད་ལྟའི་ཤེས་པ་ཡིན་པ་ཞིག་འདོད་ལོ་ཡི་མ་རེད།"
4555006,4558679,3673,"དེ་ནས། ད་ལྟའི་ཤེས་པ་འདི་དང་། མ་འོངས་པའི་ཤེས་པ་གཉིས་ལྷན་ཅིག་ཏུ་འཕྲད་དགོས་ན་"
4558679,4562749,4070,"མ་འོངས་པ་མ་སྐྱེས་པ། མོ་གཤམ་གྱི་བུ་དང་རི་བོང་གི་རྭ་འདྲ་བ་ཡིན་དུས།"
4562749,4565262,2513,"ད་ལྟ་དངོས་ཡོད་གཅིག་དང་། གཏན་ནས་འཕྲད་ལོ་ཡི་མ་རེད་དུས།"
4565262,4567859,2597,"འཕྲད་ན་ནི། ཡང་ན་ད་ལྟའི་ཤེས་པ་འདི་མ་འོངས་པ།"
4567859,4570816,2957,"ཡང་ན་མ་འོངས་པའི་ཤེས་པ་འདི་ད་ལྟ་སྒྱུར་འགྲོ་ལེ་ཟེར་མ་གཏོགས་ཡོད་མ་རེད།"
4570816,4574016,3200,"དུས་ཞེས་བྱ་བ་དང་། ཤེས་པ་བཏགས་བཞག་ནའང་། དེ་ལྟ་བུའི་"
4574016,4577696,3680,"རྫུན་པ་ལས་མ་འདས་པས། ཡུལ་མ་་་། རང་བཞིན་མ་གྲུབ་པའི་"
4577696,4580496,2800,"རྫུན་པ་ཞིག་ལ་ལྟོས་ཏེ་ཤེས་པ་དེ་སྐྱེ་བའི་ཕྱིར་ན།"
4580496,4585072,4576,"དེ་ནས། ཡུལ་ཅན་ཤེས་པ་དེའང་། སྐད་ཅིག་མ་ཕྲེང་བ་མང་ཞིག་ལྷན་ཅིག་ཏུ་བསྒྲིགས་བསྡད་དུས།"
4585072,4590234,5162,"དེ་ནས། ཤེས་པ་སྐད་ཅིག་ཆ་མེད་ཟེར་མཁན་ཞིག་གྲུབ་འགྲོ་ཚུལ་ཡང་། དངོས་གནས་བྱས་ན། འདས་མ་འོངས་ད་ལྟ་ཡི་"
4590234,4595727,5493,"དུས་གསུམ་དུ་ཕྱེ་ན། ཤེས་པ་དེ། སྐད་ཅིག་ཆ་མེད་ཟེར་ནས། བདེན་པ་གྲུབ་པ་ཅིག་ཀྱང་ཡོད་རྒྱུ་མ་རེད། དེ་"
4595727,4597753,2026,"ཇི་ལྟར་གྲུབ་སྟེ་གྲུབ་པར་མི་འགྱུར།"
4597753,4601333,3580,"དེའི་ཕྱིར་ན། ཕྱིར་སྣང་། གཟུགས་ནི། ཡུལ་བདེན་པར་མ་གྲུབ།"
4601333,4606341,5008,"ནང་འཛིན་པའི་ཤེས་པ་མ་གྲུབ་དུས། དེ་ནས། ཤེས་པ་མ་གྲུབ་པའི་སྤྱི་རེད། སྟོང་ཉིད་མཐར་ཐུག་པ་རེད་དུས།"
4606341,4609960,3619,"དེ་ནས། བཀའ་འཁོར་ལོ་བར་པ་ཡི་བསྟན་པར་བྱ་བའི་ངོ་བོ་དེ། འདི་རེད།"
4609960,4615012,5052,"དེ་ནས། བསྟན་པར་བྱ་བའི་ཚུལ་དེ་ལའང་། དེ་ནས་གཉིས་མེད་ཀྱི་ཡེ་ཤེས་དངོས་གནས་འདི་དཱ་"
4615012,4618214,3202,"གཏན་ལ་ཕབ་འོང་དུས། གཉིས་མེད་ཡེ་ཤེས་མྱོང་བ་ཡང་། །"
4618214,4621629,3415,"དུས་གསུམ་ཕྲད་པའི་རིགས་པ་ཡིས། །སྐྱེ་འགགས་དབུས་སུ་འཛིན་མེད་པས། །"
4621629,4624280,2651,"སྤྲོས་པའི་ཕ་མཐས་ཐུག་མི་འགྱུར། །"
4624280,4627971,3691,"ཞེས་གསུངས་པ་རེད་དེ། དེ་ལྟ་བུ་ཡིས་ཕྱིའི་སྣང་བ་ཡི་ཡུལ་བྱས་ན། "
4627971,4631374,3403,"ཆ་མེད་དུ་གཏན་ལ་ཕབ། ཆ་མེད་ཁོ་རང་ཕ། སྟོང་ཉིད་དུ་གཏན་ལ་"
4631374,4634095,2721,"ཕབ་ན། ཤེས་པ་དེའང་།"
4634095,4635979,1884,"དུས་གསུམ་གྱི་ཆ་ལས་ཕྱེ་ན།"
4635979,4637525,1546,"སྐད་ཅིག་ཆ་མེད་འདི་གཏན་ལ་ཕབ།"
4637525,4641375,3850,"སྐད་ཅིག་ཆ་མེད་དེའང་། གཏན་ནས་མ་གྲུབ་པའི། བདེན་པར་མ་གྲུབ་དུས།"
4641375,4643958,2583,"དེ་ནས། ཡུལ་དང་ཡུལ་ཅན་གཉིས་བདེན་པར་མ་གྲུབ་ཚར་ན།"
4643958,4646230,2272,"ད་ལྟ་ངོ་ཐུག་ཡིན་ན། དཔེར་ན། ཡུལ་དང་གཅིག།"
4646230,4648478,2248,"དབང་པོ་དང་གཉིས། ཤེས་པ་གསུམ་"
4648478,4650865,2387,"ཕྲད་པ་དེ་ལ་བརྟེན་ཏེ་གཉེན་ལ་ཆགས་པ།"
4650865,4653906,3041,"དགྲ་ལ་སྡང་བ། ཉོན་མོངས་དུག་གསུམ་གྱི་རྟོག་པ་འདི་སྐྱེ་ཡི་ཡོད་རེད།"
4653906,4656315,2409,"དེ་ཐམས་ཅད་མེད་པར་བདེན་པ་མ་གྲུབ་ཚར་ན།"
4656315,4659217,2902,"དུས་གསུམ་དུ་རྟོག་པ་སྐྱེ་བའི་ཡུལ་མེད་ན་ཡུལ་ཅན་ཡོད་རྒྱུ་མ་རེད།"
4659217,4661259,2042,"དཔེར་ན། སྣོད་བཅུད་རི་གླིང་འདི་ཐམས་ཅད་"
4661259,4665965,4706,"འབྱུང་བ་བཞི་འདྲ་ལྟ་བུ་ཞིག་གིས་འཇིགས་སོང་ན། དེ་ནས། ངོ་ཐུག་བར་སྣང་སྟོང་པ་ཞིག་ལ་བསྡད་བཞག་གི་མ་རེད་བཱ། ཕལ་་་"
4665965,4668207,2242,"དཔེ་དེ་ལྟ་བུ་ཡིན་པའི་ཕྱིར་ན།"
4668207,4670395,2188,"དེ་ནས། ཡུལ་དང་ཡུལ་ཅན་གཅིག་མེད་ཚར་ན།"
4670395,4675256,4861,"གཟུང་འཛིན་གཉིས་སུ་མེད་པ་ཟེར་མཁན་ཅིག་དང་། སྟོང་པ་སྟོང་རྐྱང་ཞིག་ཡོད་ལོ་ཡི་མ་རེད།"
4675256,4677953,2697,"སྟོང་པ་དང་ངོ་བོ་དེ་གཏན་ལ་ཕབ་ཚར་དུས་བལྟས་ན།"
4677953,4682065,4112,"སྟོང་པ་འདི་ཕྱི་བཟུང་བ་ཡུལ་དང་ཡང་མ་མཆིས། ནང་འཛིན་པ་སེམས་སུའང་མ་མཆིས།"
4682065,4684279,2214,"གཉིས་སུ་མེད་པའི་ཡེ་ཤེས་ཀྱི་ངོ་བོ་ཞིག་རེད།"
4684279,4687269,2990,"དེ་ནས། སེམས་ཀྱི་རང་བཞིན་འོད་གསལ་བ་ཟེར་མཁན་འདི་རེད།"
4687269,4691803,4534,"དེ་ནས། འོད་གསལ་བ་དེ་སུས་ཉམས་སུ་མྱོང་གི་ཡོད་རེད་ཟེར་ན། སོ་སོ་རང་རིག་པའི་ཡེ་ཤེས་ཟེར་མཁན།"
4691803,4695973,4170,"ཡུལ་དང་ཡུལ་ཅན་གཉིས་སུ་མེད་པའི་ཡེ་ཤེས། མཉམ་བཞག་པའི་ཡེ་ཤེས་ཅིག་གིས་མྱོང་དགོས་རྒྱུ་རེད་ཟེར་མ་གཏོགས།"
4695973,4701484,5511,"ད་ལྟ་ངོ་ཐུག་ཡི་ཤེས་པ་འདྲ། ཡུལ་དང་ཡུལ་ཅན་རྣམ་རྟོག་ལྷན་ཅིག་ཏུ་འཁྲིགས་པ་ཡིས་མྱོང་རྒྱུ་མ་རེད་དུས།"
4701484,4704052,2568,"རང་རིག་རང་གསལ་མངོན་སུམ་མྱོང་བ་དེ།"
4704052,4709408,5356,"དེ་ལྟ་བུའི་མྱོང་བ་འོད་གསལ་བའི་ཡེ་ཤེས་དེ་ག། བདེན་པར་གྲུབ་པ་ཞིག་འགི་བསམ་ན། འཛིན་པ་ཞུགས་འགྲོ་རྒྱུ་རེད་དུས།"
4709408,4711442,2034,"དེའི་ཕྱིར་ན། བདེན་པར་གྲུབ་བོ་སྙམ་ན།"
4711442,4713014,1572,"དེ་ཡང་བདེན་པར་མ་གྲུབ་སྟེ། "
4713014,4717439,4425,"གང་རེད་ཟེར་ན། དེ། འོད་གསལ་བ་དེ། འདས་མ་འོངས་ད་ལྟ་དུས་གསུམ་གྱི་ཆ་ལས་ཕྱེ་ན།"
4717439,4719401,1962,"འོད་གསལ་བའི་ཡེ་ཤེས་འདས་པའང་མ་རེད།"
4719401,4722540,3139,"མ་འོངས་པའང་མ་རེད། ད་ལྟ་བའི་་་། ཡང་མ་རེད།"
4722540,4726089,3549,"འོད་གསལ་བའི་ཡེ་ཤེས་དེ། ཡུལ་ལ་ལྟོས་དགོས་རེད་ཟེར་ན། ཡུལ་ལ་ལྟོས་དགོས་མ་རེད།"
4726089,4729010,2921,"གདོད་ནས་རྣམ་པར་དག་པ་སྟོང་པ་ཞིག་རེད། དེའི་ཕྱིར་ན།"
4729010,4731415,2405,"དུས་གསུམ་གྱི་རང་བཞིན་དུ་མ་གྲུབ་པའི་ཕྱིར། འདི་"
4731415,4735581,4166,"ལྟ་བུ་གཉིས་སུ་མེད་ཟེར་དུས། ཕྱི་བཟུང་བ་ཡུལ་དང་། ནང་འཛིན་པ་གཉིས་སུ་མེད་པའི་"
4735581,4736993,1412,"ཡེ་ཤེས་ཀྱི་ངོ་བོ་ཡིན་ན། "
4736993,4738961,1968,"གཉིས་སུ་མེད་པའི་ཡེ་ཤེས་རྟོགས་སོང་ན། "
4738961,4742311,3350,"དེ་ནས། སྨྲ་བསམ་བརྗོད་མེད་ཤེས་རབ་ཕ་རོལ་ཕྱིན། །ཟེར་མཁན་དེ་ལ་འཁྱེར་འགྲོ་རྒྱུ་རེད།"
4742311,4744912,2601,"འདིའི་དེ། དེ་ལས་འདས་པ་དང་།"
4744912,4747850,2938,"ད་ལྟ་དང་མ་འོངས་པའི་དུས་གསུམ་གྱི་ཆ་ཕྱེ་ནས།"
4747850,4752513,4663,"དེ་ནས། འདས་མ་འོངས་ད་ལྟ་དུས་གསུམ་དུ། ད་ལྟ་ཤེས་པ་སྐད་ཅིག་ཆ་མེད་གཏན་ལ་ཕབ་པ་བཞིན་དུ།"
4752513,4757287,4774,"ད་ལྟའི་སྐད་ཅིག་གཅིག་ལ་ཆ་བཞག་ན། འདས་པ་དེ་དང་ད་ལྟ་གཉིས་འཕྲད་དམ་མ་འཕྲད།"
4757287,4759969,2682,"ཕྲད་ན་སྐད་ཅིག་མ་གཅིག་ཏུ་མྱོང་བ་མ་གཏོགས།"
