0,4900,4900,"་་་དངོས་བསྟན་པ་དེ་ལ། མདོར་བསྟན་པ་དང་། རྒྱས་པར་བཤད་པ་གཉིས་ཡོད་པའི་ནང་ནས།"
4900,7400,2500,"ད་་་ མདོར་བསྟན་པ་བཤད་པ།"
7400,13815,6415,"དེ་རྐྱེན་བསྐྱེད་དང་རྫོགས་པ་དང་། །མཐུན་གྲོགས་སྔགས་ཀྱི་འདུལ་བ་སྟེ། །སྤྱོད་པའི་ཉེ་རྒྱུས་མཚམས་སྦྱར་བས། །ཟུང་འཇུག་གོ་འཕང་ཚེ་འདིར་རྙེད། །"
13815,15797,1982,"ཞེས་པ་ལ་སོགས་པ་སྨོས་པ་སྟེ།"
15797,18723,2926,"གོང་གི་བཤད་པ་དེ་ལྟ་བུ་དབང་གིས་རྒྱུད་སྨིན་ཟིན་ནས།"
18723,20336,1613,"དཱ། སྨིན་པ་འདི་ཡར་གྲོལ་བར་བྱེད་དུས།"
20336,23780,3444,"དཔེར་ན། ཞིང་ས་དེ་ནང་ནས་ས་བོན་ལས་མྱུ་གུ་རྡོལ་འོང་ན།"
23780,27844,4064,"དེ་ལ། འཚེ་རྐྱེན་གཞན་གྱིས་རླག་མི་འགྲོ་བའི་ཆེད་དུ་ར་བ་སྐོར་བ་དང་།"
27850,31048,3198,"རྐྱེན་ཆུ་ལུད་དྲོད་གཤེར་སྦྱར་བ་དང་། ཆར་ཆུ་དུས་སུ་འབབ་པར་བྱེད་ན།"
31048,33881,2833,"དེ་ནས། མྱུར་དུ། འབྲས་བུ་ཡག་པོ་སྨིན་འོང་རྒྱུ་རེད་དུས།"
33881,35306,1425,"དཔེ་དེ་ལྟ་བུའི་རིམ་པས།"
35306,38517,3211,"དེ། གསང་སྔགས་རྡོ་རྗེ་ཐེག་པའི་ལམ་ཡིན་ན།"
38517,42161,3644,"ཐུན་མོང་ཕྱི་ཡི་སྔོན་འགྲོ། ཐུན་མིན་ནང་གི་སྔོན་འགྲོ་གིས། དང་པོ་རྒྱུད་སྦྱངས།"
42161,45713,3552,"དེ་ནས། དེ་ཡི་རྗེས་སུ། བསྐྱེད་རིམ། བུམ་པའི་དབང་ཐོབ་ཚར་ནས་བཟུང་སྟེ།"
45713,48121,2408,"ཡི་དམ་ལྷག་པའི་ལྷ་གང་ཡིན་པ་དེ་ཡི་"
48121,49264,1143,"བསྐྱེད་རིམ་འདི་སྒོམ།"
49264,53842,4578,"དེ་ནས། གསང་བའི་དབང་ཐོབ་ཟིན་པའི་སྟོབས་ཀྱིས་ལྷག་པའི་ལྷ་དེ་ཡི་རྫོགས་རིམ་སྒོམ།"
53842,58135,4293,"དེ་ནས། རྫོགས་རིམ་ལ་ནུས་པ་ཐོབ་འོང་ན། ཤེས་རབ་ཡེ་ཤེས་ཀྱི་དབང་དང་མཐུན་པའི་གཞན་ལུས་བསྟེན།"
58135,62316,4181,"དེ་ལས་ཀྱང་ཁྱད་པར་དུ་འཕགས་པ་དབང་བཞི་པའི་ལམ་འདི་རྩེ་གཅིག་ཏུ་ཉམས་ལེན་བྱས་ན།"
62316,64683,2367,"དེ་ནས། བུམ་དབང་། དེ་བཞིན། སྔོན་འགྲོ་ལྟ་བུ་རེད།"
64683,66001,1318,"གསང་དབང་དེ་དངོས་གཞི་རེད།"
66001,68955,2954,"ཡང་། གཞན། སྒོས། གསང་དབང་དེ་སྔོན་འགྲོ་ལྟ་བུ་རེད།"
68955,70275,1320,"ཤེར་དབང་དེ་དངོས་གཞི་རེད།"
70275,72140,1865,"ཤེར་དབང་དེ་སྔོན་འགྲོ་ལྟ་བུ་རེད།"
72140,75310,3170,"ཤེར་དབང་གི་ཡོན་ཏན་མཐར་ཕྱིན་པ། འབྲས་བུ་འདི་དབང་བཞི་པ་རེད་དུས།"
75310,77215,1905,"འདི། དབང་བཞི་པོ་དེ་དག་ཐམས་ཅད།"
77215,80715,3500,"དེ་ནས། ད་ལྟ། ང་ཚོ་ཐམས་ཅད་དབང་བཞི་པོ་དུས་གཅིག་ཏུ་ཐོབ་བསྡད་ཡོད་དུས་རེད་དུས།"
80715,86100,5385,"དེ་ནས། ལམ་བཞི་པོ་དེ་ཡང་། དངོས་གཞི་ ཞིག་ཏུ་་་་གང་འགྲོ་དགོས་ན་ལམ་སེང་སླེབ་འགྲོ་རྒྱུ་རེད་དུས།"
86100,89533,3433,"དཔེ་དེ་ལྟ་བུས། བསྐྱེད་རིམ་གྱིས། གཅིག་གི་གྲོགས་གཅིག་གིས་བྱེད་འོང་དུས། "
89533,93033,3500,"དེ་ནས། གསང་སྔགས་རྡོ་རྗེ་ཐེག་པའི་ལམ་གྱི་རིམ་པ་མཐར་ཕྱིན་འོང་རྒྱུ་རེད།"
93033,95838,2805,"དེ་ནས། ལམ་གྱི་རིམ་པ་དེ། རང་གིས་ཉམས་སུ་མ་བླངས་ནས་བཟུང་སྟེ།"
95838,98317,2479,"དབང་བཞི་ཡིས་སྒྲིབ་པ་བཞི་དག་རྒྱུ་དང་།"
98317,100377,2060,"ལམ་བཞི་མངོན་དུ་འགྱུར་རྒྱུ་ཡོད་མ་རེད་དུས།"
100377,102048,1671,"དེའི་ཕྱིར་ན། རྒྱུད་སྦྱོང་དགོས་རེད།"
102048,105488,3440,"དེ་ནས། རྒྱུད་སྦྱོང་བར་བྱེད་པ་དེ་ལ་ཡང་། དཔེར་ན། དབང་བཞི་བསྐུར་ན།"
105488,111715,6227,"བུམ་པའི་དབང་འདི། གང་ལས་སྐུར་དགོས་རེད་ཟེར་ན། རྡུལ་ཚོན་དང་གཅིག། རས་བྲིས་དང་གཉིས། ཚོམ་བུ་གསུམ་ལ་བརྟེན་ཏེ་སྐུར་དགོས་རེད།"
111715,117340,5625,"གསང་བའི་དབང་འདི། རྡོ་རྗེ་སློབ་དཔོན་གྱི་སྐུ་ཡི་དཀྱིལ་འཁོར་དེ་ལས། ལུས་དཀྱིལ་གྱི་ལྷ་བཀོད་དེ། དེ་ལས་སྐུར་དགོས་རེད།"
117340,121938,4598,"ཤེས་རབ་ཡེ་ཤེས་ཀྱི་དབང་དེ། མཚན་ཉིད་དང་ལྡན་པའི་ཕྱག་ཆོས་བཤད་ལ་བརྟེན་ཏེ་སྐུར་དགོས་རེད།"
121938,126052,4114,"དབང་བཞི་པ་དེ། དེ་ཁོ་ན་ཉིད་ཀྱི་ཡེ་ཤེས་ཀྱི་ངོ་བོ་ལ་བརྟེན་དགོས་རེད་དུས།"
126052,128324,2272,"དེའི་དཀྱིལ་འཁོར་བཞི་པོ་དེའི་ཞིང་ས་ལ། "
128324,132283,3959,"བརྟེན་པ་དབང་བཞིའི་ས་བོན་དེ་གདབ་ནས། དབང་བཞི། དེ་ནས་དེ། དཀྱིལ་འཁོར་ནང་དུ་བཞག།"
132283,136007,3724,"རྡོ་རྗེ་སློབ་དཔོན་གྱི་ལྟ་དགོངས་ཏིང་ངེ་འཛིན་གྱི་ལམ་ནས། བྱིན་གྱིས་བརླབ་འོང་དུས།"
136007,138758,2751,"དེ་ནས། དབང་བཞི་ཡི་ནུས་པ། བྱིན་རླབས་དེ། གདོད་ནས་ཡོད་པ་རེད།"
138758,140912,2154,"ནུས་པ་བྱིན་རླབས་དེ། དེ་ནས། ཚུར་སྨིན་འོངས་ན།"
140912,143937,3025,"དེ་གཤེགས་སྙིང་པོའི་ཡོན་ཏན་དེ། ལམ་སེང་ཡར་སད་འོང་རྒྱུ་རེད་དུས།"
143937,147561,3624,"ས་བོན་གདབ་པའི། དེ་ནས། རང་གི་རྒྱུད་ལ་ད་ལྟ་བཞུགས་པ་བྱས་ན།"
147561,150649,3088,"རྩ། རླུང་། ཐིག་ལེ། ཡེ་ཤེས་ཀྱི་རྟེན་ཡོད་པ་དེ།"
150649,155726,5077,"དབང་གིས། དང་། བསྐྱེད་རྫོགས་ཀྱི་ལམ་འདིས། གོང་ནས་གོང་དུ་འཕེལ་བར་བྱེད་པའི་རྟེན་ལས།"
155726,157554,1828,"དེ་ནས། བསྐྱེད་རིམ་ཟེར་ན་གང་རེད་ཟེར་ན། "
157554,161234,3680,"ད་ལྟ་ང་ཚོ་ཡི། ཕྱི་སྣོད་ཀྱི་འཇིག་རྟེན། ནང་བཅུད་ཀྱི་སེམས་ཅན།"
161234,165158,3924,"རྒྱུད་ཉོན་མོངས་སྡུག་བསྔལ་དེ་ཐམས་ཅད། ཐ་མལ་གྱི་རང་བཞིན་དུ་སྣང་བསྡད་ཀྱི་འདུག་གཱ།"
165158,170548,5390,"འདི། ཐ་མལ་གྱི་སྣང་བ་ཕར་སྦྱོང་བར་བྱེད་པའི་ཆེད་དུ། ཕྱིར། སྣོད་ཀྱི་འཇིག་རྟེན་འབྱུང་བ་ལྔ་དེ་ཡུམ་ལྔ།"
170548,174464,3916,"ནང་། བཅུད་ཀྱི་སེམས་ཅན་ཐམས་ཅད་ཕུང་པོ་ལྔ་རིགས་ལྔའི་རང་བཞིན་གྱིས་འདུས་པ།"
174464,177339,2875,"འདིའི་རྒྱུད་ཀྱིས་ཉོན་མོངས་པ་དུག་ལྔ་དེ་ག་ཐབས་ཀྱིས་ཟིན་ནས།"
177339,180217,2878,"ཡེ་ཤེས་ལྔའི་རང་བཞིན་དུ་བྱིན་གྱིས་བརླབ་པར་འགྱུར་བའི།"
180217,181707,1490,"དེ་ནས། བསྐྱེད་པའི་རིམ་པ་དང་།"
181707,187648,5941,"དེ་ནས། བསྐྱེད་རིམ་དེ་ཉིད་ལའང་། སྐུ་བསྐྱེད་པའི་རིམ་པ། གསུང་བཟླས་པའི་རིམ་པ། ཐུགས་རྫོགས་རིམ་གྱི་རིམ་པ། རྡོ་རྗེ་གསུམ།"
187648,191654,4006,"བསྐྱེད་རིམ་ཁོ་ན་ལའང་། དེ་ནས། ཆོ་ག་ཡི་སྔོན་འགྲོ། དངོས་གཞི། རྗེས།"
191654,194447,2793,"དེ་ནས། བསྐྱེད་རིམ་ལ། འདི། རེ་རེ་བཞིན་དུ།"
194447,200525,6078,"རྣམ་པ་གསལ་བ། རྣམ་དག་དྲན་པ། ང་རྒྱལ་བརྟན་པ་ལ་སོགས་པ། བསྐྱེད་རིམ་གྱི་འཁོར་ཡན་ལག་དང་བཅས་པ་ཡོད་རྒྱུ་རེད་དུས།"
200525,201806,1281,"དེ་ལྟ་བུ་བསྒོམས་ན།"
201806,206263,4457,"དེ་ནས། ལུས་ཀྱི་སྒྲིབ་པ་དེ་ཕར་དག་ནས། བུམ་པའི་དབང་གི་གྲུབ་མཐའ་དེ་མཐར་ཕྱིན་འོང་རྒྱུ་རེད།"
206263,208491,2228,"དེ་ནས། བུམ་པའི་དབང་གི་གྲུབ་མཐའ་མཐར་ཕྱིན་ཚར་དུས།"
208491,212114,3623,"བསྐྱེད་རིམ་འདི་ཡིས། མ་དག་པའི་ཕུང་ཁམས་སྐྱེད་མཆེད། སྣང་བ་འདི་སྦྱངས་ཚར་དུས།"
212114,214604,2490,"དག་པ་ཡེ་ཤེས་ཀྱི་རྩ་རླུང་ཐིག་ལེ་དེ།"
214604,218855,4251,"དག་པ་ལྷ་ཡི་སྐུ་གསུང་ཐུགས་རྡོ་རྗེའི་ངོ་བོ་རུ་སྨིན་པར་བྱེད་པ་དེ་རྫོགས་རིམ་རེད།"
218855,224051,5196,"གང་རེད་ཟེར་ན། དཔེར་ན། བསྐྱེད་རིམ་འདིས་ཕྱིད་ནས། དང་པོ་ལྷ་བཟོ་མཁས་པ་ཞིག་གིས་ཚོན་བཏང་ས་ཞིག་ལྟ་བུ་རེད།"
224051,229776,5725,"དེའི་སྟེང་དུ། རྫོགས་རིམ་འདི་ཡང་ནས་གོང་དུ་བསྒོམས་ན་གསེར་ལ་སོགས་པ་དེས་རིས་མོ་བྲིས། དེའི་སྟེང་དུ་བཀྲག་རྩིས་བཏང་བཞག་ན།"
229776,231425,1649,"སྔར་ལས་ཀྱང་མདངས་ཚད་འོང་གི་རེད་དུས།"
231425,234151,2726,"དཔེ་དེ་བཞིན་དུ། བསྐྱེད་རིམ་དེ་ལ་རྫོགས་རིམ་གྱིས་རྗེས་ཐེབས་ན།"
234151,236495,2344,"ཡང་། བསྐྱེད་རིམ་ལས་རྫོགས་རིམ་ལམ་མྱུར་གྱི་རེད།"
236495,239152,2657,"རྫོགས་རིམ་འདི་ཚུལ་བཞིན་དུ་སྒོམ་ན། ཟབ་པ།"
239152,241585,2433,"རྫོགས་པའི་རིམ་པ་དེ་ཟབ་རྒྱུ་རེད།"
241585,245339,3754,"དེའི་ཕྱིར་ན། དབང་བསྐུར་བའི་དུས་དང་། དབང་བསྐྱེད་རིམ་བསྐྱེད་ཕྱིར་ཁོ་ལ་བརྟེན་དགོས་རྒྱུ་རེད།"
245339,246929,1590,"སྤྲོས་པ་བྱེད་ས་ཡི། དེ་རེད།"
246929,251534,4605,"དེ་ནས། རྫོགས་རིམ་གྱིས། དབང་རྣོན་རྡོ་རྗེའི་ཕུང་པོ་དང་ཡུམ་གྱི་དཀྱིལ་འཁོར་ལ་བརྟེན་དགོས་རྒྱུ་རེད།"
251534,254168,2634,"ཤིན་ཏུ་ཟབ་སོང་རྫི་ཡི་སྤྲོས་བཅས་ཀྱི་ཅི་གང་མི་དགོས་"
254168,256262,2094,"གདོད་ནས་ལྷུན་གྱིས་གྲུབ་པའི་དཀྱིལ་འཁོར་ཟེར།"
256262,259411,3149,"ཕུང་ཁམས་སྐྱེད་མཆེད་དེ་ཐམས་ཅད། དབང་བསྐུར་རྫི་ཡི་དཀྱིལ་འཁོར་ལ། དཔེར་ན།"
259411,262154,2743,"ཐིག་དང་རྡུལ་ཚོན་བཞེང་བསྡད་རྫི་ལྟ་བུ་མ་རེད། དེ།"
262154,266702,4548,"ཕུང་ཁམས་སྐྱེད་མཆེད་ཀྱི་གནས་ཚུལ་དེ་ཤེས་ཚར་ན། ཡེ་ཤེས་ལྷ་ཡི་སྐུ་གསུང་ཐུགས་ཀྱི་རོལ་གར་རུ་"
266702,270446,3744,"རེད་ནི། ཡེ་ནས་རེད་བསྡད་ཡོད་པ་དེ་གསལ་འདེབས་པ་བྱེད་པ་དེ་རེད།"
270446,273918,3472,"དེ་ནས། རྫོགས་པའི་རིམ་པ་དེ་ལའང་། མཚན་བཅས་དང་མཚན་མེད་གཉིས་ཡོད་རེད།"
273918,276794,2876,"དེ་ནས། མཚན་བཅས་ཀྱི་རྫོགས་པའི་རིམ་པ་ཟེར་མཁན་དེ་གང་རེད་ཟེར་ན།"
276794,283696,6902,"ད་ལྟ། གསར་རྙིང་ཐམས་ཅད་ལ་ཡོངས་སུ་གྲགས་པ་ཡི་གཏུམ་མོ། སྒྱུ་ལུས། རྨི་ལམ། འོད་གསལ། བར་དོ། འཕོ་བ་འདི།"
283696,285132,1436,"མཚན་བཅས་ཀྱི་རྫོགས་རིམ་དེ་རེད།"
285132,288515,3383,"དེ་ནས། མཚན་མེད་ཀྱི་རྫོགས་རིམ། དཔེར་ན། དེ་ནས། "
288515,290690,2175,"གསར་རྙིང་ཐུན་མོང་གི་དབང་དུ་བཏང་ན།"
290690,294342,3652,"ཕྱག་རྒྱ་ཆེན་པོ་དང་། དེ་ནས། རྫོགས་པ་ཆེན་པོ། དབང་བཞི་པའི་ཡེ་ཤེས་ཟེར་མཁན།"
294342,296118,1776,"དེ་ཐམས་ཅད་མཚན་མེད་ཀྱི་རྫོགས་རིམ་རེད།"
296118,299646,3528,"འདི་རྫོགས་པའི་རིམ་པ་ཡིན་ན། དཔེར་ན། ད་ལྟ། མཁས་པ་རྣམས་ཀྱི་གསུང་གྲོས་ལ།"
299646,305369,5723,"ཀུན་རྫོབ་ཀྱི་བདེན་པ་ལམ་དུ་བྱ་བ་བསྐྱེད་རིམ་ཡིན་དུས། བསྐྱེད་རིམ་འདི་བློ་ཡིས་བཏགས། རྣམ་རྟོག་གིས་ཕར་བཟོས་བཞག་རྫི་རེད།"
305369,307345,1976,"དེ་ཀུན་རྫོབ་ཀྱི་བདེན་པ་ལྟ་བུ་ཡིན་གསུངས་རེད།"
307345,310309,2964,"དོན་དམ་གྱི་བདེན་པ་ལམ་དུ་བྱེད་པ་རྫོགས་རིམ་ཡིན་ཟེར་རེད། "
310309,314426,4117,"དེ། རྡོ་རྗེའི་ཕུང་པོའི་གྲོང་ཁྱེར་འདི། རྩ་རླུང་ཐིག་ལེ། གདོད་ནས་དཀྱིལ་འཁོར་དུ་གནས་བསྡད་ཡོད་པའི་"
314426,317828,3402,"དོན་གྱི་གནས་ལུགས་དེ་ལམ་དུ་བྱེད་ཐུབ་ན། རྫོགས་པའི་རིམ་པ་ཡིན་ཟེར།"
317828,322091,4263,"དེ་ལྟ་བུའི་བསྐྱེད་རྫོགས་ཟུང་འཇུག་དེ། རྣལ་འབྱོར་པ་ཞིག་གིས་ཉམས་སུ་བླངས་ནས།"
322091,325391,3300,"དང་པོ། བསྐྱེད་རིམ་གྱི་སྒོ་ནས་རྫོགས་རིམ་འདིའི་གཞི་བཏིང་།"
325391,328190,2799,"གཞི་བཏིངས་པ་འདིའི་སྟེང་དུ། རྫོགས་རིམ་གྱིས་བོགས་ན།"
328190,333260,5070,"དེ་ནས། རྫོགས་རིམ་དེ་ཉིད་ལའང་། མཚན་མེད་ཕྱག་རྒྱ་ཆེན་པོ་དང་རྫོགས་པ་ཆེན་པོའི་ལམ་གྱི་རྗེས་ཤིག་ཐེབས་སོང་ན།"
333260,335492,2232,"དཔེར་ན་ཆུ་ལུད་དྲོད་གཤེར་ལ་སོགས་པ་དང་"
335492,338163,2671,"ཆོས་མཚུངས་པ་ལམ་བསྐྱེད་རྫོགས་རིམ་པ་གཉིས་དང་།"
338163,343137,4974,"དེ་ནས། དེའི་མྱུ་གུ་ཡར་སྐྱེ་འོང་རྒྱུ་དེ་ལ་ར་བ་བསྐོར་བ་དང་།"
343137,347349,4212,"སྲུང་བ་ལ་སོགས་པ་བྱེད་ན། མྱུ་གུ་དང་མེ་ཏོག་ལ་སོགས་པ་འཐོན་རིམ་བཞིན་དུ་"
347349,351868,4519,"སོ་སོའི་མི་མཐུན་པའི་ཕྱོགས་ཐམས་ཅད་སྲུང་བར་འགྱུར་བ། མཐུན་ཕྱོགས་དང་ཆོས་མཚུངས་པའི་"
351868,355202,3334,"ལམ་གྱི་གྲོགས་སུ་འགྱུར་བ་དེ་ལ། དེ། གྲོགས་དམ་ཚིག་ཟེར་རེད།"
355202,357192,1990,"ད་ལྟ། དཔེར་ན། ཐོབ་པ་དབང་དེ།"
357192,360069,2877,"གསང་སྔགས་ཀྱི་སྡོམ་པ་ཐོབ་རྒྱུ་དེ་གང་ལས་ཐོབ་རེད་ཟེར་ན།"
360069,361414,1345,"དཀྱིལ་འཁོར་ལས་ཐོབ་རེད་དེ།"
361414,366469,5055,"དབང་རང་ཐོབ་ཚར་དུས། དབང་གི། མི་ཉམས་པར་སྲོག་འཛིན་པར་བྱེད་རྫི་འདི་གང་རེད་ཟེར་ན་དམ་ཚིག་རེད།"
366469,368759,2290,"དམ་ཚིག་འདི་ཚུལ་བཞིན་དུ་སྲུང་ཐུབ་ན།"
368759,371114,2355,"གང་ཟག་གིས། བསྐྱེད་རྫོགས་ལམ་ལ་མ་བསྒོམས་ནའང་།"
371114,372700,1586,"བླ་མ་སངས་རྒྱས་སུ་མཐོང་།"
372700,375687,2987,"གསང་སྔགས་རྡོ་རྗེ་ཐེག་པའི་ལམ་འདི་ཟབ་པོ་ཞིག་ཡིན་བསམས།"
375687,378497,2810,"རྩ་བ་ཡན་ལག་གི་དམ་ཚིག་མ་ཉམས་པ་ཚུལ་བཞིན་དུ་བསྲུངས།"
378497,381564,3067,"ཡག་པོ་ཞིག་བྱས་ན། དེ་ནས། སྐྱེ་བ་གསུམ་ཕན་ཆད་མི་བརྒྱུད་པར།"
381564,385800,4236,"གྲོལ་འགྲོ་རྒྱུ་ཡོད། སངས་རྒྱས་རྡོ་རྗེ་འཆང་ཁོང་གིས། དེ་ཡང་ནས་ཡང་དུ་ཞལ་བཞེད་ཡོད་རྒྱུ་རེད་དུས།"
385800,388181,2381,"དེའི་ཕྱིར་ན། དབང་གི་སྲོག་འདི་དམ་ཚིག་རེད།"
388181,389671,1490,"དམ་ཚིག་དེ་དག་ལའང་།"
389671,392669,2998,"སོ་ཐར་དང་བྱང་སེམས་གཉིས་ཀྱི་བསླབ་པ་དང་མི་འདྲ་བ།"
392669,397220,4551,"སོ་སོ་སྐྱེ་བོའི་ཀུན་རྟོག་གི་སྒྲོ་འདོགས་མཉམ་པའི་དམ་ཚིག་ས་མ་ཡ་འབུམ་སྡེ་ཟེར་མཁན་ཡོད་རེད།"
397220,399665,2445,"རྣམ་གྲངས་བསམ་གྱིས་མི་ཁྱབ་པ་ཡོད་རེད་དེ། ཡོད་ནའང་།"
399665,401773,2108,"དེ་ཐམས་ཅད་ཀྱི་སྙིང་པོ་གང་རེད་ཟེར་ན།"
401773,405757,3984,"སྣང་བ་ལྷ། སྒྲ་གྲགས་སྔགས། དྲན་རྟོག་ཐུགས་ཀྱི་ཡེ་ཤེས་སུ་ལམ་དུ་ཁྱེར་སོང་ན།"
405757,410067,4310,"དམ་ཚིག་ཐམས་ཅད། བླ་མའི་སྐུ་གསུང་ཐུགས། རྡོ་རྗེ་གསུམ་ལ་མ་བསྡུས་པ་གཅིག་རྐྱང་ཡོད་མ་རེད།"
410067,414913,4846,"དེ་ནས། བླ་མའི་སྐུ་གསུང་ཐུགས། རྡོ་རྗེ་གསུམ་གྱིས་སྣང་གྲགས་རིག་པ་ལ་རྗེས་ཐེབས་བསྡད་ཡོད་བསམ་པ་ཞིག་གིས།"
414913,417942,3029,"དག་སྣང་ལམ་དུ་བྱས་ཏེ་དངོས་སུ་མཐོང་བ་ལྟར་དུ་སྒོམ་མ་ཐུབ།"
417942,419960,2018,"སྒྲ་གྲགས་སྔགས་སུ་ངོ་མ་ཤེས་ནའང་།"
419960,423719,3759,"དཱ། སྣང་གྲགས་རིག་གསུམ་ཐམས་ཅད། བླ་མའི་སྐུ་གསུང་ཐུགས་ཀྱི་ངོ་བོ་ཡིན་བསམ་ལ།"
423719,428368,4649,"གསང་སྔགས་རྡོ་རྗེ་ཐེག་པའི་ལམ་དེ། དག་སྣང་ལམ་དུ་བྱེད་པ་ཟེར་རེད། འདིས་ཆོག་གི་རེད་གསུང་གི་འདུག།"
428368,433629,5261,"དེ་ནས། དམ་ཚིག་ཉམས་ཆག་ཐམས་ཅད་སྦྱང་བར་བྱེད་པ་ལའང་། སོ་ཐར་དང་བྱང་སེམས་གཉིས་དང་འདྲ་ཡི་མ་རེད།"
433638,436257,2619,"གསང་སྔགས་རྡོ་རྗེ་ཐེག་པ་ཐབས་སོང་་་ཟབ་སོང་རྫི་ཡིས།"
436257,441281,5024,"གང་ཟག་རང་རང་གིས། དམ་ཚིག་ཉམས་ཆག་ཐམས་ཅད་ཡར་གསོ་ཐུབ་ཀྱི་རེད།"
441281,445733,4452,"སྔགས་ཀྱི་སྡོམ་པ་ཉམས་ན། བླ་མ་དང་ཆོས་ལ་གཏན་ནས་ལོག་ལྟ་འདྲ་སྐྱེས་སོང་ན་མ་གཏོགས།"
445733,447493,1760,"རང་གིས་གསོ་མི་ཐུབ་པ་ཡོད་མ་རེད།"
447493,450578,3085,"དེ་ནས། གསོ་བར་བྱེད་པ་དེ་ལའང་། དཀའ་ལས་ཆེན་པོ་དགོས་མ་རེད།"
450578,455251,4673,"དེ་ནས། གསར་རྙིང་ཐམས་ཅད་རྡོར་སེམས་སྒོམ་བཟླས་ཡོད་པ་འདི་ཡིས། རྡོ་རྗེ་སེམས་དཔའི་སྒོམ་བཟླས་བྱས་ཏེ།"
455251,458056,2805,"དེ་ནས། ཉིན་རེ་བཞིན་དུ་དམ་ཚིག་ཉམས་ཆག། རབ་ཀྱིས་ཡིན་ནའང་"
458056,459995,1939,"ཉིན་ལན་གསུམ། མཚན་ལན་གསུམ།"
459995,466509,6514,"དེ་ལྟར་མ་བྱུང་ནའང་། ཉིན་མ་རེ་རེ་བཞིན་དུ་རྡོ་རྗེ་སེམས་དཔའི་བསྒོམ་བཟླས་འདི་ཡིས་ཡི་གེ་བརྒྱ་པ་བརྒྱ་དང་རྩ་བརྒྱད་རེ་མ་ཆག་པར་བཟླས།"
466509,468551,2042,"བདུད་རྩི་འབེབ་སྦྱོང་གི་དམིགས་པ་བྱས་ན།"
468551,471352,2801,"གསང་སྔགས་རྡོ་རྗེ་ཐེག་པའི་ལམ་གྱི་གསོ་སྦྱོང་འདི་རེད།"
471352,473588,2236,"དེ་ནས། དམ་ཚིག་ཉམས་ཆག་དག་སོང་ན།"
473588,477256,3668,"དེ་ནས། ཡོན་ཏན་དེ་རྒྱུད་ལ་སྐྱེ་མི་འོང་བའི་སྐབས་ཐོག་ཡོད་རྒྱུ་མ་རེད་དུས།"
477256,479249,1993,"དེའི་ཕྱིར་ན། དེ་རེད་མ་གཏོགས། དེ་ནས།"
479249,482238,2989,"སྔགས་ཀྱི་ལམ་ལ་དབྱེ་བ་ཕྱེས་ན། རྩ་ལྟུང་བཅུ་བཞི་ཟེར་དེ་དང་།"
482238,484427,2189,"ཡན་ལག་སྦོམ་པོ་བརྒྱད་ལ་སོགས་པ་ཡོད་རེད་དེ། "
484427,487349,2922,"དེ་ཐམས་ཅད་ཚུལ་བཞིན་དུ་སྲུང་བར་བྱེད་པ་ཡག་པོ་རེད་དེ།"
487349,491535,4186,"གསོ་སྦྱོང་གི་ཐབས་འདི་ནི། ཡི་གེ་བརྒྱ་པ་དེ་ཁོ་ནར་བརྟེན་དགོས་རྒྱུ་རེད་དུས།"
491535,495567,4032,"དེའི་ཕྱིར་ན། དེ་ནས། སྔགས་ཀྱི་འདུལ་བ་དེ། དམ་ཚིག་དང་སྡོམ་པའི་ཀུན་སྤྱོད་"
495567,497444,1877,"ཚུལ་བཞིན་དུ་བྱས་པས་རྣམ་པར་དག།"
497444,502304,4860,"དེ་ནས། དཔེར་ན། དང་པོ་དབང་ཚུལ་བཞིན་དུ། བླ་མ་མཚན་ཉིད་དང་ལྡན་པ་ཞིག་ལས་ཐོབ།"
502304,504290,1986,"དེ་ནས། བསྐྱེད་རྫོགས་ཀྱི་ལམ་ལ་བརྩོན།"
504290,507263,2973,"དམ་ཚིག་ཉམས་ཆག་མ་འབྱུང་བ་ཞིག་གིས། བཤགས་སྦྱོང་ཡག་པོ་བྱས།"
507263,511718,4455,"དམ་ཚིག་ཚུལ་བཞིན་དུ་བསྲུངས་ན། དེ་ནས། གྲོལ་མི་འགྲོ་བའི་ཐབས་གཏན་ནས་ཡོད་རྒྱུ་མ་རེད།"
511718,515464,3746,"མེད་པ་ཅི་རེད་ཟེར་ན། རྫོགས་པའི་སངས་རྒྱས་བཅོམ་ལྡན་འདས་ཐམས་ཅད་མཁྱེན་པ་རེད།"
515464,517835,2371,"གདུལ་བྱ་སེམས་ཅན་རྣམས། ལམ་ག་ནས་སོང་ན་"
517835,519909,2074,"སངས་རྒྱས་གོ་འཕང་ཐག་ཉེ་ཡི་འདུག།"
519909,521793,1884,"བསྐྱེད་རྫོགས་ག་འདྲ་བསྒོམས་ན་ཟབ་ཀྱི་འདུག།"
521793,523330,1537,"དེ་ཐམས་ཅད་མེད་པར། དཔེར་ན། "
523330,525496,2166,"ཟས་ཀྱི་ནང་ནས་ཟས་གང་ཞིམ་གྱི་འདུག།"
525496,528623,3127,"ཕྱོགས་གཅིག་ཏུ་འདུས་བཞག་རྫི་ལྟ་བུ་འདི་གསང་སྔགས་རྡོ་རྗེ་ཐེག་པ་རེད་དུས།"
528623,533278,4655,"དེའི་ཕྱིར་ན། རྡོ་རྗེ་ཐེག་པ་ནི་ཐབས་ལས་ཀྱང་ཐབས་ཁྱད་པར་དུ་འགྱུར་བ་དེ་རེད་དུས།"
533278,537130,3852,"དེ་ལྟ་བུ་ཡི་ཐབས་སུ་འགྱུར་བ་འདི་ཡི་དབང་དུ་བྱེད་ནས། དེ་ནས། ཚུལ་བཞིན་དུ།"
537130,538905,1775,"རྡོ་རྗེ་ཐེག་པའི་ལམ་ཉམས་སུ་ལེན།"
538905,543780,4875,"རྡོ་རྗེ་ཐེག་པའི་ལམ་ཉམས་སུ་ལེན་པ་དེ་ལ། གོང་དུ་བཤད་པ་ཡི་བསྐྱེད་རིམ་དང་རྫོགས་རིམ་"
543780,547999,4219,"ཟེར་བསྡད་རྒྱུ་དེ་ཐམས་ཅད་མེད་པར། རྡོ་རྗེ་ཐེག་པའི་ལྟ་བ་དང་བསྒོམ་པ་གཉིས་རེད།"
547999,550448,2449,"ལྟ་སྒོམ་དེ་གཉིས་བོགས་འདོན་པར་བྱ་བའི་ཕྱིར་དུ།"
550448,554997,4549,"སྤྱོད་པའི་རིམ་པ་ལ། དཔེར་ན། ལས་དང་པོ་པའི་སྐབས་སུ་ལ། ཀུན་ཏུ་བཟང་པོའི་སྤྱོད་པ་ཟེར་མཁན་དང་།"
554997,557294,2297,"དེ་ནས། གྲོལ་ལམ་བག་ཡོད་ཀྱི་སྤྱོད་པ་དང་།"
557294,561092,3798,"ཐབས་ལམ་ཉེ་རྒྱུ་སྤྱོད་པ་ཟེར། སྤྱོད་པ་རིམ་པ་བཞིན་དུ་འོང་གི་རེད།"
561092,564084,2992,"དེའི་ཕྱིར་ན། ལས་དང་པོ་པས་རྣལ་འབྱོར་པའི་སྤྱོད་པ་མི་བྱ།"
564084,567786,3702,"རྣལ་འབྱོར་པས། གྲུབ་པ་ཐོབ་པའི་སྤྱོད་པ་མི་བྱ་གསུངས། དེ་འདྲ་བྱས་དུས"
567786,569942,2156,"དུས་ཀྱི་བློ་ལས་འགྱུར། དེ་ལས་གསུངས་ཡོད་པ་ལྟར་དུ།"
569942,572929,2987,"ལས་དང་པོ་པ་རྣམས་ཀྱིས་གྲོལ་ལམ་བག་ཡོད་ཀྱི་སྤྱོད་པ་བྱེད།"
572929,577560,4631,"དེ་ནས། རྣལ་འབྱོར་བསྐྱེད་རྫོགས་ཀྱི་གདེང་དང་ལྡན་འོངས་ན། ཉེ་རྒྱུ་ཡི་སྤྱོད་པ་ལ་བརྟེན་ནས་མཚམས་སྦྱར་འོངས་ན་"
577560,579317,1757,"རྫོགས་རིམ་ལ་བོགས་འབྱུང་།"
579317,582205,2888,"ཟུང་འཇུག་གི་གོ་འཕང་མྱུར་དུ་རྙེད་འགྲོ་རྒྱུ་རེད་དུས།"
582205,583054,849,"མཚམས་སྦྱར་བས།"
583054,587015,3961,"དེ་ནས། སློབ་པའི་ལམ་ནི། གསང་སྔགས་རྡོ་རྗེ་ཐེག་པའི་ལམ་ནས།"
587015,589310,2295,"མཆོག་གི་དངོས་གྲུབ་དང་། ཐུན་མོང་གི་དངོས་གྲུབ།"
589310,592299,2989,"མི་སློབ་པའི་ལམ། ཟུང་འཇུག་རྡོ་རྗེ་འཆང་གི་གོ་འཕང་། ཚེ་འདིར་"
592299,594478,2179,"མི་སྐྱེ་བའི་ཐབས་མེད་པ་དེ་ནི། "
594478,597135,2657,"དཔེར་ན། སྔགས་ཀྱིས་བཏབ་པའི་ལོ་ཏོག་འདི། "
597135,599115,1980,"སྔགས་ནུས་པ་ཅན་ཞིག་གིས་བཏབ་ན། "
599115,601278,2163,"ཉི་མ་གཅིག་ལ་ཞིང་ས་སློང་བ་ཙམ་གྱིས་"
601278,603612,2334,"ལོ་ཏོག་མཚན་ཉིད་དང་ལྡན་པ་སྐྱེས་ཏེ།"
603612,606439,2827,"བཟའ་གཏུང་དང་ལོངས་སྤྱོད་པ། སྨིན་དུ་རུང་བ་བཞིན་དུ་ཡིན་པས།"
606439,610114,3675,"ཤིན་ཏུ་གལ་ཆེ་བ་ཡིན་ཏེ། དེ་སྐད་དུ་འཇམ་མགོན་ས་སྐྱ་པཎྜི་ཏས། "
610114,612935,2821,"སྔགས་ཀྱིས་བཏབ་པའི་ལོ་ཏོག་ནི། །ཉི་མ་གཅིག་ལས་འབྲས་བུ་སྨིན། །"
612935,614634,1699,"རྡོ་རྗེ་ཐེག་པའི་གནད་ཤེས་ན། །"
614634,617335,2701,"ཚེ་འདི་ཉིད་ལ་རྫོགས་སངས་རྒྱས། །གསུང་རྒྱུ་འདི་རེད་དུས།"
617335,620005,2670,"དེ་ནས། གསང་སྔགས་རྡོ་རྗེ་ཐེག་པའི་ལམ་གྱི་གནད་འདི་ཤེས་ན།"
620005,622258,2253,"དེ་ལྟ་བུ་ཞིག་ཡིན། ཅེས་བསྟན་པ་ཡིན་ཟེར།"
622258,624549,2291,"དེ་ནས། གཉིས་པ་རྒྱས་པར་བཤད་པ་ལ་གསུམ་ལས། "
624549,627595,3046,"གཞི་ལྟ་བས་ཐག་བཅད་པ། ལམ་བསྒོམས་པས་ཉམས་སུ་ལེན་པ།"
627595,630659,3064,"འབྲས་བུ་ཇི་ལྟར་འགྲུབ་པའི་ཚུལ་དང་རྣམ་པ་གསུམ་ཡོད་པ་ལས།"
630659,635381,4722,"དང་པོ་གཞི་ལྟ་བས་ཐག་བཅད་པར་བྱེད་པ་དེ་རེད་དུས།"
635381,639226,3845,"དེ་ནི། སྤྱོད་པས་་་ སྤྲོས་པའི་མཐའ་དང་མི་མཛའ་བའི་། །"
639226,640764,1538,"སྟོང་ཉིད་རྟོགས་བྱེད་ཚད་མའི་བློ། །"
640764,642420,1656,"བདེ་ཆེན་ངོ་བོར་སོང་བས་ན། །"
642420,643918,1498,"འཁོར་འདས་དབྱེར་མེད་མཚན་མར་མཐོང་། །"
643918,645585,1667,"གང་ལས་རབ་ཏུ་སྒོ་གསུམ་པོ། །"
645585,648499,2914,"ལྷ་སྔགས་ཆོས་སྐུར་རབ་སྦྱངས་པས། །སྲིད་གསུམ་སྐྱེ་དང་འཇིག་པ་ཡི། །"
648499,652443,3944,"ཐ་མལ་འཁྲུལ་པ་ལྡོག་པར་ངེས། །གསུང་རྒྱུ། ཞེས་སོགས་ཀྱིས་སྨོས་པ་སྟེ།"
652443,655795,3352,"དཱ། ད་ལྟ་གོང་དུ་བཤད་པ། མདོར་བསྟན་པའི་སྐབས་སུ་བཤད་བསྡད་རྒྱོགས།"
655795,659102,3307,"དབང་ཟེར་མཁན་འདི། གསང་སྔགས་ཀྱི་ལམ་ལ་དང་པོ་འཇུག་པའི་སྒོ།"
659102,661002,1900,"དཔེར་ན། ཁང་པ་ཞིག་གི་ནང་ལ་འགྲོ་དགོས་ན། "
661002,663514,2512,"དང་པོ་སྒོ་ཆེན་པོ། དེ་ནས་ཡར་ཞུགས་མཁན་འདྲ་ཞིག་གིས།"
663514,667824,4310,"དཱ། ཁང་པའི་ནང་དུ། དེ་ནས། བཅའ་ག་དང་། ལྟས་མོ་ག་ཚོད་ཡོད་ཤེས་པར་བྱེད་པ་དེ་ལ་"
667824,671464,3640,"ཐོག་མ་ཉིད་དུ། དེ་ནས། ནང་པ་སངས་རྒྱས་པའི་གྲུབ་མཐའ་ཞིག་ཡིན་ནས་བཟུང་སྟེ།"
671464,673836,2372,"ལྟ་བ་འདི་ཡག་པོ་ཞིག་གཏན་ལ་ཕབ་དགོས་རེད།"
673836,675975,2139,"ལྟ་བ་འདི་གཏན་ལ་ཕབ་རྫི་འདི་གང་རེད་ཟེར་ན།"
675975,677918,1943,"སྔར། གོང་དུ་བཤད་པ་ལྟར་དུ།"
677918,681688,3770,"གང་ཟག་དང་ཆོས་ཀྱི་བདག་མེད་པ་གཉིས་གཏན་ལ་ཕབ་བཞག་རྫི་འདི་"
681688,684396,2708,"སྟོང་ཉིད་ཀྱི་ལྟ་བ་རེད་དུས། སྔར་ཇི་སྐད་བཤད་པ་བཞིན་"
684396,686660,2264,"སྤྲོས་པའི་མཐའ་ཐམས་ཅད་དང་མི་མཛའ་བ་སྟེ། "
686660,688959,2299,"སྤྲོས་པའི་མཐའ་གང་ལའང་མི་གནས་པའི།"
688959,690676,1717,"ཡོད་མེད་རྟག་ཆད་ལས་ཐ་དད།"
690676,694699,4023,"དབུ་མའི་ལྟ་བ་དེ་ལས། དེ་ནས། གསང་སྔགས་ཀྱི་ལྟ་བས་བོགས་བྱིན་ཞིག་རེད་སོང་ན།"
694699,698554,3855,"གསེར་ཞུན་མ་ལ་རྡོ་རྗེ་ཕ་ལམ་གྱི་ཕྲ་བཀོད་པ་ལྟ་བུ་འབྱུང་རྒྱུ་རེད་དུས།"
698554,700079,1525,"དེའི་ཕྱིར་ན་མི་མཛའ་བ་སྟེ།"
700079,701357,1278,"དེ་ལ་ནམ་དུ་ཡང་"
701357,702827,1470,"མི་གནས་པའི་ཡུལ། གསུང་དུས།"
702827,704455,1628,"འདི། ལྟ་བ་ཟེར་མཁན་དེ། "
704455,707541,3086,"སྲིད་ཞི་གང་གི་མཐའ་ལའང་མི་གནས་པ་ཞིག་ཡིན་རྒྱུ་རེད་དུས།"
707541,710465,2924,"དེ་དག་རྣམས་ལ་ནམ་ཡང་མི་གནས་པའི།"
710465,715191,4726,"ཡོད་པ། མེད་པ། རྟག་པ། ཆད་པ། དངོས་པོའི་མཐའ་གང་ལའང་མི་གནས་པའི་ཡུལ་"
715191,718366,3175,"གཟོད་མ་ནས་སྟོང་པ་ཉིད་བརྗོད་བྲལ་གཉུག་མའི་ངོ་བོ་གང་ཞིག་ཟེར།"
718366,720081,1715,"དཱ། དབུ་མའི་རིགས་པ་ཡིས། ཕར།"
720081,723378,3297,"དང་པོ་རིགས་པ་ཡིས་དཔྱད་དགོས་རྫི་ཡི་རྒྱུ་མཚན་གང་རེད་ཟེར་ན།"
723378,725901,2523,"ང་ཚོ་ཡིས། མེད་པ་ཞིག་ལ་ཡོད་པ་བཟུང་བཞག་ཡ་འདི། "
725901,728262,2361,"འདི་ཡོད་པའི་འཛིན་པ་འདི་ཕར་བཤིག་རྫི་རེད་ཟེར་མ་གཏོགས་"
728262,730145,1883,"སྟོང་ཉིད། ཁོ་རང་གི་གནས་ལུགས་དེ།"
730145,731665,1520,"གདོད་ནས་སྟོང་པ་ཉིད་རེད་ཟེར་མ་གཏོགས།"
731665,733819,2154,"གསར་དུ། དཔེར་ན། ཐོ་བ་འདིས་བུམ་པ་འཇོམ་པ་འདྲ་དང་།"
733819,735351,1532,"སྟོང་ཉིད་གསར་དུ་མ་རེད།"
735351,737492,2141,"དེ། རྣལ་འབྱོར་པའི་རྒྱུད་ལ་ཉམས་མྱོང་སྐྱེས་འོངས་ན་ཡང་།"
737492,739629,2137,"ཉམས་མྱོང་འདི་གསར་དུ་སྐྱེས་པ་མ་རེད།"
739629,742348,2719,"རང་ལ། ཡེ་ནས་ཡོད་པའི་ཡེ་ཤེས་དེ་ངོ་ཤེས་འོང་དུས།"
742348,745272,2924,"རང་ལ་ཡོད་པའི་ངོ་དེ། རང་གིས་ངོ་ཤེས་པ་རེད།"
745272,749301,4029,"དཔེར་ན། མི་དབུལ་པོ་ཞིག་གི་ཁྱིམ་དུ། འོག་ན། ས་འོག་གི་གཏེར་ཞིག་ཡོད་ན།"
749301,751997,2696,"འདིས། མི་དབུལ་པོ་དེ་ལ། ཕན་གའང་ཐོགས་ཀྱི་མ་རེད།"
751997,754709,2712,"མི་དབུལ་པོས་དེ་ན་གཏེར་ཡོད་པའང་ཤེས་རྒྱུ་མ་རེད།"
754709,759039,4330,"ལྷ་ཡི་མིག་ཐོབ་པའི་གང་ཟག་ཞིག་གིས། ས་འོག་གི་གཏེར་འདི་སྟོན། མི་དབུལ་པོ་དེ་ལ་སྟོན་ན།"
759039,761761,2722,"མི་དབུལ་པོ་དེ། མི་རབས་བདུན་ཚུན་ཆོད་དུ་སྤྲང་པོ་མ་ཆགས།"
761761,763397,1636,"དེ་ལོངས་སྤྱོད་ཆེན་པོ་འབྱུང་འགྲོ་རྒྱུ་རེད།"
763397,764574,1177,"དཔེ་དེ་བཞིན་དུ།"
764574,768416,3842,"ས་འོག་གི་གཏེར་ལྟ་བུ། ང་ཚོ་བདེ་གཤེགས་སྙིང་པོའི་ཁམས་ཀྱིས་ཡེ་ནས་ཁྱབ་བསྡད་ཡོད་རེད་དེ།"
768416,770203,1787,"ཡོད་པ་དེ་རང་གིས་མི་ཤེས།"
770203,772705,2502,"ཡོད་པ་ཞིག་ལ་མེད་པ་བཟུང་། "
772705,774177,1472,"འཁྲུལ་པའི་སྣང་བ་གསུམ་དེ།"
774177,776369,2192,"དེ་ནས། བདེ་གཤེགས་སྙིང་པོའི་ཡོན་ཏན་དེ་བསྒྲིབས་སོང་རེད།"
776369,779423,3054,"དེ་ནས། བླ་མ། དཔེར་ན། མངོན་ཤེས་ཡོད་པ་ལྟ་བུ་དེ།"
779423,781375,1952,"བླ་མ་མཚན་ཉིད་དང་ལྡན་པ་ལྟ་བུ་རེད།"
781375,784431,3056,"འདིས། གསང་སྔགས་རྡོ་རྗེ་ཐེག་པའི་ལམ་གྱི་སྨིན་བྱེད་ཀྱི་དབང་བསྐུར།"
784431,785564,1133,"ལམ་བསྟན།"
785564,789274,3710,"ཁྱོད་རང་དེ་འདྲ་སྦྱང་། ཟེར་དུས། ཁྱོད་རང་ལ་ཡོན་ཏན་འདི་འོང་རྒྱུ་ཡོད། ཟེར། དེ།"
789274,791472,2198,"དཔེར་ན། ལུང་བསྟན་པ་ལྟ་བུ་ཞིག་བྱེད་བཞག་ན།"
791472,796524,5052,"མངོན་ཤེས་ཡོད་པ་དེས། རིན་པོ་ཆེའི་གཏེར་སྟོན་དུས། མི་དབུལ་པོ་མི་རབས་བདུན་དུ་ཕྱུག་པོ་འབྱུང་སོང་ལྟར།"
796524,799898,3374,"རང་གི་ཡང་། བླ་མས་གསུངས་པ་བཞིན་དུ། ཡིད་ཆེས། ཉམས་ལེན་བྱས་ན།"
799898,802316,2418,"གདོད་མ་ཉིད་ནས་གནས་པའི་སྟོང་པ་ཉིད་ཀྱི་ངོ་བོ་དེ།"
802316,804802,2486,"མངོན་སུམ་དུ། རང་གི་རྒྱུད་ལ་སད་འོངས་ན།"
804802,807437,2635,"དེ་ནས། ཟག་མེད་ཀྱི་ཡོན་ཏན་ཐམས་ཅད་ཡར་སད་འགྲོ་རྒྱུ་རེད་དུས།"
807437,810123,2686,"དེའི་ཕྱིར་ན། ཁ་སང་བདག་འཛིན་ཕར་བཤིག་དགོས་རྒྱུ།"
810123,811437,1314,"བདེན་འཛིན་གཤིག་རྫི་རེད་ཟེར་མ་གཏོགས།"
811437,814047,2610,"ཆོས་ཉིད་རང་ངོས། ངོ་བོ་ལ་སྟོང་པ་གསར་དུ་འགྲུབ་དགོས་མ་རེད།"
814047,815769,1722,"ཡེ་སྟོང་ཆེན་པོ་རེད་བསྡད་རེད།"
815769,817990,2221,"དེ་ལྟ་བུའི་ཡེ་སྟོང་ཆེན་པོ་འདིའི་ངོ་བོ་ལ།"
817990,819623,1633,"ད་ལྟའི་གཉུག་མའི་རྡོ་རྗེ་གསུམ་ཟེར་དུས།"
819623,821110,1487,"སྐུ་གསུང་ཐུགས་ཐམས་ཅད་དང་།"
821110,824351,3241,"ཟག་མེད་ཀྱི་ཡོན་ཏན་ཐམས་ཅད་ཀྱང་། གཉུག་མ་ཆོས་ཉིད་ཀྱི་ངོ་བོ་དེ་ན་ཡོད།"
824351,826558,2207,"གཉུག་མ་དེ། བཟོ་བཅོས་མ་བྱས་པ།"
826558,828767,2209,"དཔེར་ན། གཞི་སེམས་ཅན་གྱི་དུས་ནས་ཡིན་ནའང་། "
828767,829810,1043,"གཉུག་མ་སྡུག་ཅག་གཅིག།"
829810,831087,1277,"ལམ་གྱི་དུས་ན་གཅིག།"
831087,832270,1183,"དཀར་ནག་འདྲེས་མ་འདྲ་ཞིག།"
832270,834350,2080,"འབྲས་བུའི་དུས་ན་དཀར་པོ་རྐྱང་རྐྱང་མ་གཏོགས།"
834350,837971,3621,"ངོ་བོའི་གནས་ཚུལ་དུ་དཔྱད་ན། གཞི་ལམ་འབྲས་གསུམ་ལ་ཁྱད་པར་གཏན་ནས་ཡོད་མ་རེད།"
837971,840966,2995,"རྒྱུད་ཟེར་མཁན་འདིའང་། གཞི་ལམ་འབྲས་གསུམ་གྱི་བསྟན་དོན་གཅིག་པ།"
840966,842362,1396,"རྒྱུན་མ་ཆད་པ་རེད་སོང་དུས།"
842362,843133,771,"རྒྱུད་རེད་དུས།"
843133,845349,2216,"དེའི་ཕྱིར་ན། དེའི་ངོ་བོ་གང་ཞིག།"
845349,848240,2891,"དེ་ནས། དེ་ཡི་ལྟ་བ། ད་ལྟ། ཆོས་དབྱིངས་སྤྲོས་པ་དང་བྲལ་བ་འདི།"
848240,850806,2566,"ཡུལ་ཅན། རང་གི་ཤེས་པ་དེས། རྟོགས་དགོས་རྒྱུ་རེད་དུས།"
850806,852904,2098,"དེ་ནས། སོ་སོ་རང་རིག་པའི་ཡེ་ཤེས་ཀྱིས།"
852904,854687,1783,"དེ་རྟོགས་བྱེད་ཀྱི་ལམ་དེ་ལ།"
854687,857919,3232,"དེ་ནས། ཚད་མ་གཞལ་བྱེད། དང་པོ། དཔེར་ན། སྒྱུ་འཕྲུལ་གསང་བ་སྙིང་པོ་དང་།"
857919,860562,2643,"རྒྱུད་བརྟག་གཉིས་བདེ་མཆོག་ལྟ་བུ་ཞིག་ལ་བརྟེན་ཏེ།"
860562,864969,4407,"སྣང་གྲགས་རིག་་་་དེ་དག་ཐམས་ཅད་གདན་གསུམ་ཚང་བའི་དཀྱིལ་འཁོར་ཡིན་པ་ལུང་གིས་སྒྲུབ།"
864969,867571,2602,"དེ་ནས། མཁས་པའི་མན་ངག་གི་སྒོ་ནས་བཟུང་སྟེ།"
867571,869894,2323,"མི་ཕམ་རིན་པོ་ཆེའི་སྤྱི་དོན་འོད་གསལ་སྙིང་པོའི་ནང་དུ།"
869894,872616,2722,"ཀུན་རྫོབ་དག་པ་ཆེན་པོ་དང་། མཉམ་པ་ཆེན་པོ་བསྒྲུབས་ཡོད་པ་"
872616,874407,1791,"དེ་ལྟར་དུ་སྒྲུབ་དུས། དེ་ནས།"
874407,875903,1496,"མཁས་པའི་མན་ངག་གིས་བསྒྲུབས།"
875903,877806,1903,"དེ་བཞིན་དུ། རང་གིས་ཉམས་སུ་ལེན་འོངས་ན། "
877806,881701,3895,"དཱ། བླ་མས་གསུངས་པ་དེ་ནོར་འཁྲུལ་མི་འདུག། རེད་ཨི་འདྲའི་བསམ་སྟེ། རིན་ཐང་ཆེ་བའི། "
881701,884602,2901,"གང་ཟག་ཞིག་གིས། ནོར་ཐོབ་པ་ལྟ་བུའི་ཡིད་ཆེས་ཀྱི་གདེང་སྐྱེ།"
884602,886467,1865,"ཚད་མར་གྱུར་བའི་བློ་འདི་སྐྱེ་འོང་ན།"
886467,888852,2385,"དེ་ནས། ད་ལྟ། གསང་སྔགས་རྡོ་རྗེ་ཐེག་པའི་ལམ།"
888852,893049,4197,"ཚེ་གཅིག་ལུས་གཅིག་ལ་སངས་རྒྱས་རྫི་དེ་ག། རང་ལ་ཡེ་ནས་ཡོད་པའི་གནས་ལུགས་དེ།"
893049,895968,2919,"ལམ་སེང་། དམར་པོ་བྱས་ནས། ལག་པས་བསྐྱངས་ཏེ་ངོ་སྤྲད་འོང་དུས།"
895968,897824,1856,"དེས་ལམ་མྱུར་རྫི་བཞག། དེ་རེད་དུས།"
897824,899899,2075,"ཚད་མར་གྱུར་བའི་བློ་སྐྱེ་དགོས་རེད།"
899899,901184,1285,"བློ་སྐྱེ་རྫི་དེ་ལའང་།"
901184,903049,1865,"དེ་ནས། རྒྱུ་མཚན་ཉིད་ཐེག་པ་ལྟ་བུ་ཡིན་ན།"
903049,905517,2468,"ཐོས་བསམ་སྒོམ་གསུམ་པོས་སྟོང་ཉིད་གཏན་ལ་ཕབ།"
905517,908325,2808,"སྦྱིན་སོགས་ཕ་རོལ་ཏུ་ཕྱིན་པ་དྲུག་གིས། བསྐད་པ་གྲངས་མེད་གསུམ་དུ་"
908325,910620,2295,"ཚོགས་བསགས་པ་ལ་སོགས་པའི་ཐབས་ཀྱིས་བྱེད་རྒྱུ་རེད།"
910620,913000,2380,"དེ་ནས། གསང་སྔགས་རྡོ་རྗེ་ཐེག་པ་ལ། དེ་དང་འདྲ་ཡི་མ་རེད།"
913000,916397,3397,"རང་ལ་གནས་པའི་ཡེ་ཤེས་དེ། རང་གིས་ཚུར་མངོན་དུ་བྱེད་པའི་ཐབས་ལ།"
916397,917692,1295,"ཐབས་གཞན་ལ་མ་བརྟེན་པར།"
917692,919778,2086,"ཐབས་ཟབ་མོ་ཡིས་གནད་དུ་སྨིན་འགྲོ་དུས།"
919778,921334,1556,"དེ་ནས། རང་གི་ལུས་དེ་ཐམས་ཅད་"
921334,924566,3232,"རྡོ་རྗེ་ཕུང་པོའི་གྲོང་ཁྱེར་གྱིས། རྩ་རླུང་ཐིག་ལེ་གནད་དུ་བསྣུན་འོང་དུས།"
924566,925939,1373,"འདིས། རྩ་རླུང་ཐིག་ལེའི་སྦུབ་དེ་ན།"
925939,927761,1822,"མཆོག་ཏུ་མི་འགྱུར་བའི་བདེ་བ་ཆེན་པོ་དང་།"
927761,930183,2422,"རྣམ་ཀུན་མཆོག་ལྡན་གྱི་སྟོང་ཉིད་ཟེར་རྒྱུ་འདི།"
930183,933991,3808,"ངོ་བོ་དེ། མངོན་སུམ་དུ། ནུས་པ་དེ་ཚུར་སད་མ་འོངས་པའི་ཐབས་ཡོད་མ་རེད།"
933991,936290,2299,"དེས། མཆོག་ཏུ་མི་འགྱུར་བའི་བདེ་བ་ཆེན་པོ་ཟེར་འདི་"
936290,938078,1788,"ཟག་བཅས་ཀྱི་བདེ་བ་ལྟ་བུ་དང་།"
938078,939652,1574,"ཏིང་ངེ་འཛིན་གྱི་བདེ་བ་ལྟ་བུ་"
939652,941393,1741,"གསར་དུ་བཟོས་བཞག་རྫི་མ་ཡིན་པར།"
941393,942369,976,"བདེ་བ་ཡོད་པ།"
942369,945372,3003,"བདེ་བ་ཡོད་པ་དེ་ལའང་། གཞི་ལམ་འབྲས་གསུམ་ཁོང་གི། ད་ལྟ།"
945372,947787,2415,"བདེ་ཆེན་པོ་ལས་རྟག་ཏུ་ཉམས་མ་མྱངས་པ།"
947787,951715,3928,"དཔེར་ན། སངས་རྒྱས་ཐམས་ཅད། ཟག་མེད་ཀྱི་ཡོན་ཏན་ཡོད་དུས། སྐུ་གསུམ་གྱིས་ཡེ་ནས་བཞུགས་དུས།"
951715,953582,1867,"སངས་རྒྱས་ཀྱི་སྐུ་གསུང་ཐུགས་ཐམས་ཅད་ལ་"
953582,955460,1878,"སྡུག་བསྔལ་ཟེར་རྒྱུ་གཏན་ནས་ཡོད་མ་རེད་བཱ།"
955460,957825,2365,"འདི། བདེ་བ་དེ། སྒྲ་ཇི་བཞིན་དུ། ང་ཚོ་ཡིས།"
957825,959118,1293,"སེམས་ཀྱི་གཤིས་ལུགས་ལ་ཡོད་དུས།"
959118,961028,1910,"དེ། མཆོག་ཏུ་མི་འགྱུར་བའི་བདེ་བ་ཟེར་དུས།"
961028,963222,2194,"དུས་གསུམ་དུ་འཕོ་འགྱུར་མེད་པའི་བདེ་བ་ཡིན།"
963222,964583,1361,"འདི། བདེ་བ་ཆེན་པོ་ཟེར་རེད།"
964583,966604,2021,"དེ་ནས། རྣམ་ཀུན་མཆོག་ལྡན་གྱི་སྟོང་ཉིད་ཟེར་དུས།"
966604,967987,1383,"རྣམ་པའི་ཆ་ནས་བཞག་ན།"
967987,970168,2181,"སྟོང་ཉིད་འདི་འཁོར་འདས་ཐམས་ཅད་ལ་ཁྱབ་བསྡད་ཡོད་དུས།"
970168,972143,1975,"དེ་ནས། རྣམ་ཀུན་ཟེར་མཁན་དེ་རེད།"
972143,973003,860,"མཆོག་ལྡན་ཟེར་དུས།"
973003,975332,2329,"སྟོང་ཉིད་འདི། མར་འཁོར་བའི་གནས་སུ། མར། "
975332,977747,2415,"སྡུག་རུ་སོང་སྟེ། ལས་དང་ཉོན་མོངས་པའི་སྐབས་སུ།"
977747,980567,2820,"སྟོང་ཉིད་དེ། འཁོར་བའི་སྟོང་ཉིད་ལ། སྡུག་ཅག་ཅིག།"
980567,984083,3516,"མྱ་ངན་ལས་འདས་པའི་སྟོང་ཉིད། ཡར་བཟང་རུ་སོང་བ་ཞིག། གཏན་ནས་ཡོད་མ་རེད།"
984083,987003,2920,"སྟོང་ཉིད་ཁོ་རང་གི་ངང་ན། འཁོར་འདས་ཐམས་ཅད་བརྟེན་ནའང་།"
987003,989811,2808,"འཁོར་བའི་ཆོས་ཐམས་ཅད། མི་བརྟན་པའི་ཚུལ་གྱིས་བསྟན་བཞག་དུས།"
989811,992068,2257,"འཁོར་བའི་ཆོས་ཐམས་ཅད་མེད་པ་གསལ་སྣང་རེད་བསྡད་རེད།"
992068,993581,1513,"སྟོང་ཉིད་ལ་རྒུད་པ་ཡོད་མ་རེད།"
993581,997165,3584,"མྱ་ངན་ལས་འདས་པའི་ཆོས་ཐམས་ཅད། ཆེད་དུ་གསར་དུ་སྒྲུབ་དགོས་མ་རེད།"
997165,999599,2434,"སྟོང་ཉིད་ཁོ་རང་གི་གཤིས་ལས། རང་བཞིན་གྱིས་ཤར་འོངས་རེད།"
999599,1002208,2609,"དཔེར་ན། འཇའ་ཆར་ཞིག་ཡོད་ན། ཉི་མ་དང་འཕྲད་པ་ཙམ་ནས་"
1002208,1003811,1603,"འཇའ་རང་ཤུགས་ཀྱིས་ཤར་འོང་རེད་ཟེར། "
1003811,1006177,2366,"སྔགས། སྨན། རྫས་ཀྱིས་གསར་དུ་སྒྲུབ་དགོས་མ་རེད།"
1006177,1010706,4529,"དེའི་ཕྱིར་ན། རྣམ་ཀུན་ཕྱོགས་ལྡན་གྱི་སྟོང་ཉིད། མཆོག་ཏུ་མི་འགྱུར་བའི་བདེ་བ་ཆེན་པོ་ཟེར་རྒྱུ་དེ།"
1010706,1013852,3146,"གསར་རྙིང་གི་རྒྱུད་སྡེ་ཐམས་ཅད་ཀྱི་ཆོས་སྐད། སྒྲོམ་ཆེན་པོ་རེད།"
1013852,1015789,1937,"དེ། མཐར་ཐུག་ངེས་དོན་གྱི་དབང་དུ་བྱས་ན།"
1015789,1017821,2032,"སྐད་དང་དབང་གི་སྒོ་ནས་བཤད་པ་དང་།"
1017821,1020819,2998,"ཕྱི་ནང་གཞན་གསུམ་དུ་འཆད་པ། དེ་ཐམས་ཅད་མེད་པ། དེ་རེད།"
1020819,1025641,4822,"དེའི་ཕྱིར་ན། དེ་ནས། གསང་སྔགས་རྡོ་རྗེ་ཐེག་པའི་ལྟ་བ་འདི་ཡིས། རྣམ་ཀུན་མཆོག་ལྡན་གྱི་སྟོང་ཉིད་དང་།"
1025641,1028962,3321,"མཆོག་ཏུ་མི་འགྱུར་བའི་བདེ་བ་ཆེན་པོ། དེ་གཉིས་ཟུང་འཇུག་གི་ངོ་བོ་དེ།"
1028962,1030161,1199,"སྒྲ་ཇི་བཞིན་པ།"
1030161,1032314,2153,"དཔེར་ན། སངས་རྒྱས་རང་གིས་ཅི་འདྲ་གཟིགས་ཡོད་ན།"
1032314,1035915,3601,"དེ། སྐད་ཆ་དམར་པོ་བཤད་རྒྱུ། ལག་པ་ཡིས་ བཤད་རྫི་འདྲ་ཞིག་བཤད་བཞག་དུས།"
1035915,1039683,3768,"དེ་མངོན་དུ་གྱུར་སོང་ན། དེ་ནས། གསང་སྔགས་ཀྱི་ལྟ་བ་དེ་ཉིད་ཚུལ་བཞིན་དུ་"
1039683,1041518,1835,"རྒྱུད་ལ་གཏན་ལ་ཕབ་ཐུབ་རྒྱུ་རེད།"
1041518,1042953,1435,"འདི། ལྟ་བ་དེ་དང་ལྡན་ན།"
1042953,1045845,2892,"དེ་ནས། བསྐྱེད་རིམ་རྫོགས་རིམ་གང་དང་གང་ཞིག་སྒོམ་བསྡད་ན།"
1045845,1048058,2213,"འདིས། རྒྱུད་སྨིན་པ་དང་གྲོལ་བ་ལ་"
1048058,1049329,1271,"ཕན་པ་ཡོད་རྒྱུ་རེད་དུས།"
1049329,1051493,2164,"དེ་རེད། དེ་ནས། དཔེར་ན། སོང་བ་ན།"
1051493,1054262,2769,"འོ་མས་སྨིན་དུ་བཅུག་པའི་སྐྱུ་རུ་ར་"
1054262,1056762,2500,"གཞན་ལས་ཆེས་ཁྱད་པར་དུ་གྱུར་བའི་རོ་དེ།"
1056762,1059817,3055,"འོ་མ་ཡི་ནང་དུ་སྐྱུ་རུ་ར་བཙོས་དེ་སྨིན་པར་བྱེད་བཞག་ན།"
1059817,1063732,3915,"དེ་ནས། རོ་མངར་སྐྱུར་གཉིས་ཀ་ཡོད་པ་ཡི་གཞན་དང་མི་འདྲ་བ་ཞིག་ཡོད་ལེ་ཡིན་ས་རེད།"
1063732,1066268,2536,"དེ་ཡོད་པ་ལྟར་དུ། གསང་སྔགས་རྡོ་རྗེ་ཐེག་པའི་ལམ་འདི།"
1066268,1068646,2378,"དང་པོ། མགོ་ནས། ལྟ་བ་ཡིས་གཏན་ལ་ཕབ།"
1068646,1071023,2377,"དེ་ནས། བསྒོམ་པ་ཡིས་ཉམས་སུ་བླངས་འོངས་ན།"
1071023,1072325,1302,"དེ། སྒྱུ་འཕྲུལ་གསང་བ་སྙིང་པོ་ལས།"
1072325,1074318,1993,"ཤེས་འཇུག་མཚན་ཉིད་འབྱོར་བའི་གཟུངས། །"
1074318,1076924,2606,"འབྲས་བུ་སྨིན་བྱེད་རྒྱུ་དང་རྐྱེན། །ནུས་མཐུ་ཅན་དུ་གང་གྱུར་པ། །"
1076924,1078890,1966,"རིག་འཛིན་རྒྱལ་བའི་ཞིང་དུ་གྲགས། །"
1078890,1081616,2726,"རྒྱུ་ཤེས་པའི་མཚན་ཉིད། ལྟ་བ་ཡི་སྒོ་ནས་གཏན་ལ་ཕབ།"
1081616,1085258,3642,"ལྟ་བ་འདི། རྒྱང་རིང་། ནུས་པ་དེ་ཡར་སྨིན་པར་བྱེད་པའི་ཕྱིར་དུ། "
1085258,1088028,2770,"རྐྱེན་འཇུག་པའི་མཚན་ཉིད་ཀྱི་བསྐྱེད་རྫོགས་གཉིས་པོ་འདི་བསྒོམ།"
1088028,1091510,3482,"གནད་དུ་སྨིན་འོངས་ན། དེ་ནས། འབྲས་བུ་རིག་འཛིན་བཞི། རང་ཤུགས་ཀྱིས་འོང་རྒྱུ་རེད་དུས།"
1091510,1095576,4066,"དེའི་ཕྱིར་ན། དེ་ལྟ་བུ་ཡི་ལྟ་བ་འདི་གཏན་ལ་ཕབ་དགོས་རྫིའི་རྒྱུ་མཚན་དེ་རེད།"
1095576,1097602,2026,"དེ་ནས། དཔེར་ན། ཙནྡན་གྱི་མེ་འདིས་སྲེག་བཞག་ན།"
1097602,1099273,1671,"ཐ་མལ་ཙན་དན་དུས་མཐའ་དང་། །"
1099273,1100873,1600,"དམྱལ་མེ་རྣམས་འདི་བདུན་འགྱུར་ཚ། །ཟེར།"
1100873,1104125,3252,"མེ་ཕལ་པ་ལས། བདུན་འགྱུར་གྱིས་ཙན་དན་གྱི་མེ་འདི་ཚ་ཡི་རེད།"
1104125,1106917,2792,"དཔེ་དེ་བཞིན་དུ། གསང་སྔགས་རྡོ་རྗེ་ཐེག་པའི་ལྟ་སྒོམ་གསུམ་པོ་དེ་"
1106917,1110566,3649,"སྒྲ་ཇི་བཞིན། སྨིན་གནད་དུ་བསྣུན་པ་ཞིག། ལམ་དུ་ལེན་ཐུབ་ན།"
1110566,1112894,2328,"དཔེར་ན། ཕྱི་རྒྱལ་གྱི་འཕྲུལ་འཁོར་གྱི་ནང་ནས། "
1112894,1114920,2026,"ནམ་གྲུ་ནང་སོང་ན། སྨི་ལེ་སྟོང་ཕྲག་མང་པོ་"
1114920,1117835,2915,"ཆུ་ཚོད་གཅིག། རྒལ་འགྲོ་བ་ལྟ་བུ་ཞིག་རེད་འགྲོ་རྒྱུ་རེད་དུས།"
1117835,1121080,3245,"དེའི་ཕྱིར་ན། གསང་སྔགས་རྡོ་རྗེ་ཐེག་པ། ཐབས་ཁྱད་པར་ཅན་དེ།"
1121080,1122101,1021,"ཉམས་སུ་ལེན།"
1122101,1123792,1691,"ཐབས་ཁྱད་པར་ཅན་དེས་དྲངས་འོངས་ན།"
1123792,1126194,2402,"དེ་ནས། ཐབས་བྱུང་སྟོང་པ་ཉིད་ཀྱི་ངོ་བོ།"
1126194,1128522,2328,"རྣམ་ཀུན་མཆོག་ལྡན་གྱི་སྟོང་ཉིད་དེའང་།"
1128522,1132209,3687,"ཕ་རོལ་ཏུ་ཕྱིན་པའི་སྐབས། འཁོར་འདས་དབྱེར་མེད་དོན་སྤྱི་ལྟར་དུ་མཐོང་བ་ལས།"
1132209,1133593,1384,"ཆེས་འཕགས་པར་འགྱུར་བ་ཟེར་དུས།"
1133593,1136236,2643,"རྒྱུ་ཡི་མཚན་ཉིད་ཐེག་པའི་ལྟ་བ་དེ་ག་ཚོད་བཤད་ནའང་།"
1136236,1140185,3949,"རྗེས་དཔག་གི་སྒོ་ནས་བཤད་རྒྱུ་མ་གཏོགས། མངོན་སུམ་དུ་གཏན་ནས་བཤད་ཐུབ་ཀྱི་ཡོད་མ་རེད།"
1140185,1142450,2265,"དེ་ནས། གསང་སྔགས་རྡོ་རྗེ་ཐེག་པའི་ལམ་འདི་ཡིན་ན།"
1142450,1144768,2318,"མངོན་སུམ་གྱི་སྒོ་ནས་གཏན་ལ་ཕབ་པ་རེད་དུས།"
1144768,1146946,2178,"མངོན་སུམ་མཐོང་བ་ནི་ཆེས་འཕགས་པས།"
1146946,1149067,2121,"མར་འཁོར་བ་ཟེར་ན་སྤང་བྱ་མེད་པ།"
1149067,1152429,3362,"ཡར་མྱ་ངན་ལས་འདས་པ་ཟེར་ན། ཐོབ་བྱ་གསར་དུ་མི་དགོས་པ།"
1152429,1155327,2898,"དཱ། དེ་ལ་བསལ་བྱ་ཅི་ཡང་མེད། །བཞག་པར་བྱ་བ་ཅུང་ཟད་མེད། །"
1155327,1158850,3523,"ཡང་དག་ཉིད་ལ་ཡང་དག་ལྟ། །ཡང་དག་མཐོང་ན་རྣམ་པར་གྲོལ། །ཟེར་འདི་"
1158850,1161840,2990,"མདོ་སྔགས་ཀྱི་ཐེག་པ་རིམ་པ་དགུ་ལ་སྦྱར་བ། ཞེ་ཆེན་རྒྱལ་ཚབ་ཀྱི་"
1161840,1163869,2029,"བདེན་གཉིས་དབྱེར་མེད་ཀྱི་རྣམ་གཞག་ཟེར་མཁན་ཞིག་ཡོད་རེད་འདི་དཱ།"
1163869,1165786,1917,"དེ་ལྟ་བུའི་དོན་ཞིག། ཚུལ་བཞིན་དུ་"
1165786,1167660,1874,"རྟོགས་སོང་ན། རྟོགས་པ་དེའང་"
1167660,1171039,3379,"རྗེས་དཔག་གི་ལྟ་བ་མ་ཡིན་པ། རང་གིས་མངོན་སུམ་དུ་མཐོང་བ་ནི།"
1171039,1174187,3148,"གསང་སྔགས་རྡོ་རྗེ་ཐེག་པའི་ལམ་གྱི་ལྟ་བ་རབ་ཏུ་དབྱེ་བ་སྟེ། "
1174187,1175434,1247,"དེ་ཡིན་པའི་དབང་གིས། "
1175434,1177911,2477,"དེ་སྐད་དུ་རྡོ་རྗེ་འཛིན་པའི་དབང་ཕྱུག་"
1177911,1180680,2769,"ས་སྐྱ་པ་རྗེ་བཙུན་གྲགས་པ་རྒྱལ་མཚན་ཟེར་འདི་"
1180680,1182257,1577,"ཉིད་ཀྱི་འདི་ཞལ་སྔ་ནས།"
1182257,1184046,1789,"དབང་གི་ཡེ་ཤེས་ལམ་གྱི་ལྟ་བ་ནི། །"
1184046,1185993,1947,"ཉམས་མྱོང་སངས་རྒྱས་པ་དང་ངོ་བོ་གཅིག །"
1185993,1187880,1887,"རྟོགས་པའི་ཁྱད་པར་ཟླ་བའི་དཔེ་ཡིས་བསྟན། །"
1187880,1188864,984,"ཞེས་སོགས་གསུངས་པ་རེད།"
1188864,1190870,2006,"དེ་ནས། དོན་གྱི་ཡེ་ཤེས་ཟེར་མཁན་དེ།"
1190870,1195485,4615,"དཔེར་ན། ནམ་མཁའ་ནས་ཟླ་བ་ ཟླ་བ་དེ་ཉིད་ནམ་མཁའ་ལ་ཤར་འོང་བའི་སྐབས་ན།"
1195485,1198634,3149,"ས་གཞི་ནས་ཟླ་བ་བལྟས་ན། ཟླ་བ་གཅིག་ཤེས་ཤེས་ཀྱི་རེད།"
1198634,1200040,1406,"ཟླ་བ་ངོ་ཤེས་ཀྱི་རེད།"
1200040,1202109,2069,"ཟླ་བ་འདིའི་སྟེང་དུ་གྲོང་ཁྱེར་ག་འདྲ་ཡོད། "
1202109,1204765,2656,"ཟླ་བ་འདི་རྒྱ་ཆེ་ཆུང་ག་ཚོད་ཡོད་ཤེས་ཀྱི་མ་རེད།"
1204765,1207362,2597,"དེ་སྐད་ ཟླ་བ་དངོས་གནས་ཀྱི་ནང་དུ། ཅིག་ཕྱིན་ན།"
1207362,1209885,2523,"ཟླ་བ་འདི་ཡི་ཕྱོགས་ཆ་དེ་ལ། རྒྱ་ཆེ་ཆུང་ག་འདྲ་འགི།"
1209885,1211950,2065,"དེའི་ནང་དུ། ལྷའི་གྲོང་ཁྱེར་ག་འདྲ་འགི།"
1211950,1213652,1702,"དེ་ལ་བདེ་སྐྱིད་ལོངས་སྤྱོད་ག་འདྲ་འགི།"
1213652,1214449,797,"ཤེས་འོང་རྒྱུ་རེད་དུས།"
1214449,1215480,1031,"དཔེ་དེ་བཞིན་དུ། "
1215480,1217712,2232,"རྒྱུ་མཚན་ཉིད་ཐེག་པའི་ལམ་གྱི་དོན་དམ་་་་་"
1217712,1219844,2132,"དམ་ཡེ་ཤེས་ལྟ་བ་འདི་རྟོགས་འོངས་ན།"
1219844,1221847,2003,"ཕྲ་ཞིབ་ནས་ཟླ་བ་བལྟས་མཁན་ལྟ་བུ་རེད།"
1221847,1226403,4556,"གསང་སྔགས་རྡོ་རྗེ་ཐེག་པའི་ལམ་གྱི་དོན་གྱི་ཡེ་ཤེས་མངོན་སུམ་དུ། རྒྱུད་ལ་སྐྱེས་པའི་ལྟ་བ་ཞིག་རྟོགས་འོངས་ན།"
1226403,1228251,1848,"ཟླ་བ་ཁོ་རང་གི་ནང་དུ་སོང་ནས། "
1228251,1230447,2196,"དེ་ནས། ཟླ་བའི་བཀོད་པ་ཡོངས་སུ་རྫོགས་པ་"
1230447,1232738,2291,"ཆུད་ཁོང་དུ་ཆུད་སོང་བ་ལྟ་བུ་རེད་དུས།"
1232738,1235177,2439,"དེའི་ཕྱིར་ན། གསང་སྔགས་རྡོ་རྗེ་ཐེག་པའི་ལམ་"
1235177,1237220,2043,"ཟབ་པ་དང་མྱུར་བ། ཐབས་དུ་མ་ཡིན།"
1237220,1240755,3535,"ཞེས་པ་ལ་སོགས་པ་གསུངས་པ་བཞིན་དུ་ཤེས་པར་བྱའོ།། །།"
1240755,1243268,2513,""
1243268,1245530,2262,"་་་གཉིས་ཀྱི་ནང་ནས། དང་པོ་"
1245530,1249441,3911,"རྒྱས་པར་བཤད་པ་དེ་ལ། ཐུན་མོང་ཕ་རོལ་ཏུ་ཕྱིན་པའི་ལམ་བཤད་པ་དང་།"
1249441,1252646,3205,"ཁྱད་པར་གསང་སྔགས་རྡོ་རྗེ་ཐེག་པའི་ལམ་བཤད་པ་གཉིས་ཀྱི་ནང་ནས།"
1252646,1256957,4311,"དེ་ནས། ཐུན་མོང་ཕ་རོལ་ཏུ་ཕྱིན་པའི་ལམ་བཤད་པ་དེ་ཉིད་སོང་ཟིན་ཏེ།"
1256957,1258917,1960,"གཉིས་པ་གསང་སྔགས་རྡོ་རྗེ་ཐེག་པ་"
1258917,1263336,4419,""
1263336,1270483,7147,"་་་་ལམ་གྱི་རིམ་པར་བཤད་པ་བྱེད་པ་དེ་ཉིད་ན་ཡང་།"
1270483,1274402,3919,"་་་རྣམས་དང་། ལམ་འབྲས་བུ་དང་བཅས་པ་རྣམ་པར་དབྱེ་བ་གཉིས་ཡོད་པའི་ནང་ནས།"
1274402,1275951,1549,"དང་པོ་ལམ་གྱི་འཇུག་སྒོ་"
1275951,1278363,2412,"སྤྱིར་བསྟན་པ་དེ་ཉིད་སོང་ཟིན་ཏེ།"
1278363,1281392,3029,"གཉིས་པ་ལམ་གྱི་རིམ་པ་བཤད་པ་དེ་ལ།"
1281392,1284924,3532,"སྨིན་བྱེད་ཀྱི་དབང་དང་།"
1284924,1289992,5068,"གྱི་རྣམ་གཞག་དང་དེ་སོང་ཟིན་ཏེ།"
1289992,1291934,1942,"གཉིས་པ་ལ། མདོར་བསྟན་པ་དང་། "
1291934,1293938,2004,"རྒྱས་པར་བཤད་གཉིས་ཡོད་པའི་ནང་ནས།"
1293938,1297274,3336,"དེའང་མདོར་བསྟན་པའི་རིམ་པ་དེ་ཉིད་སོང་ཟིན་ཏེ།"
1297274,1299712,2438,"གཉིས་པ་རྒྱས་པར་བཤད་པ་ལ་གསུམ།"
1299712,1301339,1627,"གཞི་ལྟ་བས་ཐག་བཅད་པ། "
1301339,1302920,1581,"ལམ་བསྒོམས་པས་ཉམས་སུ་ལེན་པ།"
1302920,1307984,5064,"འབྲས་བུ་ཇི་ལྟར་འགྲུབ་པའི་ཚུལ་གྱིས་མཇུག་བ། ཞེས་བྱ་བ་རྣམ་པ་གསུམ་ཡོད་པའི་ནང་ནས།"
1307984,1312606,4622,"གཞི་ལྟ་བས་ཐག་བཅད་པའི་རིམ་པ་དེ་ཉིད་ཀྱི་"
1312606,1314190,1584,"རིམ་པ་སོང་ཟིན་ཏེ།"
1314190,1317307,3117,"གཉིས་པ་ལམ་བསྒོམས་པས་ཉམས་སུ་བླང་བ་དེ་ལ།"
1317307,1318705,1398,"རྟེན་བསྐྱེད་པའི་རིམ་པ་དང་།"
1318705,1320296,1591,"བརྟེན་པ་རྫོགས་པའི་རིམ་པའོ། །"
1320296,1324403,4107,"ཞེས་པ་སྟེ། རྟེན་ཞེས་པ་དེ། ད་ལྟ། བསྐྱེད་རིམ་གྱི་སྒོ་ནས་ཐམས་ཅད།"
1324403,1329283,4880,"སྣོད་བཅུད་རྒྱུད་གསུམ་གྱི་འཇིག་རྟེན་ལ་སྟེ།"
1329283,1332938,3655,"རྟེན་བྱས་ཏེ་བསྒོམ་པར་འགྱུར་བ་ཡིན་པ་དང་།"
1332938,1336018,3080,"བསྐྱེད་རིམ་གྱི་གྲུབ་འབྲས་མཐར་ཐུག་པ་འདི་གང་ཡིན་ཟེར་ན།"
1336018,1339298,3280,""
1339298,1340789,1491,"རང་གི་ རྫོགས་རིམ་རེད།"
1340789,1343611,2822,"རྫོགས་རིམ་དེ་ཉིད། རང་གི་རྡོ་རྗེ་གསུམ་གྱི་གྲོང་ཁྱེར་གྱི་"
1343611,1347347,3736,"གནས་པ་རྩ། གཡོ་བ་རླུང་། བཀོད་པ་བྱང་ཆུབ་ཀྱི་སེམས་ལ་བརྟེན་ནས་"
1347347,1348299,952,"སྒྲུབ་དགོས་པ་དང་།"
1348299,1351724,3425,"དེ་བས་ཀྱང་། རྫོགས་རིམ་མཐར་ཐུག་དབང་བཞི་པའི་ཡེ་ཤེས་དེ་ཉིད་ནི།"
1351724,1354349,2625,"བུམ་དབང་མི་བཤིགས་པའི་ཐིག་ལེ་ལ།"
1354349,1356587,2238,"སྒྲུབ་དགོས་པ་ཡིན་པའི་ཚུལ་བཤད་པའི་ཕྱིར་ན།"
1356587,1359016,2429,"དེ་ནས། བརྟེན་པ་དབང་ཁ་གསུམ་པ་འདིའི་སྒོ་ནས།"
1359016,1363179,4163,"དང་པོ་རྟེན་བསྐྱེད་པའི་རིམ་པ་བཤད་པར་འགྱུར་བ་དེ་རེད་དུས།"
1363179,1368996,5817,"དེ་ནས།"
1368996,1371603,2607,"་་་རགས་པའི་སྒོ་གསུམ་པོ། །"
1371603,1373329,1726,"ལྷ་སྔགས་ཆོས་སྐུར་རབ་སྦྱངས་པས། །"
1373329,1375118,1789,"སྲིད་གསུམ་སྐྱེ་དང་འཇིག་པ་ཡི། །"
1375118,1377903,2785,"ཐ་མལ་འཁྲུལ་པ་ལྡོག་པར་ངེས། །"
1377903,1380506,2603,"ཞེས་པ་སྨོས་ཏེ། དེ་ཡང་ཇི་སྐད་དུ།"
1380506,1382337,1831,"དཔལ་ཀྱེ་འགྱེད་པ་རྡོ་རྗེའི་"
1382337,1385134,2797,"བཤད་པའི་རྒྱུད་ཀྱི་རྒྱལ་པོ་དཔལ་སམྦུ་ཊ་ལས།"
1385134,1388273,3139,"དང་པོར་སྟོང་ཉིད་བསམས་ནས་ནི། །ལུས་ཅན་རྣམས་ཀྱི་དྲི་མ་བཀྲུ། །"
1388273,1390008,1735,"ལུས་སོགས་སྟོང་པའི་ཞིང་ས་ལ། །"
1390008,1391799,1791,"བློ་དང་ལྡན་པས་ས་བོན་གདབ། །"
1391799,1393067,1268,"ཅེས་གསུངས་པ་ལྟར་དུ།"
1393067,1395956,2889,"དང་པོ། ཐོག་མ། སྤང་བྱ་འཁོར་བའི་ཆོས།"
1395956,1397826,1870,"ལས་དང་ཉོན་མོངས་པ་ཐམས་ཅད་དང་།"
1397826,1401496,3670,"བླང་བྱ་མྱ་ངན་ལས་འདས་པའི་ཆོས། སྐུ་དང་ཡེ་ཤེས་ཀྱི་ཆོས་ཐམས་ཅད་"
1401496,1405909,4413,"སེམས་བྱུང་གི་སྒོ་ནས་"
1405909,1408235,2326,"ཕར་སྒྲོ་བཏགས་པར་གྱུར་བ་དང་།"
1408235,1410626,2391,"སེམས་བྱུང་དེའང་། གང་ལས་བྱུང་ཟེར་ན།"
1410626,1413710,3084,"སེམས་ལས་འབྱུང་ཞིང་། སེམས་དེ་ཡང་གང་ལས་འབྱུང་ཟེར་ན།"
1413710,1418508,4798,"གསལ་སྟོང་ཟུང་འཇུག་བརྗོད་པའི་མཐའ་ཐམས་ཅད་དང་བྲལ་བ་གང་ཞིག་གི་གནས་ལུགས་དེ་ཡིན།"
1418508,1420617,2109,"གནས་ལུགས་མཐར་ཐུག་དེ་མངོན་དུ་བྱེད་པ་ལ།"
1420617,1422837,2220,"སོ་སོ་རིག་རང་རིག་པའི་ཚུལ་གྱིས་"
1422837,1424923,2086,"ཁོང་དུ་ཆུད་པ་གཞིར་བཞག་ནས་ཟེར།"
1424923,1427685,2762,"དེ་ནས། གསང་སྔགས་རྡོ་རྗེ་ཐེག་པའི་དབང་བཞི་པའི་ཡེ་ཤེས་དེ་"
1427685,1429901,2216,"ཡང་དག་པ་ཞིག་རྒྱུད་ལ་སྐྱེ་ཐེབས་ན།"
1429901,1433846,3945,"དེ་ནས། བསྐྱེད་པ་དང་རྫོགས་པ་ཐམས་ཅད། དེའི་རྗེས་རྗེས་འཐེབ་འགྲོ་བསྡད་རེད།"
1433846,1435705,1859,"དངོས་གྲུབ་ཀྱི་རྒྱུ་རེད་འགྲོ་རྒྱུ་རེད་དུས།"
1435705,1439338,3633,"དེའི་ཕྱིར་ན། དེ་ལྟ་བུའི་སོ་སོ་རང་རིག་པའི་ཡེ་ཤེས་ཀྱིས།"
1439338,1441885,2547,"གསལ་སྟོང་ཟུང་འཇུག་གི་ངོ་བོ་དེའི་ངང་ལས་"
1441885,1442954,1069,"མ་གཡོས་བཞིན་དུ།"
1442954,1446346,3392,"ཕྱི་ལྟར་ན། ཤིན་ཏུ་རགས་པ་ཁམས་གསུམ་པོ་དེ་ཟེར་དུས།"
1446346,1449197,2851,"འདོད་ཁམས། གཟུགས་ཁམས། གཟུགས་མེད་ཀྱི་ཁམས་གསུམ་པོ་འདི།"
1449197,1452102,2905,"ཕྱི་སྣོད་ཀྱི་འཇིག་རྟེན། ནང་བཅུད་ཀྱི་སེམས་ཅན།"
1452102,1453431,1329,"དེ་རྣམས་ཀྱི་རྒྱུད་ལས་"
1453431,1455461,2030,"ཉོན་མོངས་པ་དུག་ལྔ་ཡོད་པ་དེ་"
1455461,1457923,2462,"བསྐྱེད་རིམ་གྱི་སྦྱང་བྱ་ཡི་གཙོ་བོ་དེ་རེད།"
1457923,1461617,3694,"དེ་ནས། དེ་ཡི་རྗེས་སུ། ནང་དུ་རགས་པའི་སྒོ་གསུམ་པོ་གསུང་དུས་ཙ་ནས།"
1461617,1463490,1873,"ཇི་ལྟར་ཕྱི་རོལ་དེ་བཞིན་ནང་། །"
1463490,1466634,3144,"ཟེར་མཁན་དེ་རེད་དུས། ནང་ལ་རྡོ་རྗེ་ཕུང་པོའི་གྲོང་ཁྱེར་དུ།"
1466634,1471025,4391,"གནས་པ་རྩ། གཡོ་བ་རླུང་། བཀོད་པ་བྱང་ཆུབ་ཀྱི་སེམས་ཡོད་པ་དེ།"
1471025,1472588,1563,"སྒོ་ལུས་ངག་ཡིད་གསུམ་གྱི་"
1472588,1475349,2761,"རྟེན་དུ་འགྱུར་བ་ཆོས་མཚུངས་པར་སྦྱར་ཏེ།"
1475349,1477637,2288,"དེ་ནས། དེ། སྣོད་བཅུད་རྒྱུད་གསུམ་ཟེར་ནའང་འདྲ།"
1477637,1479263,1626,"ལུས་ངག་ཡིད་གསུམ་ཟེར་ནའང་འདྲ།"
1479263,1482014,2751,"དེ་དང་དེ་ཡི་དེ་དག་མ་དག་པ་རྣམས་ཀྱི།"
1482014,1484618,2604,"ཀུན་འབྱུང་ལས་དང་ཉོན་མོངས་པ་ཡིས་སྐྱེ་སྡོད་པ་དང་།"
1484618,1486576,1958,"ཕྱིར་སྣོད་ཀྱི་འཇིག་རྟེན་འབྱུང་བ་ལྔ།"
1486576,1488499,1923,"ནང་བཅུད་ཀྱི་སེམས་ཅན་ཕུང་པོ་ལྔ།"
1488499,1490716,2217,"དེའི་རྒྱུད་ཀྱི་ཉོན་མོངས་པ་ལྔ་དང་བཅས་"
1490716,1494223,3507,"སྣང་ཞེན་དེ་ཐམས་ཅད་མེད་པར།"
1494223,1497327,3104,"དེ་ནས། ཟག་བཅས་སྡུག་བསྔལ་གྱི་རང་བཞིན་མཐོང་བར་འགྱུར་བ་དེ།"
1497327,1498983,1656,"ཕར། དག་པར་བྱ་བའི་ཕྱིར་དུ།"
1498983,1501295,2312,"དེ་ནས། དེ་སྤང་བྱ་རུ་མི་ལྟ་བར།"
1501295,1504391,3096,"ལྷ་སྔགས་ཆོས་སྐུའི་རང་བཞིན་དུ་རབ་ཏུ་སྦྱངས་ཏེ།"
1504391,1508698,4307,"ཕྱི་སྣོད་ཀྱི་འཇིག་རྟེན་དེ། རང་གི་ཡི་དམ་ལྷག་པའི་ལྷ་གང་ཡིན་པ་དེའི་ཞིང་ཁམས།"
1508698,1510455,1757,"ནང་བཅུད་ཀྱི་སེམས་ཅན་ཐམས་ཅད།"
1510455,1512971,2516,"ལྷ་དེ་ཡི་གདན་གསུམ་ཚང་བའི་དཀྱིལ་འཁོར་"
1512971,1515763,2792,"གྲུབ་པར་བྱེད་པ་དང་།"
1515763,1519297,3534,"དེ་ནས། བསྐྱེད་རིམ་ཁོ་རང་ལའང་། བསྐྱེད་རིམ་གྱིས་བཟུང་འགྲོ་དུས། སྣོད། དང་པོ།"
1519297,1521347,2050,"ལྷ་ཡི་དཀྱིལ་འཁོར་དུ་བསྒོམ།"
1521347,1523369,2022,"དེ་ནས། དེ་ལ་ང་རྒྱལ་བརྟན་པ།"
1523369,1524792,1423,"དག་པ་དྲན་པ། "
1524792,1528605,3813,"རྣམ་པ་གསལ་བ་གསུམ་རེད་ཚར་དུས།"
1528605,1531239,2634,"དེ་ནས། བསྐྱེད་རིམ་གྱི་ཏིང་ངེ་འཛིན་ལ་ཡུན་རིང་པོ་བསྒོམས་ནས།"
1531239,1533480,2241,"སྐྱོ་འོང་བའི་སྐྱོ་བ་ཚང་བ་སྐྱེ་པ་་་་ཞེས།"
1533480,1535510,2030,"བསྐྱེད་རིམ་འདིའི་བོགས་འགྲོ་རྫི་བྱེད་པ་ལས།"
1535510,1538699,3189,"དཔེར་ན། མི་ཞིག་ཡིན་ན། ལུས་ངག་ཡིད་གསུམ་ལྷན་ཅིག་ཏུ་ཚོགས་ན།"
1538699,1541419,2720,"ཅིག། ལས་དང་བྱ་བ་གང་དགོས་ན་བྱེད་ནུས་ཀྱི་རེད་དུས།"
1541419,1542985,1566,"དཔེ་དེ་ལྟ་བུ་སྟེ།"
1542985,1547000,4015,"སྔགས་ཀྱིས་ཐུགས་རྒྱུད་བསྐུལ་ན། ལྷ་ཡི་ཡེ་ཤེས་དེ། སྔགས་ཀྱི་རོལ་པ་ལ་འཆར་འོང་དུས།"
1547000,1550513,3513,"སྔགས་འདི། ཡེ་ཤེས་ཀྱི་རོལ་པའི་སྔགས་འདི་ཡང་ནས་ཡང་དུ་བཟླས་ན།"
1550513,1553670,3157,"སྔགས་འདི་ཡིས། མཆོག་དང་ཐུན་མོང་གི་དངོས་གྲུབ་ཐམས་ཅད། མྱུར་དུ་"
1553670,1555466,1796,"འབྱིན་པར་བྱེད་རྒྱུ་རེད་དུས། དེའི་ཕྱིར་ན།"
1555466,1557790,2324,"དེ་ནས། བསྐྱེད་རིམ་བོགས་བྱིན་པའི་ཚུལ་དང་།"
1557790,1558400,610,"སྔགས་དང་། "
1558400,1561090,2690,"དེ་ནས། ལྷ་དང་སྔགས་དེ་དག་ཐམས་ཅད་མེད་པའང་།"
1561090,1564420,3330,"ཐ་མལ་པའི་གཟུགས་ཀྱི། ཐ་མལ་པའི་སྔགས་ལྟ་བུའི་རྣམ་པར་མི་ལྟ་བར།"
1564420,1566850,2430,"སངས་རྒྱས་ཀྱི་ཡེ་ཤེས་རྣམ་པ་ཐམས་ཅད་པ་དེ། "
1566850,1569148,2298,"གདུལ་བྱ་ལ། སྐུ་ཡིས་འདུལ་བ་རྣམས་ལ་ལྷ།"
1569148,1570682,1534,"གསུང་གིས་འདུལ་བ་རྣམས་ལ་སྔགས།"
1570682,1574429,3747,"ཐུགས་ཀྱིས་འདུལ་བ་རྣམས་ལ། ཆོས་སྐུ་ཡི་རང་བཞིན་ཡིན་པར་ཤེས་ཏེ།"
1574429,1576961,2532,"རབ་ཏུ་སྦྱོང་བར་བྱེད་པ་དེ་ལ་བརྟེན་ཏེ།"
1576961,1579728,2767,"དེ་ནས། དོན་མ་དག་པ་ལས་དང་ཉོན་མོངས་པ་ཡིས་མཐོང་ན།"
1579728,1582605,2877,"སྣོད་བཅུད་སྡུག་བདེན་དུ་མཐོང་བ་ཕར་སྦྱངས་ཏེ།"
1582605,1584214,1609,"ཕྱི་འཇིག་རྟེན་ཁམས་ལ་ཡིན་ནའང།"
1584214,1587382,3168,"འདོད་ཁམས་དང་། གཟུགས་ཁམས། གཟུགས་མེད་ཁམས་གསུམ་གྱི་"
1587382,1588500,1118,"སྲིད་པ་གསུམ་དང་།"
1588500,1590553,2053,"ནང་གི་ཕུང་པོ་ལྔ་པོ་དེ་དག་ཡིན་ནའང་།"
1590553,1594950,4397,"དང་པོ་ཚུར་སྐྱེ་བ། ཐ་མར་ལུས་སེམས་གཉིས་སོ་སོར་བྲལ་ཏེ་འཇིག་པ་དང་"
1594950,1597002,2052,"འཆི་བ། བར་དོའི་གནས་སྐབས་ཏེ།"
1597002,1599394,2392,"འདི་རྣམ་པ་གསུམ་པོ་འདི། སྐྱེ་འཇིག་བར་དོ་གསུམ་འདི།"
1599394,1601517,2123,"སྐུ་གསུམ་གྱི་རང་བཞིན་དུ་སྦྱངས་ཏེ།"
1601517,1604943,3426,"དེ་ནས། ཐབས་་་་ སྲིད་པ་གསུམ་དང་།"
1604943,1608790,3847,"སྐྱེ་འཆི་བར་དོ་གསུམ་གྱི་དེ་དང་དེའི་ཐ་མལ་གྱི་འཁྲུལ་པའི་ཆ་ཐམས་ཅད།"
1608790,1610064,1274,"བསྐྱེད་རིམ་དེ་ལ་བརྟེན་ཏེ་"
1610064,1611291,1227,"ལྡོག་པར་ངེས་པའི།"
1611291,1612579,1288,"དེ་ནས། སྦྱང་གཞི། "
1612579,1616377,3798,"གཉུག་མའི་རྡོ་རྗེ་གསུམ་ལ། ཡེ་ཤེས་ཟེར། རང་མགོ་ལུས་ངག་ཡིད་གསུམ་ན་ཡོད་པ་དེ། "
1616377,1619736,3359,"སྦྱོང་བྱེད། ལྷ་སྔགས་ཆོས་སྐུའི་རོལ་གར་གྱིས་རབ་ཏུ་སྦྱངས།"
1619736,1623233,3497,"དེ་ལྟའི་སྦྱོང་བ་འདི། སྦྱོང་གཞི་དང་སྦྱོང་བྱེད་གཉིས་རྟོགས་བྱར་ཐུབ་ན།"
1623233,1625379,2146,"དེ་སྔགས་ཀྱི་ལམ་གྱི་གོ་བ་རྣལ་མ་རེད་དུས།"
1625379,1627006,1627,"དེ་ངོ་འཕྲོད་པར་བྱས།"
1627006,1628690,1684,"དེ་ནས། ངོ་འཕྲོད་པར་བྱས་པའི་རྗེས་སུ།"
1628690,1631895,3205,"དེ་ནས། མཆོག་དང་ཐུན་མོང་གི་དངོས་གྲུབ་སྒྲུབ་པ་དེ་ལ།"
1631895,1634043,2148,"བསོད་ནམས་ཀྱི་ཚོགས་བསགས་དགོས་རྒྱུ་རེད་དུས།"
1634043,1636132,2089,"དེ་ནས། བསོད་ནམས་ཀྱི་ཚོགས་བསག་པར་བྱ་བའི་ཕྱིར་དུ།"
1636132,1637337,1205,"སྐྱབས་སུ་འགྲོ་བ་དང་།"
1637337,1639975,2638,"སེམས་བསྐྱེད་པ་དང་། ཡན་ལག་བདུན་པ་ཡི་སྒོ་ནས།"
1639975,1641181,1206,"བསགས་སྦྱངས་བྱེད་པ་དང་།"
1641181,1643723,2542,"དེ་ནས། སྡོམ་པ་བཟུང་བ་དང་།"
1643723,1646266,2543,"སྣོད་བཅུད་ཡེ་ཤེས་ཀྱི་འཁོར་ལོར་བྱིན་བརླབས་པ་དང་།"
1646266,1649035,2769,"ལྷ་སྔགས། མཆོད་པ་བྱིན་གྱིས་རླབས་པ་ལ་སོགས་པ་"
1649035,1650522,1487,"སྔོན་དུ་འགྲོ་བས།"
1650522,1651850,1328,"དེ་ནས། ཐོག་མ་ཉིད་དུ།"
1651850,1654190,2340,"དཱ། སྣོད་བཅུད་རྒྱུད་གསུམ་པོ་ཐམས་ཅད།"
1654190,1656187,1997,"ཤཱུ་ནྱ་ཏཱའི་སྔགས་བརྗོད་པ་དང་མཉམ་དུ།"
1656187,1658618,2431,"ཕར། མི་དམིགས་པ་སྟོང་པ་ཉིད་ཀྱི་ངང་དུ་སྦྱངས།"
1658618,1660073,1455,"དེ་ནས། རྙིང་མ་ལྟ་བུ་ཡིན་ན།"
1660073,1662035,1962,"དེ་བཞིན་ཉིད་ཀྱི་ཏིང་ངེ་འཛིན་ཟེར་དུས།"
1662035,1665342,3307,"དེ་ནས། མཁའ་འགྲོ། བླ་མས་རང་ངོ་ངོ་འཕྲོད་པའི་དབང་དོན་གྱི་ཡེ་ཤེས་ཡོད་ན།"
1665342,1666777,1435,"དེའི་སྟེང་དུ་མཉམ་པར་བཞག།"
1666777,1669422,2645,"དབང་དོན་གྱི་ཡེ་ཤེས་ཉམས་མྱོང་མེད་མཁན་ཞིག་ཡིན་ནའང་།"
1669422,1671136,1714,"དེ་ནས། ཤཱུ་ནྱ་ཏཱའི་སྔགས་བརྗོད་སྡོད་དུས།"
1671136,1674949,3813,"སྣོད་བཅུད་ཐམས་ཅད་མི་དམིགས་པ། ནམ་མཁའ་ལ་འཇའ་ཡལ་བ་བཞིན་དུ་ཐད་བསམས།"
1674949,1676642,1693,"སེམས་ཀྱིས་སྟོང་ཉམས་ཅིག་ཤར་འོང་རྒྱུ།"
1676642,1679680,3038,"སྟོང་ཉམས་འདིའི་ངོ་བོ་ལས་ཚུར། གཡོ་མེད་མཉམ་པར་བཞག་སྟེ།"
1679680,1682525,2845,"ཉམས་མྱོང་གི་ངང་དུ། ཏིང་ངེ་འཛིན་མཉམ་པར་བཞག་པར་བྱ།"
1682525,1687308,4783,"དེ་ནས། འདི་ལྟ་བུ། བསྐྱེད་རིམ་གྱི་ངོ་བོ་དེ། ལམ་ངེས་རྫོགས་ཀྱི་དབང་དུ་བྱས་ན།"
1687308,1690434,3126,"དང་པོ། ཕྱི་སྣོད་ཀྱི་འཇིག་རྟེན། ནང་བཅུད་ཀྱི་སེམས་ཅན།"
1690434,1694614,4180,"བར་དུ་ཉོན་མོངས་དུག་ལྔ། མ་གྲུབ་པ་དེ་ཁར་རྩང་དབུ་མའི་རིགས་པ་ཡིས་དཔྱད་པ་དེ་ལྟ་བུས་"
1694614,1696709,2095,"གཅེས་སྤྲས་བྱེད། སློབ་མས་དེ་བསྒོམས།"
1696709,1699347,2638,"དེ་ནས། སྟོང་ཉིད་ཀྱི་ཉམས་མྱོང་ཕྲ་མོ་ཞིག་རྒྱུད་ལ་སྐྱེས་ཡོད་ན།"
1699347,1702726,3379,"དེ་ནས། དེའི་སྟེང་དུ་མཉམ་པར་བཞག་པ་དེ་འདྲ་རེད། མཉམ་པར་བཞག་པས།"
1702726,1706817,4091,"དེ། མཉམ་པར་བཞག་པ་དེ་བཞིན་ཉིད་ཀྱི་ཏིང་ངེ་འཛིན་འདིའི་སྦྱང་བྱ་གང་ཞིག་རེད་ཟེར་ན།"
1706817,1710869,4052,"ལུས་དང་སེམས་གཉིས། སོ་སོ་རུ་བྲལ་ཏེ་འཆི་བའི་སྲིད་པ་དེ་སྦྱང་རྒྱུ་རེད།"
1710869,1714348,3479,"ཁམས་གསུམ་གྱི་ནང་ནས་གཟུགས་མེད་ཀྱི་ཁམས་ལ་བག་ཆགས་དེ་སྦྱངས།"
1714348,1716815,2467,"དེ་ནས། དེའི་ནང་ནས། སྙིང་པོའི་བསྐྱེད་རིམ་ལྟ་བུ་ཡིན་ན།"
1716815,1720116,3301,"སྟོང་ཉིད། དེ་ལྟ་བུའི་གནས་ལུགས་མ་རྟོགས་པའི་སེམས་ཅན་ཐམས་ཅད།"
1720116,1722290,2174,"སྙིང་རྗེ་ཆེན་པོ་ཞིག། བརྩེ་བའི་སྙིང་རྗེ་སྒོམ་དུས།"
1722290,1724588,2298,"དེ་ནས། ཀུན་སྣང་གི་ཏིང་ངེ་འཛིན་ཟེར་མཁན་འདི་རེད།"
1724588,1726947,2359,"དེ་ནས། སྟོང་དང་སྙིང་རྗེ་ཟུང་དུ་འཇུག་ན།"
1726947,1729449,2502,"ཐེག་པ་ཆེན་པོའི་ལམ་མ་ནོར་བ་རེད་རྒྱུ་རེད་དུས།"
1729449,1730103,654,"འདི་རེད། དེ་ནས།"
1730103,1731806,1703,"འདི་སྦྱང་བྱ་གང་ཡིན་ཟེར་ན།"
1731806,1734825,3019,"སངས་རྒྱས་ཐམས་ཅད། ཆོས་སྐུ་ལས་གཟུགས་སྐུར་བཞེངས་པའི་ཚུལ་གྱི།"
1734825,1738591,3766,"འདི། བཞེང་མ་ཐུབ་པས། ལས་དང་ཉོན་མོངས་པའི་སྒྲིབ་པས་"
1738591,1742149,3558,"གཞིའི་ཆོས་ཉིད་ལས་ཚུར་འཁོར་བར་འཁྱམ་འོང་རྒྱུ། དེ་ཕར་སྦྱོང་འགྲོ་དུས།"
1742149,1744355,2206,"ཆོས་སྐུ་ལས་གཟུགས་སྐུ་་་་་"
1744355,1746704,2349,"དེ་ཕར་སྦྱོང་འགྲོ་དུས།"
1746704,1748211,1507,"ཆོས་སྐུ་ལས་གཟུགས་སྐུ་"
1748211,1751073,2862,"བཞེང་པར་རྩོམ་པ་དེ་དང་མཚུངས་པ་དེ། སྦྱོང་བྱེད་བྱས།"
1751073,1753704,2631,"དེ་ནས། སྟོང་དང་སྙིང་རྗེ་ཟུང་དུ་འཇུག་པའི་ངོ་བོ་དེ་རེད།"
1753704,1756894,3190,"ས་བོན་གྱི་རྣམ་པ་ཡི་ཧཱུྃ་དང་ཧྲཱི་ལ་སོགས་པ་ལྡང་བ་དེ།"
1756894,1758177,1283,"རྒྱུ་ཡི་ཏིང་ངེ་འཛིན་ཟེར་རེད།"
1758177,1759733,1556,"དེ་ལྟ་བུ་སྒོམ་པར་བྱེད་པ་རེད།"
1759733,1763213,3480,"དེ་ནས། གསར་མ་ཡི་བསྐྱེད་རིམ་་་་་དེ།"
1763213,1769269,6056,""
1769269,1772802,3533,"ས་བོན་གྱི་རྣམ་པ་ཡི་ཧཱུྃ་དང་ཧྲཱི་ལ་སོགས་པ་ལྡང་བ་དེ།"
1772802,1774193,1391,"རྒྱུ་ཡི་ཏིང་ངེ་འཛིན་ཟེར་རེད།"
1774193,1775732,1539,"དེ་ལྟ་བུ་སྒོམ་པར་བྱེད་པ་རེད།"
1775732,1778364,2632,"དེ་ནས། གསར་མ་ཡི་བསྐྱེད་རིམ་ལྟ་བུ་ཡིན་ན།"
1778364,1782882,4518,"ཤཱུ་ནྱ་ཏཱའི་སྔགས་ལ་སོགས་པ་བརྗོད་པས། སྣོད་བཅུད་ཐམས་ཅད་མི་དམིགས་པ་སྟོང་པ་ཉིད་དུ་སྦྱངས།"
1782882,1787051,4169,"དེ་ནས། སྟོང་པའི་ངང་ནས་བར་དོའི་ཤེས་པ། རྣམ་པར་ཤེས་པ་དེ་དང་།"
1787051,1790247,3196,"ལྷའི་ས་བོན་གྱི་ཚུལ་རྣམ་པ་བསྒོམ་པ་མ་གཏོགས།"
1790247,1792425,2178,"རྒྱུ་ཡི་དེ་བཞིན་ཉིད་ཀྱི་ཏིང་ངེ་འཛིན་དང་།"
1792425,1793475,1050,"ཀུན་སྣང་གི་ཏིང་ངེ་འཛིན། "
1793475,1795529,2054,"རྒྱུ་ཡི་ཏིང་ངེ་འཛིན་གསུམ་པོ་འདི་ཡོད་མ་རེད།"
1795529,1797892,2363,"འདིའི་ཏིང་ངེ་འཛིན་རྣམ་པ་གསུམ་པོ་དེ།"
1797892,1801116,3224,"གསང་སྔགས་རྙིང་མ་ཡི་ཁྱད་ཆོས་རེད།"
1801116,1802733,1617,"དེ་ལྟ་བུའི་རྣམ་པ་དང་།"
1802733,1806997,4264,"དོན་གྱིས། དེ་ནས། དང་པོ་སྟོང་ཉིད། ཕར་སྦྱངས་ཚར་དུས། དེ་ནས།"
1806997,1810882,3885,"སྣོད་བཅུད་ལྷ་སྔགས་ཆོས་སྐུའི་རྣམ་པ་རུ་སྦྱོང་འོང་རྒྱུ་འདི།"
1810882,1812418,1536,"སྦྱང་བྱ་ག་རེ་སྦྱོང་འོང་རེད་ཟེར་ན།"
1812418,1815128,2710,"བར་དོའི་སྲིད་པ་ལ་ནི། ད་ལྟ།"
1815128,1819806,4678,"ཆོས་ཉིད་་་་ཆོས་ཉིད་ཀྱི་"
1819806,1823259,3453,"ཐ་མལ་པའི་འཁྲུལ་སྣང་ཐམས་ཅད། ཆོས་ཉིད་ཀྱི་ངོ་བོར་ཕར་སྦྱངས་ཚར་དུས།"
1823259,1825069,1810,"སླར་ཡང་སྣང་ཆ་ཞིག་ལྡང་འོང་དུས།"
1825069,1827789,2720,"དེ་ནས། སྐྱེ་བ་ག་ན་ལེན་དགོས་ན། བར་དོའི་སྲིད་པ་"
1827789,1829069,1280,"ཤར་འོང་རྒྱུ་དེ་དང་།"
1829069,1831431,2362,"དེ་ནས། གཟུགས་ཁམས་ཀྱི་ལྷ་ཡུལ་སྦྱངས།"
1831431,1834592,3161,"དེ་ནས། གང་བྱས་ནའང་། སྣང་སྟོང་ཟུང་འཇུག་གི་ངང་ནས།"
1834592,1836324,1732,"ས་བོན་དེ་ལས་རིམ་པ་བཞིན་དུ། "
1836324,1837318,994,"མངོན་འབྱུང་མངལ་སྐྱེས།"
1837318,1839958,2640,"རྡོ་རྗེའི་ཆོ་ག་གསུམ་སྐྱེས་ལ་སོགས་པ་ཡི་སྒོ་ནས།"
1839958,1841140,1182,"ལྷ་སྐུར་བལྟས་ཏེ།"
1841140,1843448,2308,"ལྷ་ཡི་རྣམ་པར་སྦྱོང་འོང་རྒྱུ། དེའི་སྟེང་ནས།"
1843448,1846171,2723,"དེ་ནས། ལྷ་ཡེ་ཤེས་པ་སྤྱན་འདྲེན།"
1846171,1848067,1896,"དམ་ཚིག་པ་ལ་གཉིས་མེད་དུ་སྟིམ།"
1848067,1850397,2330,"དེ་ནས། དེ་ལ་ཡང་། མཆོད་པ་ལ་སོགས་པ་"
1850397,1852077,1680,"ཕུལ་བར་བྱེད་དང་ནི། "
1852077,1855413,3336,"དེ་ནས། ལྷ་ཡི་ཆེ་བའི་ཡོན་ཏན་བརྗོད་པའི་བསྟོད་པ་བྱས་ཏེ།"
1855413,1857315,1902,"དེ་ནས། ད་ལྟ་ཞུས་པ་བཞིན་དུ།"
1857315,1861080,3765,"བསྐྱེད་རིམ་གྱི་བོགས་འབྱིན་ལ། བཟླས་པ་སྔགས་བརྗོད་རྣལ་འབྱོར་ལ་སོགས་པ་བསྒོམས་ནས།"
1861080,1863731,2651,"དེ་ནས། ལྷ་སྔགས་ཆོས་ཉིད་གསུམ་ལ་བརྟན་པ་ཐོབ་འོངས་ན།"
1863731,1866103,2372,"དེ་ནས། ཞི་རྒྱས་དབང་དྲག་གི་ལས་རབ་འབྱམས་དང་།"
1866103,1870070,3967,"མཆོག་གི་ཕྱག་རྒྱ་ཆེན་པོའི་དངོས་གྲུབ་ལ་སོགས་པ་ཚུལ་བཞིན་དུ་སྤྱོད་འོང་རྒྱུ་རེད།"
1870070,1871390,1320,"དེ་སྤྱོད་པར་བྱེད་པ་ནི། "
1871390,1873788,2398,"དེ་ནས། ཚུར། སྐྱེ་བའི་སྲིད་པ་བཟུང་ཚར་ནས།"
1873788,1877095,3307,"པུ་གུ་དེ། དྲོད། མངལ་སྐྱེས་ལྟ་བུ་ཡིན་ནའང་མ་ལས་སྐྱེ།"
1877095,1879728,2633,"སྐྱེས་ཚར་དུས། དེ་ནས། འཇིག་རྟེན་ལ་བྱ་བ་"
1879728,1882986,3258,"རྩོམ་པར་བྱེད་པ། འདིའི་སྲིད་པ་ཆ་དང་བཅས་པ་དང་ནི། "
1882986,1884884,1898,"འདོད་པའི་ཁམས་ཀྱི་བག་ཆགས་ཐམས་ཅད་"
1884884,1887478,2594,"སྦྱངས་ཤིང་། དེ་ནས། སྦྱངས་ཟིན་པ་དེ་ལ་བརྟེན་ནས།"
1887478,1888620,1142,"སངས་རྒྱས་རྣམས་ཀྱང་།"
1888620,1891436,2816,"སངས་རྒྱས་མཆོག་གི་སྤྲུལ་པའི་སྐུ་འཇིག་རྟེན་དུ་བྱོན་ཚར་དུས།"
1891436,1895753,4317,"གཞན་དོན་གྱི་ཕྲིན་ལས་ཀྱི་མཛད་པ་རིམ་པ་བཞིན་དུ་སྐྱོང་བ་ལྟ་བུའི་ཁམས་ཀྱིས་སྦྱངས་ཤིང་།"
1895753,1899292,3539,"དེ་དག་ཀྱང་གཙོ་བོར་རང་རང་གི་དྲི་མ་སྦྱངས་ཤིང་ཟེར། དཔེར་ན།"
1899292,1901951,2659,"སྣོད་བཅུད་ཐམས་ཅད་མི་དམིགས་པ་སྟོང་པར་སྦྱངས་ནས།"
1901951,1905709,3758,"འཆི་སྲིད་སྦྱངས་བ་འདི། གཙོ་བོ་ཡི་ཚུལ་དུ་སྨོས་རྫི་རེད་ཟེར་མ་གཏོགས། ཡང་བར་དོའི་སྲིད་པ་དང་།"
1905709,1909017,3308,"སྐྱེ་བའི་སྲིད་པའང་། སྟོང་པར་སྦྱོང་བ་འདིས་མི་སྦྱོང་བ་མ་རེད།"
1909017,1912171,3154,"དེ་ནས། ལྡོག་ཆ་ཡིས་ཕྱེས་ནས། སྐབས་སུ་སོ་སོ་ཕྱེས་རེད་མ་གཏོགས།"
1912171,1914634,2463,"ཡང་གཅིག་གིས་གཅིག་ལ་ཕན་པ་མེད་པ་མ་རེད་དུས།"
1914634,1917730,3096,"གཙོ་བོ་ཡི་ཆ་ནས་སྨོས་དུས། རང་རང་གི་དྲི་མ་སྦྱངས་ཤིང་།"
1917730,1919482,1752,"དེ་ཡིས། འབྲས་བུ་ལམ་དུ་བྱེད་པ་ཟེར་དུས།"
1919482,1922072,2590,"སངས་རྒྱས་རྣམས་ནི། འཇིག་རྟེན་གྱི་ཁམས་ལ། དང་པོ་"
1922072,1926286,4214,"ཆོས་ཉིད་མཉམ་པ་ཉིད་ཀྱི་ངང་ནས། སེམས་ཅན་ལ་དམིགས་པ་མེད་པའི་ཐུགས་རྗེ་ཆེན་པོ་བསྐྱེད།"
1926286,1928537,2251,"ཐུགས་རྗེ་ཆེན་པོ་བསྐྱེད་པ་དེ་ལ་བརྟེན་ནས།"
1928537,1929616,1079,"གདུལ་བྱའི་དོན་དུ།"
1929616,1931336,1720,"དེ་ནས། སྤྲུལ་པའི་སྐུ་ཡི་རྣམ་པར་བཞེངས།"
1931336,1933213,1877,"སྤྲུལ་པའི་སྐུ་ཡིས། སངས་རྒྱས་"
1933213,1937983,4770,"སེམས་ཅན་ཐམས་ཐར་པའི་ལམ་ལ་བཀོད་པའི་ཕྲིན་ལས་མཛད་པ། འདིའི་རྣམ་པ་འདི་དང་མཚུངས་རྒྱུ་རེད།"
1937983,1939649,1666,"མ་དག་པ་འཁོར་བའི་སྐབས་ཡིན་ན།"
1939649,1941283,1634,"དེ་ནས། བར་དོའི་རྣམ་པར་ཤེས་པ་དེ་"
1941283,1944188,2905,"ཕར་མངལ་ནང་དུ་ཞུགས། སྐྱེ་བའི་སྲིད་པ་སྦྱོང་དུས།"
1944188,1948592,4404,"སྔོན་ནས། ལུས་སེམས་ཕར་བྲལ་ཏེ་བར་དོར་སྐྱེས་པའི་དྲི་མ་དང་བཅས་པ་སྦྱངས་ཤིང་།"
1948592,1949926,1334,"ལམ་དུ་བྱས་པས།"
1949926,1951325,1399,"དེ་ནས། འབྲས་བུ་རིམ་པ་བཞིན་དུ།"
1951325,1954391,3066,"སངས་རྒྱས་སྐུ་གསུམ་གྱི་ཡེ་ཤེས་དེ། རྒྱུད་ལ་འདྲེན་པར་བྱེད་པ།"
1954391,1956219,1828,"སྨིན་བྱེད་སྔོན་འགྲོ་ལྟ་བུ་འགྱུར་བས་ན།"
1956219,1959278,3059,"དེ་ལས། ཐབས་ཀྱི་སྣང་ཆ་དེ་གཙོ་བོ་ཡིན་པ་དང་།"
1959278,1961140,1862,"དེ་ནས། འདིའི་ཐོག་ནས།"
1961140,1963303,2163,"སྣོད་བཅུད་རྒྱུད་གསུམ་གྱི་སྣང་ཆ་དེ།"
1963303,1966861,3558,"ལྷ་སྔགས་ཆོས་སྐུ་ལ། ཚུར་སེམས་ཀྱིས་སྤྲོ་སྟེ་བསྐྱེད་པར་གྱུར་བ་ཡིན་པའི་ཕྱིར་ན།"
1966861,1971503,4642,"དེ། བསྐྱེད་པའི་རིམ་པ་ཞེས་བྱ་བའི་ཚུལ་གྱིས་བསྟན་པར་མཛད་པའི་རྒྱུ་མཚན་དེ་འདྲ་རེད།"
1971503,1973010,1507,"དེ་ནས། དེ་ཡི་རྗེས་སུ་དཱ། "
1973010,1976609,3599,"ལམ་རྫོགས་པའི་རིམ་པ་བསྟན་པར་གྱུར་བ་དེ་རེད།"
1976609,1979433,2824,"དེ་ལ་བསྟན་པ། རྫོགས་པའི་རིམ་པ་བསྟན་པ་ནི།"
1979433,1983659,4226,"དེར་འཛིན་ཞེན་པ་དེར་འཛིན་ཞེན་ཞེན་པ་འབྱིན་པའི་སླད། །"
1983659,1986718,3059,"ཕྲ་བའི་རྩ་རླུང་ཐིག་ལེ་ལ། །གནད་དུ་བསྣུན་པའི་སྦྱོར་བ་ཡིས། །"
1986718,1988349,1631,"བདེ་ཆེན་ཡེ་ཤེས་རྙེད་པར་འགྱུར། །"
1988349,1990061,1712,"ཞེས་པའི་སྒོ་ནས་སྨོས་པ་སྟེ།"
1990061,1992664,2603,"དཱ། ད་ལྟ་བསྐྱེད་རིམ་འདི་རགས་པའི་རྣལ་འབྱོར་རེད་དུས།"
1992664,1996507,3843,"དེ་ནས། རགས་པ། ང་ཚོའི་གདོས་བཅས་འདོད་ཁམས་པའི་ཤ་ཁྲག་གི་ལུས་ལྟ་བུ་འདི།"
1996507,2000611,4104,"སྒོ་གསུམ་པོ་དེ་རྣམས་ཐམས་ཅད། ལྷ་སྔགས་ཆོས་སྐུ་ཡོད་སུ་ལྟ་བུས།"
2000611,2002541,1930,"དེ་ནས། ལྷ་སྔགས་ཆོས་སྐུ། གཞན་ལ་"
2002541,2004916,2375,"དེ་སངས་རྒྱས་ཀྱི་ཡེ་ཤེས་ཀྱི་རོལ་པ་ཡིན་བསམ་དུས།"
2004916,2006876,1960,"གྱ་ནོམ་ལྷར་ཞེན་པའི་འཛིན་པ་དེ།"
2006876,2008109,1233,"ཕར་ཞིག་དགོས་རྒྱུ་རེད་དུས།"
2008109,2010296,2187,"དེ་དག་ཞིག་པར་བྱ་བའི་ཕྱིར་དུ།"
2010296,2011929,1633,"དེ་ནས། རང་གི་རྡོ་རྗེ་ཕུང་པོའི་"
2011929,2014226,2297,"གྲོང་ཁྱེར་དེ་ལ། ཡེ་ཤེས་ཀྱི་རྩ།"
2014226,2019076,4850,"ཡེ་ཤེས་ཀྱི་རླུང་། ཡེ་ཤེས་ཀྱི་ཐིག་ལེ་ཡེ་ནས་གནས་ཡོད་པ་དེ་ལ།"
2019076,2021275,2199,"དེ་ནས། གནད་དུ་བསྣུན་པའི་སྦྱོར་བ་བྱས་ན།"
2021275,2023119,1844,"དེ་ནས། རྫོགས་པའི་རིམ་པ་དེ་བསྒོམ་རྒྱུ་རེད་དུས།"
2023119,2026039,2920,"དེ་ནས། རྫོགས་པའི་རིམ་པ་སྒོམ་འོང་དུས། ཐོག་མ་ཉིད་དུ། དེ་ནས།"
2026039,2030303,4264,"རྩ་འདི་གང་ལ་བརྟེན་ཡོད་ཟེར་ན།"
2030303,2031365,1062,"ལུས་ལ་བརྟེན་ཡོད་རེད།"
2031365,2033824,2459,"རྩ་འདི་ཡི་ནང་དེ་ན། རྒྱུ་བ་འདི་རླུང་རེད།"
2033824,2035923,2099,"རླུང་གིས་ཕར་ཚུར་ཁྱེར་བར་བྱེད་པ་འདི་"
2035923,2036959,1036,"ཁམས་དཀར་དམར་རེད་དུས།"
2036959,2038726,1767,"དང་པོ་རྩ་འདི་དྲང་པོར་འགྲོ་དགོས་རེད།"
2038726,2041122,2396,"རྩ་དྲ་པོར་འགྲོ་བའི་ཐབས་སུ་གྱུར་བ་འདི་ལ།"
2041122,2046361,5239,"དེ་ནས། ལུས་གནད། རྫོགས་རིམ་སྒོམ་པའི་ཚེ་ན། རྣམ་པར་སྣང་མཛད་ཀྱི་ཆོས་བདུན་དང་ལྡན་པ་བཅའ་བར་བྱེད་པ་དང་།"
2046361,2048368,2007,"དེ་ནས། རྩ་ཡི་མདུད་པ་གྲོལ་རྫི་དང་"
2048368,2050179,1811,"ཡི་ཐབས་དང་།"
2050179,2053199,3020,"ལུས་ཀྱི་་་་བདེ་སྟོང་གི་རླུང་དེ།"
2053199,2057259,4060,"ཡེ་ཤེས་ཀྱི་རྩ། ཡེ་ཤེས་ཀྱི་རླུང་འགྲོ་བར་བྱེད་པ་དེ་དཱ། འཕྲུལ་འཁོར་དང་།"
2057259,2059504,2245,"དེ་ནས། འཕྲུལ་འཁོར་བྱེད་ཟིན་པ་དེ་ལ་བརྟེན་ཏེ།"
2059504,2063890,4386,"རྩ་འདི། ལུས་གནད་དྲང་པོར་སྲང་བ་དང་། འཕྲུལ་འཁོར་གྱིས་རྩ་ཡི་མདུད་པ་དཀྲོལ་ཚར་དུས།"
2063890,2065896,2006,"དེ་ནས། རླུང་ལམ་དུ་བྱེད་པའི་ཆེད་དུ།"
2065896,2069585,3689,"བྱེད་པ་ཅན་གྱི་སྦྱོར་བ་ཡི་སྒོ་ནས། རླུང་གི་བྱེད་པ་དེ་ཕར་བཅིངས།"
2069585,2072065,2480,"དེ་བྱས་དུས། ད་སྔ་རང་གི་ལུས་ལ་གནས་པའི་དེ་་་་།"
2072065,2076909,4844,"རླུང་དེ་དག། ཉོན་མོངས་པ་དུག་ལྔ་བསྐྱེད་པའི་ལས་དང་ཉོན་མོངས་པའི་རྩ་སྦུག་ལ་འགྲོ་ཡི་ཡོད་རེད་དུས།"
2076909,2080356,3447,"དེའི་ཕྱིར་ན། ལས་དང་ཉོན་མོངས་པའི་རྩ་སྦུག་གི་འགོ་འདི་ཕར་བཀག།"
2080356,2083251,2895,"ཡེ་ཤེས་ཀྱི་རྩ་སྦུག་ཚུར་རྒྱས་པར་བྱེད་པའི།"
2083251,2084931,1680,"འདིའི་རྣལ་འབྱོར་གྱི་སྒོ་ནས།"
2084931,2086069,1138,"ཐོག་མར་རྩ་སྦྱངས།"
2086069,2088492,2423,"རྩ་སྦྱོང་བ་འདིའི་ཐབས་སུ་འགྱུར་བ་དེ་ལ།"
2088492,2090738,2246,"རྡོ་རྗེའི་བཟླས་པ། ཕྲ་བའི་རྡོ་རྗེའི་བཟླས་པ་དང་།"
2090738,2092242,1504,"རགས་པའི་རྡོ་རྗེའི་བཟླས་པ་ཞེས་"
2092242,2095829,3587,"སྟེང་འོག་གི་རླུང་ཁ་སྦྱོར་བ་ལ་སོགས་པ། རྣལ་འབྱོར་གྱིས་རླུང་སྦྱངས།"
2095829,2097982,2153,"རླུང་སྦྱངས་བར་གྱུར་བ་དེ་ལ་བརྟེན་ཏེ།"
2097982,2099583,1601,"རླུང་འདི་གང་དུ་བཅུག་དགོས་རེད་ཟེར་ན།"
2099583,2102272,2689,"ལུས་ཀྱི་དབུས་སུ་ཡོད་པའི་དབུ་མའི་ནང་དུ་བཅུག།"
2102272,2105735,3463,"དེ་ནས། རླུང་བཏང་འགྲོ་བཞག་སྡོད་ལ་རང་དབང་ཐོབ། དབང་ཐོབ་འོང་དུས།"
2105735,2107649,1914,"གཏུམ་མོའི་ཡེ་ཤེས་ཀྱི་མེ་སྦར་ཏེ།"
2107649,2110116,2467,"སྤྱི་བོའི་ཐིག་ལེ་ཧཾ་ཡིག་ཞུ་བ་དེ་ལས།"
2110116,2112201,2085,"སྤྱི་བོའི་ཐིག་ལེ། ཡར་ཧེ་རུ་ཀའི་ངོ་བོ་དང་།"
2112201,2116302,4101,"གཏུམ་མོ་ཡུམ་རྡོ་རྗེ་རྣལ་འབྱོར་མས། མ་རྩ་ཡིས། རྣལ་འབྱོར་གྱི་ལུས་ལས།"
2116302,2117031,729,"དྲོད་དང་།"
2117031,2120402,3371,"དྲོད་དེ་ལས་དྲངས་པའི་བདེ་བའི་ཡེ་ཤེས་སྐྱེས་པར་གྱུར་བའི་ཚེ་ན།"
2120402,2122744,2342,"དེ་ནས། ཁམས་ཞུས་པའི་བདེ་བ་དེ་ཉིད་སྐུ་རེད།"
2122753,2126056,3303,"དེ་ནས། འདི། བདེ་བ་ཡི་ངོ་བོ།"
2126056,2128021,1965,"ཁམས་ཞུ་བ་འདི་སྐུ།"
2128021,2129952,1931,"འདི་ནས་བདེ་བ་སྐྱེས་པ་དེ་གསུང་།"
2129952,2133348,3396,"འདིའི་རྣམ་པ་་་འཁྲུལ་པའི་རྣམ་པར་རྟོག་པ་ཐམས་ཅད་ཕར་འགགས་ཏེ།"
2133348,2136246,2898,"ལྷན་སྐྱེས་པའི་ཡེ་ཤེས་རྒྱུད་ལ་སྐྱེ་འོང་རྒྱུ། ཐུགས་རེད་དུས།"
2136246,2139429,3183,"དེ་དག་རིམ་པ་བཞིན་དུ་ཤེས་པར་འགྱུར་བ་དེའི་ཚེ་ན།"
2139429,2142317,2888,"དེ་ནས། རྩ་དྲངས། རླུང་སྦྱངས། ཐིག་ལེ་ཏོག་ཙམ་བྱིན་ན།"
2142317,2144414,2097,"དང་པོ་ཡིད་ཀྱི་རིག་མ་ལ་བརྟེན་ཏེ།"
2144414,2145775,1361,"ཐབས་ཀྱི་ལམ་མངོན་དུ་བྱེད།"
2145775,2149178,3403,"དེ་ནས། བརྟན་པ་ཐོབ་སོང་ན། དངོས་གཞིའི་རིག་མ་ལ་སྙོམས་པར་ཞུགས་པས།"
2149178,2150936,1758,"དང་པོ་དཔེ་ཡི་ཡེ་ཤེས་ལ་བརྟེན་ཏེ་"
2150936,2152342,1406,"དོན་གྱི་ཡེ་ཤེས་རྒྱུད་ལ་འདྲེན།"
2152342,2155068,2726,"དོན་དམ་ལྷན་ཅིག་སྐྱེས་པའི་ཡེ་ཤེས་རྒྱུད་ལ་སྐྱེས་ཚར་ན།"
2155068,2156271,1203,"དཔེ་ཡི་ཡེ་ཤེས་དེའང་།"
2156271,2158860,2589,"བསྐྱེད་རིམ་རྫོགས་རིམ་ཐམས་ཅད་ལ། དེའི་རྗེས་འདེབས་བྱེད་དུས།"
2158860,2161407,2547,"མཆོག་གི་དངོས་གྲུབ་ཀྱི་ཉེ་བ་་་"
2161407,2163235,1828,"ཉེ་རྒྱུ་ལ་འགྲོ་བ་ཡིན་པས།"
2163235,2166217,2982,"བདེ་བ་ཆེན་པོའི་ཡེ་ཤེས་དངོས་སུ་འདྲེན་པ་ཡིན་ཏེ།"
2166217,2168018,1801,"དེ་ཡིན་པའི་རྒྱུ་མཚན་གང་རེད་ཟེར་ན།"
2168018,2171745,3727,"དཔེར་ན། དེ་ནས། བསྐྱེད་རིམ་དང་རྫོགས་རིམ་གཉིས་ཀ་ཟུང་འཇུག་རེད་ཚར་ན།"
2171745,2173929,2184,"དེ་ནས། ཁང་བཟང་མཐོ་པོ་ཞིག་གི་མགོ་ལ་འགྲོ་དགོས་ན།"
2173929,2177487,3558,"ཐེམ་སྐས་ལ་འཛེག་སོང་ན། དེ་ནས། ཁང་བཟང་འདིའི་སྟེང་དུ་འགྲོ་ཐུབ་ཀྱི་རེད་དུས།"
2177487,2180636,3149,"དཔེ་དེ་བཞིན་དུ། འདི་ལྟར་བསྐྱེད་པའི་རིམ་པ་ཡི་སྒོ་ནས།"
2180636,2182455,1819,"ལམ་སྦྱངས། དབང་གིས་རྒྱུད་སྨིན། "
2182455,2184791,2336,"དེ་འདྲ་བྱེད་དུས། གསང་སྔགས་རྡོ་རྗེ་ཐེག་པའི་ལམ་གྱི་"
2184791,2187387,2596,"ཚོགས་ལམ་ཆེན་པོ་ཡི་བར་དུ། ས་འདིར་བསྒྲོད་འགྲོ་ཡི་རེད།"
2187387,2190507,3120,"དེ་ནས། བསྐྱེད་རིམ་འདི་བོགས་འབྱིན་པར་བྱ་བའི་ཕྱིར་དུ། དེ་ཉིད་ཀྱི་"
2190507,2194266,3759,"རླུང་དང་གཏུམ་མོ་ཟུང་འབྲེལ་གྱི་སྒོ་ནས། ཉམས་ལེན་རྣལ་འབྱོར་བསྐྱངས་པས་ན།"
2194266,2196158,1892,"སྦྱོར་ལམ་གྱི་རྩེ་མོ་དྲོད་ལ་ཐུག།"
2196158,2198687,2529,"སྦྱོར་ལམ་རྩེ་མོ་དྲོད་ལ་བརྟན་པ་ཐོབ་ཚར་དུས།"
2198687,2201812,3125,"དེ་ནས། རང་ལུས་ཐབས་ལྡན་དང་། གཞན་ལུས་ཕྱག་རྒྱའི་རྣལ་འབྱོར་གྱིས།"
2201812,2205418,3606,"དེའི་ཡེ་ཤེས་དེ་ལ་"
2205418,2206388,970,"བོགས་དབྱུང་སྟེ།"
2206388,2210697,4309,"གེགས་དག་ཐམས་ཅད་བསལ་བར་བྱེད་པའི་བཟོད་པ་དང་ཆོས་མཆོག་དག་ཐོབ་པའི་མཐར།"
2210697,2213316,2619,"ཆོས་མཆོག་ཆེན་པོའི་སྐབས་ཀྱི་དཔེ་ཡི་ཡེ་ཤེས་དེ་ཉིད་"
2213316,2215961,2645,"ཕྱག་རྒྱའི་ཡེ་ཤེས་ཀྱི་ཉེ་རྒྱུ་བྱེད་པ་ལ་བརྟེན་ནས།"
2215961,2221139,5178,"དོན་གྱི་ཡེ་ཤེས་མཐོང་ལམ་གྱི་བདེན་པ། ས་དང་པོ་དེ་མངོན་སུམ་དུ་མཐོང་བས། ཕྱོགས་གཅིག་པ་མཐོང་བས།"
2221139,2222261,1122,"ད་དང་པོ་འཐོབ།"
2222261,2226266,4005,"དེ་ནས། མཐོང་ལམ་གྱི་ཡེ་ཤེས་དེ་དང་། བསྐྱེད་རྫོགས་ཀྱི་ཏིང་ངེ་འཛིན་བརྟན་པ་ཐོབ་པ་སྟེ།"
2226266,2228270,2004,"རིམ་པས་གོང་ནས་གོང་དུ་འཕེལ་བར་བྱེད་པས།"
2228270,2231364,3094,"སྒོམ་ལམ་ས་དགུའི་བར་གྱི་རྟོགས་པ་མངོན་དུ་གྱུར་བ་དེ་ནི། "
2231364,2234480,3116,"དེ་ནས། གསང་སྔགས་རྡོ་རྗེ་ཐེག་པའི་མྱུར་ལམ་ལྟ་བུ་ཡིན་པས་ན།"
2234480,2237507,3027,"འདི་ལ་ཚུལ་བཞིན་དུ་ཉམས་སུ་ལེན་པར་བྱེད་ན།"
2237507,2240723,3216,"དེ་ནས། མཆོག་གི་དངོས་གྲུབ་བདེ་མྱུར་དུ་འཐོབ་པ་དང་།"
2240723,2243711,2988,"གང་ཟག་དབང་པོ་རབ་ཀྱིས། བརྩོན་འགྲུས་མཆོག་ཏུ་འགྱུར་བ་ཞིག་ཡིན་ན།"
2243711,2245869,2158,"ཚེ་གཅིག་ལུས་གཅིག་གི་སྟེང་དུ་འཐོབ་པ་དང་།"
2245869,2248202,2333,"དེ་ལྟར་མ་བྱུང་ནའང་། བར་དོའི་གནས་སྐབས་སུ།"
2248202,2249496,1294,"གྲོལ་བར་བྱེད་པ་"
2249496,2254508,5012,"ཐེ་ཚོམ་མེད་པས། དེ་ལྟ་བུའི་དགོས་པ་དང་ལྡན་པ་ཡིན་ནོ།། །།"
2254508,2256960,2452,""
2256960,2261237,4277,"གནད་འགག་གཅིག་ཏུ་བསྒྲིལ་ཏེ། སྤྱི་དོན་གཉིས་པ་མདོར་བསྡུས་ཏེ་གདམས་པ་ལ་བཞི་ལས།"
2261237,2264449,3212,"དང་པོ་ལམ་གྱི་གཞི་ངེས་འབྱུང་གི་བསམ་པ་"
2264449,2268630,4181,"ཐུགས་རྒྱུད་ལ་བསྐྱེད་དགོས་པར་གདམས་པ་སྟེ།"
2268630,2273830,5200,""
2273830,2277569,3739,"བཤད་པ་དེ་ལ།"
2277569,2280938,3369,"སློབ་དང་མི་སློབ་འོད་གསལ་ལས། །"
2280938,2282831,1893,"ཁ་སྦྱོར་བདུན་ལྡན་གོ་འཕང་འགྲུབ། །"
2282831,2286428,3597,"ཞེས་པ་དེའི་སྒོ་ནས་བསྟན་པར་མཛད་པ་སྟེ།"
2286428,2291292,4864,""
2291292,2295200,3908,"དེ་ལྟ་བུའི་གསང་སྔགས་རྡོ་རྗེ་ཐེག་པའི་ལམ་གཞི་ལྟ་བ་ཡིས་ཐག་བཅད་ནས།"
2295200,2298115,2915,"ལམ་བསྒོམ་པ་བསྐྱེད་རིམ་དང་རྫོགས་རིམ་གཉིས་ནི།"
2298115,2300325,2210,"ཉམས་ལེན་བྱས་པ་དེ་ལ་བརྟེན་ཏེ།"
2300325,2302182,1857,"དེ་ནས། ལམ་གྱི་འབྲས་བུ་"
2302182,2305902,3720,"ཐུག་གང་གི་ཚེ་མཐར་ཐུག་གི་འབྲས་བུ་ཇི་ལྟར་འགྲུབ་པར་འགྱུར་བསམ་ན།"
2305902,2310354,4452,"སྐྱེས་མ་ཐག་པ་ལྟར་དུ། ཐབས་བདེ་བ་ཆེན་པོ། རྣམ་ཀུན་མཆོག་ལྡན་གྱི་སྟོང་པ་ཉིད་དང་།"
2310354,2313688,3334,"ཐབས་བྱུང་་་་། མཆོག་ཏུ་མི་འགྱུར་བའི་བདེ་བ་ཆེན་པོ་དང་།"
2313688,2316041,2353,"ཐབས་བྱུང་རྣམ་ཀུན་མཆོག་ལྡན་གྱི་སྟོང་པ་ཉིད་"
2316041,2319901,3860,"གཉིས་སུ་མེད་པའི་ཟུང་འཇུག་ཤིན་ཏུ་ཕྲ་བ་དོན་གྱི་ཡེ་ཤེས་ཏེ།"
2319901,2322533,2632,"ཟུང་འཇུག་ཤིན་ཏུ་ཕྲ་བ་དོན་གྱི་ཡེ་ཤེས་དེ་ཉིད།"
2322533,2326243,3710,"རང་་་ དེ་ཡི་རང་བཞིན། ཐོག་མར།"
2326243,2328769,2526,"ཐོས་པ་དང་བསམ་པའི་རྗེས་དཔག་གིས་མཐོང་།"
2328769,2331733,2964,"དེ་ཡི་ཚེ་ན། བསྒོམ་པའི་ཉམས་ལེན་གྱིས་མཐོང་བས།"
2331733,2334368,2635,"སྒོམ་ལམ་ཆེན་པོ་མཐར་མ་ཕྱིན་བར་དུ་"
2334368,2335593,1225,"སློབ་པའི་འོད་གསལ་དང་།"
2335593,2340365,4772,"མཐར་ཕྱིན་པ་དེ་ཉིད་ཀྱི་ངང་དུ་སློབ་པའི་ཟུང་འཇུག་གི་སྒྱུ་མའི་སྐུའི་སྤྲོས་པ་ཐིམ།"
2340365,2344528,4163,"སྐད་ཅིག་དེ་ཉིད་ལ་མི་སློབ་པའི་འོད་གསལ་ཆོས་ཀྱི་སྐུ་མངོན་དུ་འགྲུབ་ཅིང་།"
2344528,2347365,2837,"མི་སློབ་པའི་འོད་གསལ་ཆོས་ཀྱི་སྐུ་དེ་ཡི་ངང་ནས་"
2347365,2353289,5924,"མ་གཡོས་བཞིན་དུ། ལོངས་སྤྱོད་རྫོགས་པའི་ཁ་སྦྱོར་བདེ་ཆེན་རང་བཞིན་མེད། །སྙིང་རྗེ་ཡོངས་གང་རྒྱུན་མི་འཆད་དང་འགོག་པ་མེད། །"
2353289,2354982,1693,"གསུང་དུས་ཙ་ནས།"
2354982,2359336,4354,"དེ་ནས། མི་སློབ་པ་ཟུང་འཇུག་གི་གོ་འཕང་མངོན་དུ་གྱུར་ཟིན་པའི་གང་ཟག་དེ་ལ།"
2359336,2363905,4569,"གནས། དུས། སྟོན་པ། འཁོར། ཆོས། "
2363905,2368208,4303,"ཐམས་ཅད་ཀྱི་ཡོན་ཏན་མ་ལུས་པ་ཡོངས་སུ་རྫོགས་ཅིང་།"
2368208,2370326,2118,"ཡོན་ཏན་རྫོགས་པ་དེ་ལ་བརྟེན་ནས། "
2370326,2374565,4239,"འཕོ་འགྱུར་མེད་པ། བདེ་བ་ཆེན་པོའི་ཡེ་ཤེས་ལ་ལོངས་སྤྱོད་བཞིན་པ་ཡོད་པའི་ཕྱིར་ན།"
2374565,2376015,1450,"ལོངས་སྤྱོད་རྫོགས་པ་དང་།"
2376015,2377765,1750,"དེ་ནས། ཁ་སྦྱོར་ཞེས་པ་དེ་ནི།"
2377765,2382459,4694,"མཆོག་ཏུ་མི་འགྱུར་བའི་བདེ་བ་ཆེན་པོ་དང་། རྣམ་ཀུན་མཆོག་ལྡན་འདི། ཡི་གེ་ཟུང་དུ་འཇུག་པས།"
2382459,2385702,3243,"ཡབ་ཡུམ་ཞལ་སྦྱོར་གྱི་ཚུལ་དུ་ཡོད་པའི་ཁ་སྦྱོར་ཟེར་བ་དང་།"
2385702,2389982,4280,"དེ་ལྟ་བུའི་ཁ་སྦྱོར་དེའང་། ཟག་བཅས་ཀྱི་བདེ་ལྟ་བུ་མ་ཡིན་པ།"
2389982,2394297,4315,"ནམ་ཡང་འཕེལ་འགྲིབ་དང་བྲལ་བའི་བདེ་བ་ཆེན་པོ་ཉིད་ཀྱི་ངོ་བོ་ལ་བཞུགས་ཤིང་།"
2394297,2397878,3581,"དེ་ནས། རྣམ་པ་དབྱེ་བ་ཡི་ཆ་ནས། སངས་རྒྱས་སྐུ་གསུམ།"
2397878,2400036,2158,"ཟག་པ་མེད་པའི་ཡོན་ཏན་གྱི་འབྲས་བུ།"
2400036,2401662,1626,"རྣམ་གྲངས་མང་པོ་ཞིག་བཤད་ནའང་།"
2401662,2405208,3546,"དོན་དུ། དངོས་པོ་དང་མཚན་མའི་རང་བཞིན་གཏན་ནས་གྲུབ་པ་མེད་པ་"
2405208,2408319,3111,"རྣམ་ཀུན་མཆོག་ལྡན་གྱི་སྟོང་ཉིད་ཟུང་དུ་འཇུག་པའི་རང་བཞིན་གྱིས་"
2408319,2410478,2159,"ཡོད་པའི་ཕྱིར་ན། རང་བཞིན་མེད་པ་དང་།"
2410478,2413960,3482,"དེ་ནས། སངས་རྒྱས་རང་དོན་ནས། སྤང་རྟོགས་ཀྱི་ཡོན་ཏན་མཐར་ཕྱིན་ཏེ།"
2413960,2418447,4487,"མཆོག་ཏུ་ཞི་བ། མྱ་ངན་ལས་འདས་པ་ཆེན་པོའི་གོ་འཕང་མངོན་སུམ་དུ་རྙེད་ཟིན་ནའང་།"
2418447,2420566,2119,"ཆོས་ཉིད་ཀྱི་གཤིས་ཏེ།"
2420566,2422930,2364,"དགག་བཞག་ལྷུན་གྲུབ་ཀྱི་ཐུགས་རྗེ་ཆེན་པོ་ཡིས།"
2422930,2426639,3709,"དུས་རྟག་པར། ཡོངས་སུ་གང་བས་ན། གདུལ་བྱ་སེམས་ཅན་གྱི་དོན་ལ། "
2426639,2430700,4061,"འཕེལ་འགྲིབ་མེད་པ། དུས་རྟག་ཏུ། གང་ལ་གང་འདུལ་གྱིས་ཚུལ་དུ་འཇུག་པས་ན།"
2430700,2432239,1539,"སྙིང་རྗེས་ཡོངས་སུ་གང་བ་དང་།"
2432239,2434548,2309,"དེ་ནས། སངས་རྒྱས་ཀྱི་ཕྲིན་ལས་དེ་ཉིད། དུས།"
2434548,2436567,2019,"ཕྱོགས་དུས་གནས་སྐབས་གང་དུའང་"
2436567,2439585,3018,"གདུལ་བྱ་སེམས་ཅན་རྣམས་ཀྱིས་མཐོང་ལམ་པས་རྒྱུན་མི་འཆད་པར་"
2439585,2440869,1284,"འཇུག་པ་དང་།"
2440869,2443242,2373,"དེ་ལྟ་བུའི་སྐུ་དང་ཡེ་ཤེས་ཀྱི་སྣང་བ་དེ་ཉིད།"
2443242,2446868,3626,"དུས་གསུམ་ཆ་ལ་འཕེལ་འགྲིབ་དང་བྲལ་བའི་འགོག་པ་མེད་པ་སྟེ།"
2446868,2449411,2543,"མདོར་ན། དེ་ཁ་སྦྱོར་ཡན་ལག་བདུན་ཞེས་བྱ་བ་དེ་"
2449411,2451558,2147,"སངས་རྒྱས་སྐུ་གསུམ་གྱི་ཡོན་ཏན་ཡིན་པའི་ཕྱིར་ན།"
2451558,2454940,3382,"སྐུ་གསུམ་ལ་ཁ་སྦྱོར་ཡན་ལག་བདུན་གྱིས་ཁྱད་པར་དུ་བྱས་པའི་"
2454940,2458504,3564,"ཁྱབ་བདག་རྡོ་རྗེ་འཆང་ཆེན་པོའི་གོ་འཕང་མྱུར་དུ་འགྲུབ་པར་འགྱུར་རོ། །"
2458504,2460963,2459,"དེ་དག་གིས་རྡོ་རྗེ་ཐེག་པའི་བླ་མེད་ཀྱི་ལམ་དང་"
2460963,2464101,3138,"འབྲས་བུའི་རྣམ་པར་གཞག་པ་ཅུང་ཟད་བཤད་ཟིན་ནས།"
2464101,2466245,2144,"སྤྱི་དོན་གཉིས་པ་མདོར་བསྡུས་ཏེ་"
2466245,2467358,1113,"གདམས་པ་ལ་བཞི་ལས། "
2467358,2471022,3664,"དང་པོ་ལམ་གྱི་གཞི་ངེས་འབྱུང་གི་བསམ་པ་"
2471022,2474691,3669,"བསྐྱེད་དགོས་པའི་ཚུལ་བསྟན་པར་གྱུར་བ་འདི་རེད་དུས།"
2474691,2476869,2178,"དེ་ནི། མདོར་"
2476869,2481192,4323,""
2481192,2484498,3306,"་་་འདིའི་སྣང་ཤས་རབ་ལྡོག་ནས། །ཐར་པའི་གོ་འཕང་དོན་གཉེར་བ། །"
2484498,2487477,2979,"འདི་ནི་ལམ་རྣམས་ཀུན་གྱི་གཞི། །ཞེས་པ་སྟེ། མདོར་ན།"
2487477,2491648,4171,"གོང་དུ་བཤད་པ་དེ་ལྟ་བུའི་ཚིག་གི་སྤྲོས་པ་མང་དུ་ཞུས་པ་ཅི་དགོས་ཏེ།"
2491648,2496164,4516,"དོན་སྙིང་ཉམས་སུ་ལེན་པ་དེ་ཉིད་ལ། བླ་མའི་མན་ངག་གི་སྙིང་པོ་དགོས་པ་ཡིན་པའི་ཕྱིར་ན།"
2496164,2497480,1316,"དོན་གྱི་སྙིང་པོ།"
2497480,2502631,5151,"མདོ་སྔགས་ཐུན་མོང་གི་ལམ་དུ་འགྱུར་བ་ཐེག་པ་ཆེ་ཆུང་ཐུན་མོང་གི་དངོས་པོ། ངོ་བོ་དལ་བ་བརྒྱད་ལ། "
2502631,2506195,3564,"ཁྱད་པར་གྱི་ཆོས་འབྱོར་བ་བཅུ་དང་ལྡན་པའི་མི་ལུས་རིན་པོ་ཆེ་དེ་ཉིད།"
2506195,2509432,3237,"རྒྱུ་དང་དཔེ་དང་གྲངས་གསུམ་གྱི་སྒོ་ནས་རྙེད་དཀའ་བ་དང་།"
2509432,2513804,4372,"རྙེད་པ་འདིའི་སྟེང་ནས། དམ་པའི་ཆོས་ལེ་ལོ་དང་ཕྱི་བཤོལ་གྱི་དབང་དུ་མ་ཤོར་བར།"
2513804,2517459,3655,"ཉིན་མཚན་རྟག་པར་མི་བརྗེད་པའི་སྒོ་ནས་བརྩོན་འགྲུས་རྩོམ་པར་མ་བྱས་ན།"
2517459,2521967,4508,"ཕྱིར་སྣོད་ཀྱི་འཇིག་རྟེན། ནང་བཅུད་ཀྱི་སེམས་ཅན། བར་དུ་སྐྱེ་དགུ་ཚུན་ཆད་གང་ན་ཡང་།"
2521967,2524950,2983,"རྟག་པ་དང་བརྟན་པ་མེད་པ། ་་་རི་གཟར་ཅན། གློག།"
2524950,2528864,3914,"བར་སྣང་ལ་རི་གཟར་་་་་བབས་གདའ་དང་། བར་སྣང་གི་གློག་ལྟར་དུ་ཡིན།"
2528864,2530999,2135,"འཆི་བ་མི་རྟག་པ་འདིས་བསྐུལ་མ་བཏབ་ན། "
2530999,2532737,1738,"དེ་ནས། འཆི་བ་སྙིང་ལ་གཟུགས་ཚར་ནས། "
2532737,2535293,2556,"ཆོས་པ་རྣམ་པར་དག་པ་རང་ཤུགས་ཀྱིས་འོང་རྒྱུ་རེད་དུས།"
2535293,2538205,2912,"དེ་ནས། འཆི་བ་མི་རྟག་པ་ལ་བློ་སྦྱོང་བར་བྱས་ན།"
2538205,2541909,3704,"ཐོག་མ་ཉིད་དུ། འཇིག་རྟེན། ཚེ་འདི་ཡི་འཇིག་རྟེན་ཆོས་བརྒྱད་ཀྱི་བྱ་བ་ཡིས།"
2541909,2544294,2385,"དེ་ནས། ཟས། གོས། ནོར། ལོངས་སྤྱོད་"
2544294,2546289,1995,"ཀྱི་བདེ་བ་དང་།"
2546289,2551058,4769,"སྐྱིད་པ་དང་། སྙན་པར་གྲགས་པ་གསུམ་ལ་སོགས་པ། མདོར་ན་འཇིག་རྟེན་གྱི་ཆོས་བརྒྱད་བྱ་བ་ཐམས་ཅད་"
2551058,2554238,3180,"སྙིང་པོ་གང་ཡང་མེད་པར། རྨི་ལམ་དང་སྒྱུ་མ་ལྟ་བུས་"
2554238,2556393,2155,"གཉིད་ཐུམ་གཅིག་གི་རྨི་ལམ་བཟང་བ་ལྟར་"
2556393,2558023,1630,"སྙིང་པོ་མེད་པ་མཐོང་ནས།"
2558023,2559686,1663,"འཇིག་རྟེན་ཆོས་བརྒྱད་ཀྱི་བྱ་བ།"
2559686,2561509,1823,"དེ་ནས། དང་པོ་མི་འགྲུབ་ཀྱི་སྡུག་བསྔལ།"
2561509,2563416,1907,"བར་དུ་སྤེལ་མི་ཐུབ་པའི་སྡུག་བསྔལ།"
2563416,2566481,3065,"ཐ་མར་གྲུབ་ནའང་། ཆགས་སྡང་གི་སྡུག་བསྔལ་མང་པོ་ཡོད།"
2566481,2569295,2814,"དེ་དག་རེ་དོགས་གི་སྣང་བ་ལས་བློ་ལྡོག་ཏེ།"
2569295,2570744,1449,"བློ་རབ་ཏུ་ལྡོག་པར་འགྱུར་ན།"
2570744,2573395,2651,"དེ་ནས། "
2573395,2579242,5847,"ས་སྐྱ་པའི་རྗེ་བཙུན་བརྩེ་བ་ཆེན་པོ་ལ། འཇམ་དཔལ་དབྱངས་ཀྱི་ཞལ་གདམས་ཞེན་པ་བཞི་དང་བྲལ་བ་ལས་ཡང་།"
2579242,2581068,1826,"ཚེ་འདི་ལ་ཞེན་ན་ཆོས་པ་མིན། །"
2581068,2583345,2277,"ཟེར་མཁན་འདི་རུ་འགྱུར་བ་དང་།"
2583345,2586005,2660,"དེ་ནས། ལུས་དང་སེམས་གཉིས་སོ་སོར་བྲལ་ནས་ཤི་ཚར་ན།"
2586005,2588392,2387,"དེ་ནས། མེ་ཤི་བའམ་ཆུ་བསྐམས་པ་ལྟ་བུ་མ་རེད།"
2588397,2590196,1799,"མེད་དུ་འགྲོ་ཡི་མ་རེད། དེ།"
2590207,2592583,2376,"རང་གི། གང་རེད་ཟེར་ན། ཤུལ་དུ་ལུས་པ་དེ་ལ། "
2592583,2594919,2336,"འཇིག་རྟེན་ཚེ་དེ་ཡི་གཅེས་པར་བསྐྱངས་བའི་ལུས་དང་"
2594919,2597005,2086,"ཟས་གོས་ལོངས་སྤྱོད་དང་བཅས་པ་བཞག་ནས།"
2597005,2600082,3077,"རྣམ་པར་ཤེས་པ་གཅིག་པུ་དེ། བར་དོའི་འཕྲང་ལ་སྦྲགས་ནསའགྲོ་དགོས་རེད།"
2600082,2603854,3772,"འདི་ཡིན་ནའང་། དེའི་རྗེས་སུ། ལས་དགེ་སྡིག་གང་བྱས་པ་དེ་ཐམས་ཅད་"
2603854,2605247,1393,"ལུས་དང་སྒྲིབ་མ་བཞིན་དུ།"
2605247,2608824,3577,"ས་བླ་མཐོན་པོར་གཤེགས་པའི་མཁའ་ལྡིང་གི། །གྲིབ་མ་རེ་ཞིག་ལྟ་བར་མི་མངའ་ཡང་། །"
2608824,2612465,3641,"གཟུགས་ཅན་ཉིད་དང་འདུ་འབྲལ་སྤོང་བ་ཡིས། །ཚོགས་ཤིང་དུས་ལ་བབས་ཚེ་ལྷག་པར་མངོན། །"
2612465,2616111,3646,"གསུངས་པ་དང་། ལུས་ཅན་རྣམས་ཀྱི་ནས་རྣམས་ནི། །བསྐལ་པ་བརྒྱ་ཡང་ཆུད་མི་ཟ། །"
2616111,2618964,2853,"ཚོགས་ཤིང་དུས་ལ་བབས་པའི་ཚེ། །འབྲས་བུ་ཉིད་དུ་སྨིན་པར་འགྱུར། །"
2618964,2620299,1335,"ཞེས་པ་ལྟ་བུ་ཡིན་པས་ན། "
2620299,2622764,2465,"ཐོག་ཏུ་མཐོ་རིས་གསུམ་གྱི་བདེ་སྐྱིད་ལོངས་སྤྱོད་དང་།"
2622764,2626498,3734,"དམའ་བ་ངན་སོང་གསུམ་གྱི་སྡུག་བསྔལ་ཐམས་ཅད་མེད་པར། ལས་ལས་བྱས་པ་ཡིན་ལ།"
2626498,2630822,4324,"མདོར་ན། མཐོ་སྲིད་པའི་རྩེ་མོ་ནས། དམའ་ན་རཀ་དམྱལ་ཁམས་ཡན་ཆོད་གང་དུ་སྐྱེས་ཀྱང་།"
2630822,2633790,2968,"དེ་ནས། ངན་སོང་གསུམ་པོ་ནི། སྡུག་བསྔལ་གྱི་སྡུག་བསྔལ།"
2633790,2636121,2331,"ལྷ་དང་མི་གཉིས་པོ་དེ་ལ། འགྱུར་བའི་སྡུག་བསྔལ།"
2636121,2640523,4402,"ལྷ་གོང་མ་ཐམས་ཅད་ཁྱབ་པ་འདུ་བྱེད་ཀྱི་སྡུག་བསྔལ་ལས་མ་འདས་པར་མཐོང་ནས།"
2640523,2643765,3242,"དེ་ནས། ནང་པ་སངས་རྒྱས་པའི་ཆོས་ཀྱི་རྩ་བ། ཁམས་གསུམ་འཁོར་བ་དེ་"
2643765,2645800,2035,"དུག་གི་ཟས་ལྟ་བུའི་རང་བཞིན་དུ་མཐོང་ན་"
2645800,2646687,887,"ངེས་འབྱུང་རེད་དུས།"
2646687,2650569,3882,"དེའི་ཕྱིར་ན། ངེས་འབྱུང་ཡག་དག་པ་ཞིག་མེད་ན། མདོ་སྔགས་གཉིས་ཀྱི་ལམ་ནས་"
2650569,2653004,2435,"ལམ་གྱི་གཞི་རྟེན་གཏན་ནས་འཚུགས་རྒྱུ་མ་རེད་དུས།"
2653004,2655759,2755,"འཁོར་བ་མཐའ་དག་གི་སྙིང་པོ་ལ་བློ་ལྡོག་ཅིང་།"
2655759,2657925,2166,"འཁོར་བའི་སྡུག་བསྔལ་དེ་ལས་ནམ་ཞིག་ཐར་ན་"
2657925,2661817,3892,"བསམ། གསོན་པོ་མེ་དོང་དུ་བཅུག་པ་ལྟ་བུ། ཡིད་མཆོག་ཏུ་ངེས་པ་ཞིག་ཡོད་ན།"
2661817,2664566,2749,"དེ་ནས། ཆོས་པ་རྣམ་དག་མ་འོངས་པའི་ཐབས་ཅིག་ཡོད་རྒྱུ་མ་རེད་དུས།"
2664566,2667689,3123,"དེའི་ཕྱིར་ན། འཁོར་བ་དེ་ལས་ཡིད་ངེས་པར་འབྱུང་ནས།"
2667689,2670157,2468,"ཁམས་གསུམ་འཁོར་བ་སྡུག་བསྔལ་གྱི་རང་བཞིན་ཤེས་ཚར་ན།"
2670157,2673693,3536,"དེ་ནས། དོན་དུ་གཉེར་བྱ་ཐར་པ་དང་། ཐམས་ཅད་མཁྱེན་པའི་གོ་འཕང་མ་གཏོགས་"
2673693,2674841,1148,"གཞན་ཡོད་རྒྱུ་མ་རེད་དུས།"
2674841,2677860,3019,"ཐར་པའི་གོ་འཕང་འབའ་ཞིག་དོན་དུ་གཉེར་བ་སྟེ།"
2677860,2680252,2392,"དེ་ནས། འདི་རྣམས་ལ།"
2680252,2682710,2458,"ཐོག་མར། དམ་པའི་ཆོས་ནི་ཐོག་མར་དགེ་བ།"
2682710,2684686,1976,"བར་དུ་དགེ་བ། ཐ་མར་དགེ་བ་གསུང་དུས།"
2684686,2687539,2853,"འདི་རེད་དུས། དེ་ནས། ཐོག་མར་དགེ་བ་ལ།"
2687539,2689474,1935,"འཇིག་རྟེན་ཚེ་འདི་མཐོང་གཤིས་ལས།"
2689474,2693472,3998,"བློ་ལྡོག་པ་དང་། ཁམས་གསུམ་འཁོར་བ་སྡུག་བསྔལ་གྱི་རང་བཞིན་ཤེས་པ་དེ་དག་རེད་ན།"
2693472,2694962,1490,"ཆོས་པ་ཡང་དག་པ། གོང་དུ།"
2694962,2696671,1709,"དཔེར་ན། མཁར་ཆེན་པོ་ཞིག་བརྩིག་དགོས་ན།"
2696671,2698676,2005,"རྨང་ཡག་པོ་ཞིག་རེད་སོང་རྫི་རེད་དུས།"
2698676,2702641,3965,"དེའི་ཕྱིར་ན། ཇི་སྐད་བཤད་པ་དེ་རྣམས་ཀྱིས། ཀུན་གྱི་གཞི་འདིང་བར་མ་བྱས་ན།"
2702641,2705643,3002,"ཆོས་དངོས་གཞི་ལས་ཀྱང་སྔོན་འགྲོ་ཟབ་ཟེར་མཁན་འདི་རེད་དུས།"
2705643,2708469,2826,"དེ་ནས། ང་ཚོ་དངོས་གཞིའི་ཉམས་མྱོང་རྒྱུད་ལ་སྐྱེ་བར་བྱེད་པ་དེ་ལའང་། "
2708469,2710587,2118,"སྔོན་འགྲོ་ཡི་རྡུལ་སྦྱོང་ཞིག་མ་སོང་ན།"
2710587,2712896,2309,"ཚེ་རབས་ཐོག་མེད་ནས་ད་ལྟ་ཡན་ཆོད་དུ་"
2712896,2716307,3411,"འཁྲུལ་པ་འབའ་ཞིག་ལ་གོམས་སོང་རྫི་འདི་ཡིས།"
2716307,2720749,4442,"བློ་ཕྱིན་ཅི་ལོག་པ་ལས་ངན་ངར་ཆེ་བསྡད་པ་འདི། སྔོན་འགྲོ་ཞིག་གིས་མ་ཐུབ་ན།"
2720749,2724024,3275,"དངོས་གཞི་ཆིངས་པོའི་རྣལ་འབྱོར་གནད་དུ་འགྲོ་བ་ཞིག་རེད་རྒྱུ་མ་རེད་དུས།"
2724024,2727217,3193,"གཞི་གཏིང་བས་ན། དེ་ནི་ཞིང་ས་སྐྱོང་པ་བ་ལྟ་བུ་ཡིན་ཏེ།"
2727217,2729000,1783,"དེའི་ཕྱིར་ན། ངེས་འབྱུང་དང་།"
2729000,2734545,5545,"ཚེ་འདིའི་སྣང་བ་ལ་བློ་ལྡོག་པ་དང་། འཆི་བ་མི་རྟག་པ་ཙམ་ཞིག་མེད་ན།"
2734545,2736439,1894,"དེ་ནས། མདོ་ཡིན་ནའང་འདྲ། སྔགས་ཡིན་ནའང་འདྲ།"
2736439,2740722,4283,"རྫོགས་པ་ཆེན་པོ་དང་ཕྱག་རྒྱ་ཆེན་པོའི་ལམ་གང་ལ་ཡང་ཇི་ཙམ་འབད་ཀྱང་།"
2740722,2743730,3008,"ཐམས་ཅད་མཁྱེན་པ། འབྲས་བུ་སངས་རྒྱས་ཀྱི་གོ་འཕང་ལྟ་ཅི།"
2743730,2746221,2491,"ཐར་པ་ཙམ་ཡང་ཐོབ་མི་སྲིད་པས་ན།"
2746221,2747580,1359,"ཇི་སྐད་དུ། སློབ་དཔོན་ཀླུ་སྒྲུབ་ཀྱིས།"
2747580,2749556,1976,"མགོའམ་གོས་ལ་གློ་བུར་མེ་ཤོར་ན། །"
2749556,2752134,2578,"དེ་དག་བཟློག་ཕྱིར་བགྱི་བ་བཏང་ནས་ཀྱང་། །"
2752134,2753839,1705,"ཡང་སྲིད་མེད་པར་བགྱི་སླད་འབད་འཚལ་ཏེ། །"
2753839,2756135,2296,"དེ་བས་ཆེས་མཆོག་དགོས་པ་གཞན་མ་མཆིས། །གསུངས།"
2756135,2757905,1770,"གང་ཟག་རབ་འགྱུར་བ་ཡིན་ན།"
2757905,2762758,4853,"ཁམས་གསུམ་འཁོར་བ་ལས་རྒྱབ་ཀྱིས་ཕྱོགས་ཏེ། ཐར་པ་དང་ཐམས་ཅད་མཁྱེན་པའི་ལམ་ཡང་དག་པ་ཞིག་ལ་བརྩོན་པར་བྱུང་ནས།"
2762758,2764483,1725,"ཆོས་མཐར་ཐུག་དེ་ཡིན་པས་"
2764483,2766800,2317,"དེ་ལྟར་དུ་བརྩོན་པ་གལ་ཆེ་བ་ཡིན་ཟེར།"
2766800,2770446,3646,"དེ་ནས། གཉིས་པ་ལམ་རང་གི་ངོ་བོ་སྟོང་ཉིད་སྙིང་རྗེ་དབྱེར་མེད་དུ་"
2770446,2773476,3030,"རྟོགས་དགོས་པར་གདམས་པར་འགྱུར་བ་དེ་རེད་དུས།"
2773476,2776774,3298,"དེ་ནི། གནས་ལུགས་བདེན་མེད་རྟོགས་པ་དང་། །སྣང་ཚུལ་རྟེན་འབྱུང་མི་འགོགས་པ། །"
2776774,2778414,1640,"ཡིད་ཅན་ཀུན་ལ་སྙིང་བརྩེ་བ། །"
2778414,2780128,1714,"འདི་ནི་ལམ་རྣམས་ཀུན་གྱི་དངོས། །ཟེར་དུས།"
2780128,2782883,2755,"དཱ། ལམ་གྱི་སྔོན་འགྲོ། ད་ལྟ་གོང་དུ་ཞུས་པ་ལྟར་དུ།"
2782883,2784747,1864,"སྤྱིར་དུ་དལ་འབྱོར་རྙེད་པར་དཀའ་བ།"
2784747,2787569,2822,"འཆི་བ་མི་རྟག་པ། ངེས་འབྱུང་བསམ་པ་གསུམ་པོ་འདི་རེད།"
2787569,2790773,3204,"དཱ། ལམ་གྱི་གཞུང་ཆིངས་ངོ་མ་དེ་ནི་གང་ཡིན་ན་ཟེར་ན། "
2790773,2792841,2068,"ཇི་སྐད་དུ། འདིར་ནི་སྣང་ཙམ་དགག་མིན་ཏེ། །"
2792841,2794195,1354,"གང་ལས་སྡུག་བསྔལ་རྒྱུར་གྱུར་བའི། །"
2794195,2796295,2100,"བདེན་པར་ཞེན་པ་བཟློག་བྱ་ཡིན། །ཟེར།"
2796295,2798036,1741,"འཇིག་རྟེན་ཀུན་རྫོབ་ཏུ། སྣང་བ་འདི་ལ་"
2798036,2801786,3750,"རྒྱུ་མེད། འབྲས་བུ་མེད། རྟེན་ཅིང་འབྲེལ་བར་འབྱུང་བ་མེད་ཟེར། གཏན་ནས་"
2801786,2804335,2549,"གཙོ་བོའི་བུམ་པ་རྐྱང་པ་ལྟ་བུ་ཞིག་མ་རེད། "
2804335,2806321,1986,"དེ། འཇིག་རྟེན་ཚེ་འདིའི་མཐོང་བ་འདི། "
2806321,2807870,1549,"རྟག་པ་དང་། བརྟན་པ་ཡིན་པ་ཞིག་"
2807870,2811568,3698,"ཇི་ཙམ་འབྱོར་དགོས་ན། ཆོག་ཤེས་མེད་པ། ཡང་ནས་ཡང་དུ་ཅིག།"
2811568,2815207,3639,"ཆགས་སྡང་གི་ལས་མང་པོ་བསགས་པ་འདི། བདེན་འཛིན་དེ་དགག་དགོས་ལེ་རེད་དུས།"
2815207,2817320,2113,"འདི། བདེན་འཛིན་དགག་པར་བྱེད་པ་དེ་ལ།"
2817320,2819785,2465,"གོང་དུ་ཇི་སྐད་གསུངས་པ་ལྟར།"
2819785,2823349,3564,"ཆོས་དང་གང་ཟག་གི་བདག་མེད་པའི་སྟོང་པ་ཉིད་ཀྱི་"
2823349,2825151,1802,"སྒོ་ནས་ཡིན་པས་ན། "
2825151,2829026,3875,"ཆོས་རྣམས། ཚུལ། ཇི་ཙམ་རྟེན་འབྱུང་གི་སྣང་བ་འདི་མི་བཀག་ཀྱང་།"
2829026,2832720,3694,"དེ་དང་དེར་ཞེན་པའི། གནས་ལུགས་ཀྱང་བདེན་གྲུབ་དུ་འཁྲུལ་དེ་སྲིད།"
2832720,2836172,3452,"བདེ་གཤེགས་སྙིང་པོ་ཡིས། སེམས་ཅན་ཀུན་ལ་ཏིལ་ལ་མར་བཞིན་དུ་ཁྱབ་ཡོད་རེད་དེ།"
2836172,2838590,2418,"འཁྲུལ་པའི་སྣང་བ་འདི་ཤུགས་ཆེ་སོང་རྫི་ཡིས།"
2838590,2843463,4873,"མཁྲིས་པའི་ནད་ཟིན་པའི་གང་ཟག་ཅིག་གིས། དུང་འདི་སེར་པོ་རེད་བསམ་བསྡད་མཁན་ལྟ་བུ་ཡིས། འདི།"
2843463,2845949,2486,"ཁམས་གསུམ་འཁོར་བའི་བདེ་སྡུག། གནས་རིས་དེ་ཐམས་ཅད་"
2845949,2847424,1475,"བདེན་པ་ཡོད། རྟག་པ་ཡོད།"
2847424,2850538,3114,"དེ་ནས། ཇི་ཙམ་ཞིག་གི་བར་དུ་སྒྲུབ་བསྡད་ན་ཡང་། ཆོག་ཤེས་མེད་པ།"
2850538,2853378,2840,"འདི་ཐོབ་པའི་དོན་དུ། ཉོན་མི་གདའ། སེམས་མི་ཉེན།"
2853378,2856688,3310,"སྒྲུབ་བསྡད་ན། ཆོག་ཤེས་མེད་པར་འགྱུར་བས། འདི། ཞེན་པ་འདི་དགག་རྒྱུ་རེད།"
2856688,2858202,1514,"འདི། ཞེན་པ་འདི་མ་བཀག་ནས་བཟུང་སྟེ།"
2858202,2861346,3144,"གནས་ལུགས་སྒྲ་ཇི་བཞིན་དུ་རྟོགས་རྒྱུ་ཞིག་གཏན་ནས་འོང་གི་མ་རེད།"
2861346,2863004,1658,"སྟོང་ཉིད་མངོན་སུམ་དུ་རྟོགས་ཚར་ནས།"
2863004,2867040,4036,"སྣང་ཆ་ཐམས་ཅད་སྒྱུ་མ་དང་། རྨི་ལམ་ལྟ་བུ་མི་ཤར་བའི་ཐབས་ཡོད་རྒྱུ་མ་རེད་དུས།"
2867040,2869542,2502,"དེའི་ཕྱིར་ན། གནས་ལུགས་བདེན་གྲུབ་ཏུ་འཁྲུལ་པའི་གཞི།"
2869542,2872430,2888,"གང་ཟག་གི་བདག་དང་། ཆོས་ཀྱི་བདག་གིས་རབ་ཏུ་ཕྱེ་བའི་"
2872430,2874787,2357,"བདག་དང་བདག་གིར་འཛིན་པའི་སྤྲོས་པ་ཐམས་ཅད་"
2874787,2876774,1987,"དོན་དམ་པར་རང་བཞིན་གྱིས་"
2876774,2879086,2312,"སྐྱེ་བ་མེད་པ་དང་ནི།"
2879086,2881208,2122,"སྣང་ཚུལ་ཀུན་རྫོབ་ཀྱི་དབང་དུ་བྱས་ན།"
2881208,2886490,5282,"འཇིག་རྟེན་པ་རྣམས་ལ་ཇི་ལྟར་གྲགས་པ་བཞིན་དུ། རང་རང་གི་རྒྱུ་རྐྱེན་དེ་ལ་བརྟེན་ནས་འབྱུང་བ་སྟེ།"
2886490,2888643,2153,"འབྱུང་བའི་ཕྱིར་ན།"
2888643,2890592,1949,"ལས་དང་ལས་ཀྱི་འབྲས་བུ་ལ་སོགས་པ་"
2890592,2893014,2422,"དེ་ཉིད་ལ་ནི། དེ་ནས། མི་འགོག་པར་"
2893014,2894848,1834,"ཇི་ལྟར་སྣང་བ་བཞིན་དུ་བདེན་ཏེ།"
2894848,2900660,5812,"རྟོགས་པ་ནམ་མཁའ་བས་མཐོ་ན། རྒྱུ་འབྲས་ཀྱི་བག་ཕྱེ་བས་ཞིབ་ཟེར། ལས་དང་ལས་ཀྱི་འབྲས་བུ་ལ་ཡིད་ཆེས་ཀྱི་དད་པ་བརྟན་པོ་ཡིས་"
2900660,2903082,2422,"དགེ་སྡིག་བླང་འདོར་བྱ་བ། ཆོས་བྱེད་པ་དང་།"
2903082,2906459,3377,"དེ་ནས། དེ་ལྟ་བུའི་གནས་ལུགས་ཡང་དག་པ་སྒྲ་ཇི་བཞིན་པ་དང་།"
2906459,2908232,1773,"འཇིག་རྟེན་ཚེ་འདིའི་སྣང་བ་ཁོ་ན་ལ་"
2908232,2909937,1705,"ཞེན་བསྡད་རྫི་ཡི་སེམས་ཅན་རྣམས།"
2909937,2911947,2010,"ཆོས་ཉིད་མ་རྟོགས་པའི་ཡིད་ཅན་རྣམས་ལ། "
2911947,2913352,1405,"བརྩེ་བའི་སྙིང་རྗེ་ཆེན་པོ། "
2913352,2916069,2717,"ཟུང་དུ་འཇུག་པ་ཡི་སྒོ་ནས་རྗེས་སུ་བརྩེ་བས།"
2916069,2918381,2312,"ལུས་ངག་ཡིད་གསུམ་གྱི་བྱ་བ་ཅི་བྱས་ནའང་།"
2918381,2921927,3546,"མཁའ་ཁྱབ་ཀྱི་སེམས་ཅན་འདི་ཐམས་ཅད་རང་གི་ཕ་མར་འགྱུར་བ་རེད།"
2921927,2923578,1651,"ད་ལྟ་སྡུག་བསྔལ་གྱིས་མནར། "
2923578,2925150,1572,"འཁྲུལ་སྣང་རང་རྒྱུད་པ་ལ་སྤྱོད།"
2925150,2927443,2293,"སྨྱོན་པ་ཐང་དུ་ལྷུང་བ་ལྟ་བུ་རེད་དུས།"
2927443,2930824,3381,"འདི་ཐམས་ཅད་ཐར་པའི་ལམ་དུ། བདག་གིས་ག་འདྲ་བྱས་བཀོད་ནུས་ན།"
2930824,2934061,3237,"ཅི་མ་རུང་སྙམ་པའི་གཞན་དོན་འགྱུར་བའི་ཐབས་ལ་དམིགས་པ་སྟེ།"
2934061,2936595,2534,"འདི་ནི་བར་དུ་དགེ་བ་ལམ་ཇི་སྙེད་བཤད་པ་ཟེར།"
2936595,2938420,1825,"མདོ། སྔགས།"
2938420,2940946,2526,"རྫོགས་པ་ཆེན་པོ། ཕྱག་རྒྱ་ཆེན་པོ་ཇི་ལྟར་བསྒོམས་ནའང་།"
2940946,2943280,2334,"དེ་ཐམས་ཅད། འདིའི་རང་བཞིན་ལས་འདའ་རྒྱུ་མ་རེད་དུས།"
2943280,2946104,2824,"དེ་རྣམས་ཀུན་གྱི་དངོས་གཞིའི་ས་བོན་ལྟ་བུ་ཡིན།"
2946104,2949043,2939,"དཔལ་ལྡན་ཟླ་བ་གྲགས་པས། ཉན་ཐོས་སངས་རྒྱས་འབྲིང་རྣམས་ཐུབ་དབང་སྐྱེས། །"
2949043,2951069,2026,"སངས་རྒྱས་བྱང་ཆུབ་སེམས་དཔའ་ལས་འཁྲུངས་ཤིང་། །"
2951069,2954698,3629,"སྙིང་རྗེའི་སེམས་དང་གཉིས་སུ་མེད་བློ་དང་། །བྱང་ཆུབ་སེམས་ནི་རྒྱལ་སྲས་རྣམས་ཀྱི་རྒྱུ། །"
2954698,2957002,2304,"ཞེས་པ་དང་། འཇམ་མགོན་ས་སྐྱ་པཎྜི་ཏས། "
2957002,2958732,1730,"ཕབ་བདེའི་འབྱུང་གནས་རྫོགས་པ་ཡི། །"
2958732,2960820,2088,"སངས་རྒྱས་རྒྱལ་བའི་སྲས་ལས་འཁྲུངས། །"
2960820,2962817,1997,"རྒྱལ་སྲས་སྟོང་ཉིད་སྙིང་རྗེ་ཡི། །"
2962817,2966119,3302,"བདག་ཉིད་ཆེན་བྱང་ཆུབ་སེམས་ལས་འཁྲུངས། །"
2966119,2967155,1036,"ཞེས་གསུངས་པས་ན།"
2967155,2971049,3894,"དེ་ལྟ་བུ་ལས་ལས་ཀྱང་ཡང་ནས་ཡང་དུ་གོམས་པར་བྱས་ན།"
2971049,2974263,3214,"དེ། མི་ཕམ་གྱིས་ལམ་ཐམས་ཅད་ལམ་གནད་གཅིག་ཏུ་བསྒྲིལ་ཏེ། "
2974263,2976691,2428,"རྣམ་པར་གྲོལ་བའི་ལུང་འཐོབ་པར་འགྱུར་བའི་"
2976691,2980798,4107,"དགོས་དགོས་པ་ཡོད་པའི་ཕྱིར་ན།"
2980798,2983632,2834,"དེ་ནས། ལམ་གྱི་རང་བཞིན་གྱི་ངོ་བོ་བསྟན་པ་དང་།"
2983632,2988362,4730,"དཱ། གསུམ་པ་དེ་ལྟ་བུས། སྔོན་་་་ཐོག་མར་དགེ་བ། བར་དུ་དགེ་བའི་ལམ་དེ་བརྩམས་ན།"
2988362,2991087,2725,"འབྲས་བུ་མྱུར་དུ་འགྲུབ་པ་ལ་ཐབས་རིམ་པ་གཉིས་ལ་"
2991087,2994450,3363,"བསླབ་དགོས་པའི་ཚུལ་གྱིས་བསྟན་པར་གྱུར་བ་དེ་ནི།"
2994450,2997450,3000,"དོན་དམ་གཉུག་མའི་ཡེ་ཤེས་ནི། །ཀུན་རྫོབ་བསྐྱེད་དང་རྫོགས་པ་ཡི། །"
2997450,3001248,3798,"ཐབས་ཀྱི་རིམ་པ་རང་ཤར་བ། །འདི་ནི་ལམ་གྱི་ཁྱད་པར་ཆོས། །"
3001248,3004834,3586,"ཞེས་པ་དེ། གོང་ནས་བཤད་པ་ལྟ་བུས། ཐོག་མར་སྨིན་བྱེད་ཀྱི་དབང་།"
3004834,3009197,4363,"དེ་ནས། གྲོལ་བྱེད་ཀྱི་བསྐྱེད་རིམ་དང་རྫོགས་རིམ་གྱི་རིམ་པ་གཉིས་ལས་བྱུང་བའི་"
3009197,3011079,1882,"མཐར་ཐུག་གི་རྟོགས་དོན་གང་རེད་ཟེར་ན།"
3011079,3013322,2243,"དོན་དམ་གཉུག་མ་ལྷན་ཅིག་སྐྱེས་པའི་ཡེ་ཤེས་"
3013322,3015182,1860,"དེ་ཉིད་མངོན་སུམ་དུ་འགྱུར་ན།"
3015182,3018132,2950,"ཀུན་རྫོབ་ཀྱི་སྣང་གྲགས་རིག་པའི་ཆོས་ཇི་ལྟར་སྣང་བ་ཐམས་ཅད་"
3018132,3021052,2920,"ལྷ་སྔགས་ཆོས་སྐུའི་རོལ་པ་རུ་ཤར་བའི་བསྐྱེད་རིམ་དང་།"
3021052,3022827,1775,"དེ་ནས། ལྷ་སྔགས་ཆོས་སྐུའི་རོལ་པ་དེའང་"
3022827,3026343,3516,"རང་བཞིན་གྱིས། འདོད་ཁམས་གཟུགས་ཁམས་ཀྱི་ལྷ་ལྟ་བུ་མ་ཡིན་པར།"
3026343,3031053,4710,"ལྷ་སྣང་དེ། མཆོག་ཏུ་མི་འགྱུར་བའི་བདེ་བ་ཆེན་པོའི་ཡེ་ཤེས་ཟེར། ཤར་བར་གྱུར་བས་"
3031053,3033978,2925,"བདེ་གསལ་མི་རྟོགས་པའི་རྫོགས་པའི་རིམ་པ་སྟེ།"
3033978,3037087,3109,"དེ་ལྟ་བུའི་བསྐྱེད་པ་དང་རྫོགས་པའི་རིམ་པ་དེ་དང་དེ་ལའང་།"
3037087,3042879,5792,"གེགས་སེལ་བ། བོགས་འདོན་པ། རང་རང་གི་ལམ་གྱི་འབྲས་བུ་མངོན་དུ་འགྱུར་བའི་ཐབས་ཀྱི་རིམ་པ་ཐམས་ཅད་"
3042879,3045188,2309,"དྭངས་པའི་མཁའ་ལ་འཇའ་ཚོན་ཤར་བ་བཞིན་དུ།"
3045188,3048662,3474,"གཅིག་གྲོགས་གཅིག་གིས་བྱས་ཏེ། ལམ་ཐམས་ཅད་གོ་ས་མེད་པར་རང་ཤར་བས།"
3048662,3051722,3060,"ཆོས་ཉིད་ངོ་བོ་མཐར་ཐུག་པ་མངོན་སུམ་དུ་རྟོགས་ན།"
3051722,3056496,4774,"གཤིས་ཅི་ཡང་མ་ཡིན་པར། གདངས་བདེ་ཆེན་གྱི་ཡེ་ཤེས་སུ་ཤར་བ་མི་འགགས་པ།"
3056496,3057854,1358,"རྩལ་ལྷ་སྐུར་ཤར་བ། "
3057854,3061457,3603,"བསྒོམ་བྱ་སྒོམ་བྱེད་ཀྱི་སྤྲོས་པ་ལས་འདས་པའི་ངང་དུ་མཉམ་པར་བཞག་པ་འདི་ནི་"
3061457,3063139,1682,"ཐ་མར་དགེ་བ་ལམ་གྱི་འབྲས་བུ་"
3063139,3065169,2030,"མྱུར་དུ་འགྲུབ་པའི་ཐབས་ཟབ་མོ་སྟེ།"
3065169,3068602,3433,"ལོ་ཏོག་ལ་སྔགས་ཀྱིས་བཏབ་པའི་མྱུར་དུ་སྨིན་པ་ལྟ་བུའི་"
3068602,3070103,1501,"ཁྱད་པར་གྱི་ཆོས་ཡིན་ཏེ།"
3070103,3072477,2374,"སློབ་དཔོན་ཀླུས། བསྐྱེད་པའི་རིམ་ལ་ལེགས་གནས་ཤིང་། །"
3072477,3075429,2952,"རྫོགས་པའི་རིམ་པར་འདོད་རྣམས་ཀྱི། །ཐབས་འདི་རྫོགས་པའི་སངས་རྒྱས་ཀྱིས། །"
3075429,3077000,1571,"སྐས་ཀྱི་གདང་བུ་ལྟ་བུར་གསུངས། །"
3077000,3079141,2141,"ཞེས་གསུངས་པ་ལྟར་དུ། དཱ། ལམ། མ་རྩ།"
3079141,3081818,2677,"གང་ཟག་སྦྱོང་བ་སྔོན་དུ་སོང་བ་ལས་གཅིག་ཆར་བ་དང་།"
3081818,3083848,2030,"སྔོན་དུ་མ་སོང་བ་ལས་རིམ་གྱིས་པ་ཟེར་གཉིས་"
3083848,3086400,2552,"ཡོད་རེད་དེ། རིམ་གྱིས་པའི་ལམ་ལྟར་དུ་བཤད་ན།"
3086400,3089550,3150,"ཅིག་ཆར་བ་ཡང་། དེ་ལ་བརྟེན་ཏེ་ལམ་བདེ་བླག་ཏུ་རྟོགས་འགྲོ་ཡི་རེད།"
3089550,3090702,1152,"དེ་ནས། རིམ་གྱིས་པ་ཡིན་ན། "
3090702,3094338,3636,"ད་ལྟ་ཐོག་མཐའ་བར་གསུམ་དུ་དགེ་བའི་ལམ་གྱི་སྙིང་པོ་མདོར་བསྡུས་པ་འདི་"
3094338,3096000,1662,"ཚུལ་བཞིན་དུ་ཉམས་སུ་བླངས་ན།"
3096000,3100844,4844,"དེ་ནས། གསར་རྙིང་རིས་སུ་མ་ཆད་པའི་བསྟན་ཆོས་ཆེན་པོ་རྣམས་ལ་ལམ་རིམ་མེད་པ་གཅིག་ཡོད་མ་རེད་དེ།"
3100844,3102520,1676,"ལམ་རིམ་ཐམས་ཅད་ཀྱི་སྙིང་པོ།"
3102520,3105303,2783,"དོན་བསྡུས་བཞག་ན། ཚིག་ཉུང་ཉུང་། དོན་ཟབ་མོ།"
3105303,3108144,2841,"དེ་ཙམ་ཞིག་ཐུགས་ལ་ངེས་པ་རེད་སོང་ན།"
3108144,3110391,2247,"དེ་ནས། དོན་གནད་ཐམས་ཅད་ཚུལ་བཞིན་དུ་སྤྱད་དེ།"
3110391,3111666,1275,"བླ་མའི་མན་ངག་ཟེར་མཁན་འདི།"
3111666,3115622,3956,"ཅིག་གོ་སོང་ན། བྱ་སླ། ཚེགས་ཆུང་། མན་ངག་གོ་སོང་ན་འཕྲལ་དུ་"
3115622,3120136,4514,"ཐོས་བསམ་བྱ་སླ་བ། ཚེགས་ཆུང་ཆུང་ཞིག་གིས། མཐར་ཐུག་གི་འབྲས་བུ་མངོན་དུ་ཐོབ་པ་ལས།"
3120136,3124872,4736,"མན་ངག་ཟེར་འདི། དེ་ལྟ་བུའི་ཐུགས་ཀྱི་རིམ་པ་རྒྱུད་ལ་ངེས་པར་ཞུའོ།། །།"
3124872,3126688,1816,""
3126688,3132215,5527,"་་་རྣམ་མཁྱེན་བླ་ན་མེད་པ་ཡང་དག་པ་རྫོགས་པའི་སངས་རྒྱས་ཀྱི་གོ་འཕང་རིན་པོ་ཆེ་ཐོབ་པར་བྱ།"
3132215,3134802,2587,"དེའི་ཕྱིར་དུ། དམ་པའི་ཆོས་ཟབ་མོ་གསན་ནས། "
3134802,3137655,2853,"དོན་ཚུལ་བཞིན་ཐུགས་ཉམས་སུ་བཞེས་པར་བགྱིའོ་སྙམ་པ་"
3137655,3140844,3189,"བསམ་པ་རྒྱ་ཆེ་བ་བྱང་ཆུབ་མཆོག་ཏུ་ཐུགས་བསྐྱེད་པ་དང་།"
3140844,3142665,1821,"ཆོས་གསན་པའི་ཀུན་ཏུ་སྤྱོད་པའང་།"
3142665,3144976,2311,"མདོ་རྒྱུད་བསྟན་བཅོས་དྲི་མ་མེད་པ་རྣམས་ལས་"
3144976,3148864,3888,"ཇི་སྐད་གསུངས་པ་བཞིན་དུ་ལེགས་པར་གསལ་བཏབ་སྟེ་"
3148864,3150796,1932,"གསན་པར་གནང་བར་ཞུ།"
3150796,3154029,3233,"དེའང་་་་་གང་གསན་པར་བྱ་བའི་ཆོས་ཀྱི་རིམ་པ་ནི།"
3154029,3157377,3348,"མདོ་སྔགས་ཀྱི་ལམ་མ་བསྡུས་པ་རྣམས་གཞུང་ལུགས་གཅིག་ཏུ་འགྲུབ་པ་སྟེ།"
3157377,3164572,7195,"ལམ་གྱི་རིམ་པ་བདུད་རྩི་སྙིང་པོ་ཞེས་བྱ་བ་ཀུན་མཁྱེན་བླ་མ་མཁྱེན་བརྩེ་དབང་པོས་མཛད་པ་དེ་ཉིད་ཀྱི་འཆད་ཁྲིད་འབུལ་བར་བྱེད་པ་དེ་ལ།"
3164572,3169705,5133,""
3169705,3175216,5511,"ཐོག་མར་རྩོམ་པ་ལ་འཇུག་པ་སླད་ཀྱི་དོན་སོང་ཟིན་ཏེ། བརྩམ་པར་མཐར་བྱ་བ་"
3175216,3179176,3960,"གཞུང་གི་དོན་བཤད་པར་འགྱུར་བ་དེ་ཉིད་ལ་ཡང་"
3179176,3182988,3812,""
3182988,3185609,2621,"གཉིས། རྒྱས་པར་བཤད་པ་དང་།"
3185609,3187994,2385,"མདོར་བསྡུས་ཏེ་བསྟན་པ་གཉིས་ཡོད་པའི་ནང་ནས།"
3187994,3190569,2575,"དང་པོ་རྒྱས་པར་བཤད་པ་དེ་ཉིད་སོང་ཟིན་ཏེ།"
3190569,3194808,4239,"གཉིས་པ། སྤྱི་དོན་གཉིས་པ་མདོར་བསྡུས་ཏེ་གདམས་པ་ལ་བཞི་ལས།"
3194808,3197566,2758,"དང་པོ་ལམ་གྱི་གཞི་ངེས་འབྱུང་གི་སྒོ་ནས་"
3197566,3200254,2688,""
3200254,3202659,2405,"བསམ་པ་བརྟན་པོ་བསྐྱེད་དགོས་པ་དང་།"
3202659,3206127,3468,"ལམ་རང་གི་ངོ་བོ་སྟོང་ཉིད་སྙིང་རྗེ་ཟུང་འཇུག་སྒོམ་པ་དང་།"
3206127,3209378,3251,"ལམ་དེས་འབྲས་བུ་མྱུར་དུ་འགྲུབ་པར་བྱེད་པའི་ཐབས་སོང་ཟིན་ཏེ།"
3209378,3210981,1603,"བཞི་པ་མཐར་ཐུག་"
3210981,3216048,5067,"མོས་གུས་ཕྱག་རྒྱ་ཆེན་པོའི་ལམ་ལ་བསླབ་པའི་ཚུལ་བསྟན་པར་འགྱུར་བ་དེ་རེད་དུས།"
3216048,3217370,1322,"དེ་ནི་ཡང་།"
3217370,3220579,3209,""
3220579,3223593,3014,"མོས་གུས་ཕྱག་རྒྱ་ཆེན་པོའི་ངང་"
3223593,3226676,3083,"ལྷག་པར་སྒོམ་པའི་ཚུལ་བཤད་པ་"
3226676,3227737,1061,"དེ་ཉིད་རེད་དུས།"
3227737,3232638,4901,"མཐར་ཐུག་བླ་མའི་རྣལ་འབྱོར་གྱིས། །ཐ་མལ་ཡུལ་དང་ཡུལ་ཅན་ཀུན། །མོས་གུས་ཕྱག་རྒྱ་ཆེན་པོར་ཤར། །"
3232638,3235614,2976,"འདི་ནི་ལམ་གྱི་སྲོག་ཤིང་ལགས། །ཞེས་པས་སྨོས་པ་སྟེ།"
3235614,3239407,3793,"དེ་ལྟར་རྒྱུ་མཚན་ཉིད་ཐེག་པ་དང་། འབྲས་བུ་གསང་སྔགས་རྡོ་རྗེ་ཐེག་པའི་"
3239407,3242454,3047,"ལམ་ཐམས་ཅད་ཀྱི་མཐར་ཐུག་པ་ནི། དེ་ནས། "
3242454,3244667,2213,"ཉམས་སུ་ལེན་བྱ་"
3244667,3247086,2419,"གང་ཡིན་ཟེར་ན། རྒྱུ།"
3247086,3250747,3661,"སེམས་ཅན་ཐམས་ཅད་ལ་བདེ་གཤེགས་སྙིང་པོས་ཁྱབ་བརྡལ་དུ་གནས་པའི་དུས་སུ།"
3250747,3254512,3765,"དེ་ཡི་ནུས་པ་དེ། ཚུར་སྨིན་པར་བྱེད་པ་དབང་ཞིག་བསྐུར་བའི་ཚེ་ན།"
3254512,3258527,4015,"དེ་ནས། གང་སྐུར་བ་པོའི་བླ་མ་དེ་ཉིད། དཀྱིལ་འཁོར་གྱི་གཙོ་བོ་གང་ཡིན་པ་འདིའི་"
3258527,3260459,1932,"སྐུར་བཞེངས་པ་བཞིན་དུ། ལམ་དུས་སུའང་།"
3260459,3261675,1216,"དེ་ནས། བླ་མ་ནི།"
3261675,3264215,2540,"རང་གི་ལྷག་པའི་ལྷ་ཡི་ཡི་དམ་གྱི་དཀྱིལ་འཁོར་དང་།"
3264215,3269151,4936,"གཙོ་བོ་དབྱེར་མེད་པ་སྐུ་བཞི་ཁྱབ་བརྡལ་ཆེན་པོ་བསྒོམ་པའི་རྣལ་འབྱོར་གྱི་ཐབས་ཟབ་མོས་"
3269151,3272783,3632,"ཐ་མལ་གྱི་ཡུལ་སྣང་ཐམས་ཅད་བླ་མའི་སྐུ་གསུང་ཐུགས་སུ་ཤར་བ་དང་།"
3272783,3276093,3310,"སྐུ་གསུང་ཐུགས་ལ་དེ་དང་དེར་འཛིན་པའི་ཡུལ་ཅན་གཉུག་མའི་སེམས་"
3276093,3277933,1840,"འཁོར་དང་བཅས་པ་དེ་ཀུན་ཀྱང་།"
3277933,3281605,3672,"དོན་དམ་བླ་མའི་རྣལ་འབྱོར་གྱི་ཡེ་ཤེས་ཆེན་པོའི་ངོ་བོར་འཆར་བ་སྟེ།"
3281605,3283873,2268,"མདོར་ན་གཤིས་གསལ་རིག་ཏུ་ཆམ་མེ།"
3283873,3285303,1430,"གདངས་མོས་གུས་ལམ་མེ་བས།"
3285303,3289621,4318,"བྱིན་རླབས་ཀྱི་ཐབས་ལམ་ཟབ་མོས་དྲངས་པས་ཡུལ་དང་ཡུལ་ཅན་ཐམས་ཅད་ལྷན་སྐྱེས་ཕྱག་རྒྱ་ཆེན་པོར་"
3289621,3293914,4293,"ནང་ནས་འཆར་བའི་ཉམས་མྱོང་འདི་ཀའི་ངང་དུ་མ་བཅོས་པར་རང་རྒྱུན་བསྲིངས་ཏེ་"
3293914,3295222,1308,"མཉམ་པར་འཇོག་དགོས་ཏེ་"
3295222,3296704,1482,"ཞེས་པ་འདིའི་ནང་ན།"
3296704,3299398,2694,"དང་པོ་ཀུན་རྫོབ་ཕྱི་ཡི་བླ་མ་ལ་བརྟེན་ཏེ།"
3299398,3302152,2754,"དབང་བསྐུར། རྒྱུད་བཤད། མན་ངག་བསྟན། "
3302152,3304866,2714,"ཐར་པའི་ལམ་ལ་ཚུལ་བཞིན་དུ་འཛུགས་པར་མཛད་པ་དང་།"
3304866,3307781,2915,"དེ་ནས། བླ་མ་འདི་ཉིད་ཀྱི་ཞལ་གདམས་ལམ་དུ་བྱ་བའི་ཕྱིར་དུ།"
3307781,3309225,1444,"བསྐྱེད་རིམ་དང་རྫོགས་རིམ། "
3309225,3313215,3990,"དབང་བཞི་པོའི་ལམ་ཐམས་ཅད། བླ་མའི་ཡེ་ཤེས་ཀྱི་རོལ་པ། རྡོ་རྗེ་གསུམ་གྱི་ཆོ་འཕྲུལ་ལས་"
3313215,3316092,2877,"གཞན་མེད་པར་ཤེས་ཏེ། རྟག་ཏུ་ཉམས་སུ་ལེན་པ་དང་།"
3316092,3318882,2790,"མཐར་ཐུག། བླ་མའི་ཐུགས་རྒྱུད་ཀྱི་དགོངས་པ། སློབ་མའི་རྒྱུད་དུ་ཕོད་དེ།"
3318882,3321254,2372,"བླ་མ་དང་རང་སེམས་དབྱེར་མེད་གྱུར་ཚར་དུས།"
3321254,3324144,2890,"དེ་ནས། བློ་ལས་རུང་། བླ་མ་ཕྱི་རོལ་ན་མི་དགོས་གསུངས་པ་ལྟ་བུ་"
3324144,3326597,2453,"རང་གི་སེམས་ཉིད། གཉུག་མའི་ངོ་བོ་དེ་ཉིད་"
3326597,3329766,3169,"བླ་མའི་ཡེ་ཤེས་སུ་ཤར་བར་འགྱུར་བ་དེ་རེད་འོངས་ན།"
3329766,3332586,2820,"དེ་ནས། གཞི་ལམ་འབྲས་གསུམ་ཐམས་ཅད་ཀྱི། དེ་ན།"
3332586,3335703,3117,"ཉམས་སུ་ལེན་བྱ་ཡི་སྙིང་པོ་བླ་མའི་རྣལ་འབྱོར་ཡིན།"
3335703,3339239,3536,"བླ་མའི་རྣལ་འབྱོར་དེ་ལའང་། ལས་དང་པོ་པའི་ཀུན་རྫོབ་ཕྱི་ཡི་བླ་མའི་རྣལ་་་"
3339239,3341731,2492,"རྣལ་འབྱོར་ལ་བརྟེན་ཏེ་མོས་གུས་རྩལ་དུ་བཏབ།"
3341731,3346293,4562,"དེ་ནས། ལམ་ལ་བརྩོན་པའི་གང་ཟག་་་་བསྐྱེད་རྫོགས། རྫོགས་པ་ཆེན་པོའི་ལམ་གང་ཉམས་སུ་བླང་ནའང་།"
3346293,3349077,2784,"བླ་མའི་ཡེ་ཤེས་ཀྱི་རོལ་པ་ལས་གཞན་དུ་མེད་མཁན་ཞིག།"
3349077,3350962,1885,"ཡི་དམ་གྱི་བསྐྱེད་བཟླས་ལྟ་བུ་ཞིག་ཡིན་ནའང་།"
3350962,3356350,5388,"བླ་མ་དང་ཡི་དམ་དབྱེར་མེད་དུ་བསྒྲུབས་ན། མཆོག་དང་ཐུན་མོང་གི་དངོས་གྲུབ་ཐམས་ཅད་མྱུར་དུ་འགྲུབ་པར་འགྱུར་བ་དང་།"
3356350,3359125,2775,"དེ་ནས། རྫོགས་རིམ། རྡོ་རྗེ་གསུམ་གྱི་ཉམས་ལེན་བྱེད་ནའང་། "
3359125,3361956,2831,"བླ་མའི་སྐུ་གསུང་ཐུགས། བདེ་སྟོང་ཡེ་ཤེས་ཆེན་པོའི་རོལ་པ་ལས་"
3361956,3363534,1578,"གཞན་དུ་མེད་པར་ཤེས་པ་དང་།"
3363534,3367062,3528,"དེ་ནས། མཐར་ཐུག་བླ་མ་རང་སེམས་དབྱེར་མེད། ལྷན་སྐྱེས་ཕྱག་རྒྱ་ཆེན་པོའི། རྒྱུད་་་་"
3367062,3368399,1337,"རྟོགས་པ་རྒྱུད་ལ་ཤར་འོང་ན།"
3368399,3369750,1351,"བླ་མའི་དགོངས་པ་རྒྱུད་ལ་ཤར་དུས།"
3369750,3372825,3075,"འདི། ལྟ་བ་ཀློང་ཆེན་རབ་འབྱམས་ཡིན། སྒོམ་པ་མཁྱེན་བརྩེ་འོད་ཟེར་ཡིན། "
3372825,3374733,1908,"སྤྱོད་པ་རྒྱལ་བའི་མྱུ་གུ་ཡིན་ཟེར་བ་ལྟར་དུ།"
3374733,3376256,1523,"ཕྱིའི་བླ་མ་ལ་ལྟོས་མ་དགོས་པར།"
3376256,3378467,2211,"ནང་དུ་འདྲེས་འགྲོ་བ་ཡིན་པའི་ཕྱིར་ན།"
3378467,3381351,2884,"དེ་ནས། བླ་མའི་རྣལ་འབྱོར་ལ་རྩེ་གཅིག་ཏུ་ཉམས་སུ་བླངས་ན།"
3381351,3384219,2868,"བླ་མའི་རྣལ་འབྱོར་འདི། རྒྱུ་མཚན་ཉིད་ཐེག་པ་ཡི། དཔེར་ན།"
3384219,3387053,2834,"སོ་ཐར་གྱི་སྡོམ་པ། དང་པོ་"
3387053,3388684,1631,"མཁན་སློབ་ལས་ནོད་པའི་དུས་ནས།"
3388684,3392938,4254,"བླ་མ་ལ་བཀུར་བསྟི་བཏང་རག་དང་། ཕུན་སུམ་ཚོགས་པའི་གསུམ་དགོས་པ་གསུངས་པ་དང་།"
3392938,3395783,2845,"དེ་ནས། བྱང་ཆུབ་སེམས་དཔའི་སྡོམ་པ། རྒྱུད་ལ་བླང་བའི་ཚེ་ནའང་།"
3395783,3398536,2753,"ཡུན་རིང་ནས་བཟུང་སྟེ་བླ་མ་བརྒྱ་དང་ལྔ་བཅུ་བསྟེན་ནས།"
3398536,3400868,2332,"བྱང་ཆུབ་སྤྱོད་པའི་རྒྱ་མཚོ་ལྟ་བུ་ལ་བསླབ་པ་དང་།"
3400868,3404678,3810,"བྱང་ཆུབ་སེམས་དཔའི་གཏམ་གྱི་ཆོས་འཕགས་བླ་མ་བསྟེན་པའི་ཚུལ་ལྟ་བུའི་"
3404678,3407439,2761,"བླ་མའི་ཞབས་ཏོག་ལུས་དང་སྲོག་ལ་མི་ལྟ་བར་བྱེད་པ་དང་།"
3407439,3411704,4265,"དེ་ནས། གསང་སྔགས་རྡོ་རྗེ་ཐེག་པའི་ལམ་ནས། ལྷག་པར་དུ་བླ་མ་སྐུ་ཡི་དཀྱིལ་འཁོར་དུ་བསྐྱེད་དེ།"
3411704,3413573,1869,"ཉམས་སུ་ལེན་དགོས་པ་ཡིན་པའི་ཕྱིར་ན། "
3413573,3415949,2376,"མདོ་སྔགས་ལམ་ཀུན་གྱི་ཆ་བྱད་དུ་འགྱུར་བ་དང་།"
3415949,3418199,2250,"དེ་ནས། བླ་མའི་རྣལ་འབྱོར་རྩེ་གཅིག་ཏུ་ཉམས་སུ་བླངས་ན།"
3418199,3420211,2012,"བསྐྱེད་རྫོགས་རྫོགས་པ་ཆེན་པོ་གང་སྒོམ་ན།"
3420211,3421953,1742,"ལམ་ཐམས་ཅད་ཀྱི་གེགས་སེལ། "
3421953,3424591,2638,"བོགས་འདོན། བླ་མའི་རྣལ་འབྱོར་དེ་ཉམས་སུ་བླངས་ན། "
3424591,3426838,2247,"བླ་མའི་རྣལ་འབྱོར་རང་སྐྱ་ཐུབ་པ་ཞིག་རེད་སོང་ན།"
3426838,3429849,3011,"བསྐྱེད་རྫོགས་རྫོགས་ཆེན་ཐམས་ཅད། འདིའི་གཞུང་ནས་འགྲོ་བ་དང་།"
3429849,3434163,4314,"དེ་ནས། བསྐྱེད་རིམ་དང་། རྫོགས་རིམ། རྫོགས་ཆེན་ཐམས་ཅད། བླ་མའི་རྣལ་འབྱོར་ལྟ་བུའི་ལམ་གཞན་ལ་མ་བརྟེན་ན།"
3434163,3436440,2277,"དང་། གེགས་སེལ་དང་བོགས་འདོན་མེད་པའི་ཕྱིར་ན།"
3436440,3438370,1930,"སྲོག་ཤིང་ལྟ་བུར་གྱུར་བས་ན།"
3438370,3442256,3886,"ཀུན་གྱི་ཉམས་སུ་བླང་བྱའི་སྙིང་པོ། བྱ་སླ་ལ་ཆོད་བདེ་བ།"
3442256,3444138,1882,"རྩེ་གཅིག་ཏུ་ཉམས་སུ་མྱོང་བ་གལ་ཆེ་སྟེ།"
3444138,3447400,3262,"དཔལ་ས་ར་ཧས། བླ་མའི་བྱིན་རླབས་གང་གི་སྙིང་ཞུགས་པ། །"
3447400,3449527,2127,"ལག་པའི་མཐིལ་ན་གནས་པའི་གཏེར་མཐོང་འདྲ། །"
3449527,3451482,1955,"ཞེས་དང་། སློབ་དཔོན་རྡོ་རྗེ་དྲིལ་བུ་པས།"
3451482,3454534,3052,"བླ་མའི་བྱིན་རླབས་ཙམ་གྱིས་ནི། །སྐད་ཅིག་ཉིད་ལ་འབྱུང་གང་ཡིན། །"
3454534,3457610,3076,"འཁོར་ལོ་སྡོམ་པར་སྦས་པ་ཡི། །བྱིན་རླབས་རིམ་པ་བཤད་པར་བྱ། །"
3457610,3459765,2155,"ཞེས་དང་། རྣལ་འབྱོར་དབང་ཕྱུག་བིརྺ་པས་ཀྱང་། "
3459765,3463075,3310,"ལམ་ཟབ་བླ་མ་ཞེས་ཁྱད་པར་དུ་བཤད་པས་མཚོན།"
3463075,3465533,2458,"རྒྱལ་བ་ཡི་ལུང་ཚད་མ་དང་ནི། "
3465533,3467088,1555,"མཁས་པའི་རིགས་པ་ཚད་མ་དང་།"
3467088,3470397,3309,"ཉམས་མྱོང་གི་མན་ངག་ཚད་མ་གསུམ་གྱི་སྒོ་ནས་གཏན་ལ་ཕབ་ནས།"
3470397,3473086,2689,"དེ་ནས། བླ་མའི་རྣལ་འབྱོར་འདིའི་དགོས་པ་དང་། བྱིན་རླབས་ཆེ་བ།"
3473086,3474835,1749,"ལམ་ཐམས་ཅད་ཀྱི་སྙིང་པོ་ཡིན་པ་"
3474835,3476597,1762,"བསམ་གྱིས་མི་ཁྱབ་པ་ཡོད་དོ།"
3476597,3478632,2035,"གསུམ་པ་མཇུག་གི་དོན་ལ་གཉིས་ཏེ། "
3478632,3480189,1557,"སྨོན་ལམ་གྱིས་མཐའ་བརྒྱན་པ་དང་།"
3480189,3482591,2402,"སྦྱར་བྱང་གིས་མཇུག་བསྡུ་བ་གཉིས་ཡོད་པའི་ནང་ནས།"
3482591,3484492,1901,"དང་པོ་སྨོན་ལམ་གྱིས་མཐའ་བརྒྱན་པ།"
3484492,3487294,2802,"ཨེ་མ་ཟབ་ཅིང་རྒྱ་ཆེའི་དོན། །ཅུང་ཟད་བརྗོད་པའི་ལེགས་བྱས་ཀྱིས། །"
3487294,3490330,3036,"རྒྱུ་དང་མི་རྒྱུ་དངོས་པོ་ཀུན། །དྲྭ་བ་སྡོམ་པ་ཉིད་གྱུར་ཅིག །"
3490330,3492607,2277,"ཅེས་པའི་སྒོ་ནས་བསྟན་པ་སྟེ།"
3492607,3497445,4838,"ཨེ་མ་ཞེས། མདོ་སྔགས་ལམ་གྱི་རིམ་པ་ཤིན་ཏུ་ནས་ཀྱང་རྟོགས་དཀའ་ཞིང་།"
3497445,3500202,2757,"རྟོགས་ན་འབྲེལ་བ་ཐོག་ཅོག་གི་ཆོས་ཡིན་པའི་ཕྱིར་ན།"
3500202,3503872,3670,"དོན་ཆེན་པོ་དང་ལྡན་པས་ངོ་མཚར་བའི་ཚིག་གིས་ཐོག་དྲངས་ཏེ།"
3503872,3506160,2288,"དེ་ལྟ་བུ་ངོ་གང་ལ་མཚར་ལེ་ཡིན་ཟེར་ན།"
3506160,3507049,889,"ཟབ་པ་སྟེ་"
3507049,3509461,2412,"གསང་སྔགས་དང་། རྒྱ་ཆེ་བ། དུས་རྒྱུན་"
3509461,3512190,2729,"མཚན་ཉིད་ཐེག་པའི་ཕ་རོལ་ཏུ་ཕྱིན་པའི་ནང་ནས་"
3512190,3514509,2319,"ཇི་ལྟར་འབྱུང་བའི་དོན་ཐམས་ཅད་མེད་པར། "
3514509,3517164,2655,"དེ་ནས། རང་གིས། གང་ཟག་གཅིག་གིས་ཉམས་སུ་ལེན་པ་དེ་ལ།"
3517164,3519867,2703,"ཚིག་ཉུང་ཉུང་། དོན་ཟབ་པོ།"
3519867,3522049,2182,"ལམ་གནད་ཐམས་ཅད་ཚང་བ་དེ་ཉིད་"
3522049,3526660,4611,"འཇམ་དབྱངས་མཁྱེན་བརྩེ་དབང་པོ་རང་གིས། དགེ་བའི་བཤེས་གཉེན་བརྒྱ་དང་ལྔ་བཅུ་ཙམ་ཞིག་བསྟེན་ཏེ།"
3526660,3531286,4626,"ཐོས་པ་ཕྱོགས་མེད་དུ་མཛད་ནས། མདོ་སྔགས་རིག་གནས་དང་བཅས་པའི་དོན་མ་ལུས་པ་ཐུགས་སུ་ཆུད།"
3531286,3532892,1606,"གང་ཕྱིར། བསྟན་པ་ཡོངས་རྫོགས་ཀྱི་"
3532892,3535359,2467,"གདམས་ངག་སྨིན་གྲོལ་ཐམས་ཅད་ཐུགས་ཉམས་སུ་བཞེས།"
3535359,3538344,2985,"རྟོགས་པས་བདག་སྒྲོལ། ཐུགས་རྗེས་གཞན་སྒྲོལ་ནུས་པ་འདིས།"
3538344,3541357,3013,"ཐུགས་ལ་ཇི་ལྟར་མཁྱེན་པ་གཉིས་ཀ་ཡི་གོ་བའི་ཡུལ་དེ་ཉིད།"
3541357,3543969,2612,"གདུལ་བྱ་སེམས་ཅན་རྣམས་ལ་ཕན་པར་བྱ་བའི་ཕྱིར་དུ།"
3543969,3547581,3612,"མན་ངག་སྙིང་པོ་མདོར་བསྡུས་པ་བདུད་རྩི་སྙིང་པོ་ཞེས་མཚན་དང་དོན་མཐུན་པ་"
3547581,3550246,2665,"ཅུང་ཟད་བརྗོད་པའི་ལེགས་བྱས་ཀྱི་དགེ་བས།"
3550246,3551958,1712,"རྒྱུ་བ་བཅུད་ཀྱི་སེམས་ཅན་དང་། "
3551958,3555652,3694,"མི་རྒྱུ་བ་སྣོད་ཀྱི་འཇིག་རྟེན་སྣང་བའི་དངོས་པོ་འདི་དག་ཐམས་ཅད་མེད་པར།"
3555652,3559106,3454,"དོན་དམ་ལྷན་སྐྱེས་བདེ་བ་ཆེན་པོའི་ཡེ་ཤེས་གཅིག་གི་ངོ་བོ་ཡིན་པས་ན།"
3559106,3561968,2862,"དེ་དཔེར་ན། འཁོར་ལོ་བདེ་མཆོག་ལ་དྲྭ་བ་སྡོམ་པ་ཟེར་མཁན་དང་།"
3561968,3564700,2732,"སྒྱུ་འཕྲུལ་གསང་བ་སྙིང་པོ་ལ་སྒྱུ་འཕྲུལ་དྲྭ་བ་དང་།"
3564700,3566442,1742,"དོན་གཅིག་རེད་དུས། དྲྭ་བ་ཟེར་མཁན་འདི་"
3566442,3568690,2248,"ཕན་ཚུན་དྲྭ་བ་སྦྲེལ་བསྡད་པ་ལྟ་བུ།"
3568690,3570390,1700,"སྣང་ཚུལ་འཁོར་འདས་ཀྱི་ཆོས་དེ་ཐམས་ཅད་"
3570390,3571399,1009,"གཏན་ལ་ཕབ་བཞག་ན།"
3571399,3573393,1994,"སྟོང་ཉིད་དང་དབྱེར་མེད་པའི་བདག་ཉིད་རེད་དུས།"
3573393,3575157,1764,"སྟོང་དང་སྙིང་རྗེ་དབྱེར་མེད་པའི་"
3575157,3578113,2956,"དོན་དེ་རྟོགས་སོང་ན། "
3578113,3580079,1966,"འཁྲུལ་པ་རྒྱུ་དང་བཅད་པ། བག་ཆགས་ཐམས་ཅད་"
3580079,3582688,2609,"ཆོས་ཉིད་བདེ་བ་ཆེན་པོའི་ཡེ་ཤེས་སུ་སྡོམ་པར་བྱེད་པ།"
3582688,3584972,2284,"དཔལ་ཧེ་རུ་ཀའི་རྟེན་དང་བརྟེན་པར་བཅས་པའི་"
3584972,3586995,2023,"དངོས་པོ་ཉིད་དུ་གནས་འགྱུར་ཏེ། ཟེར།"
3586995,3589482,2487,"དེ་ནས། ཧེ་ཞེས་བྱ་བ་དེ་གའི།"
3589482,3592328,2846,"ཆོས་ཉིད་སྟོང་པ་ཉིད་ཀྱི་དོན། རྣམ་ཀུན་མཆོག་ལྡན་གྱི་སྟོང་ཉིད་"
3592328,3596808,4480,"དང་། རུ་སེམས་ཅན་ལ་རྗེས་སུ་ཆགས་པའི་བརྩེ་བའི་སྙིང་རྗེ་ཆེན་པོ་རྗེས་སུ་མཚོན་པར་བྱེད་པ་"
3596808,3599388,2580,"ཡིན་པའི་ཕྱིར་ན། དམིགས་མེད་ཀྱི་སྙིང་རྗེ་ཆེན་པོ།"
3599388,3602745,3357,"ཀ་དེ། སྟོང་དང་སྙིང་རྗེ་ཟུང་དུ་འཇུག་པའི་ཡེ་ཤེས་ཆེན་པོ་ཡིས།"
3602745,3606934,4189,"གཞི་ལམ་འབྲས་བུའི་ཧེ་རུ་ཀ་ཞེས་སྔགས་ཀྱི་རྒྱུད་སྡེ་རྒྱ་མཚོ་ནས་གསུངས་པ་ལྟ་བུའི་"
3606934,3609205,2271,"རྟེན་དང་བརྟེན་པའི་དངོས་པོ་ཉིད་དུ་གནས་འགྱུར་ཏེ།"
3609205,3611769,2564,"སྐུ་གསུམ་དབྱེར་མེད་པ། དོན་གཉིས་ལྷུན་གྱིས་གྲུབ་པའི་གོ་འཕང་"
3611769,3614865,3096,"ཚེ་འདི་ཉིད་དུ་ཐོབ་པའི་རྒྱུར་འགྱུར་ཅིག །ཅེས་"
3614865,3617435,2570,"བསྔོ་བ་ཡིས་མཐའ་བརྒྱན་པར་མཛད་པའོ།"
3617435,3619835,2400,"གཉིས་པ་ཇི་ལྟར་སྦྱར་བྱང་གི་ཚུལ་བཤད་པ་ནི།"
3619835,3623110,3275,"ཅེས་པའང་ཁྱབ་བདག་རྡོ་རྗེ་བཙུན་མོའི་ཡེ་ཤེས་གཟིགས་པའི་བདུད་རྩིས་"
3623110,3627112,4002,"བློ་གྲོས་ཀྱི་པདྨོ་ཁ་བྱེ་བ་ལས་ཕྱི་ནང་རིག་པའི་གནས་དུ་མར་མི་འཇིགས་ཤིང་།"
3627112,3629311,2199,"སྙིང་པོའི་སྒྲུབ་པ་ལ་རྩེ་གཅིག་ཏུ་ཡང་།"
3629311,3632485,3174,"ཐེག་པ་མཆོག་གི་རྣལ་འབྱོར་པ་ཆོས་དབྱིངས་དཔལ་ལྡན་གྱིས་བཀའ་སྩལ་བ་"
3632485,3633625,1140,"དང་དུ་བླངས་ཏེ།"
3633625,3634883,1258,"ཤིན་ཏུ་མི་མཁས་ཤིང་"
3634883,3638421,3538,"མ་སྦྱངས་པའི་ཀུན་རྨོངས་ཀུན་ཏུ་རྒྱུ་"
3638421,3639961,1540,"འཇམ་དབྱངས་མཁྱེན་བརྩེ་དབང་པོས་"
3639961,3641632,1671,"དབེན་གནས་བྱང་ཆུབ་ཆོས་གླིང་དུ་"
3641632,3643839,2207,"གང་ཤར་ཤར་མར་བྲིས་པ་དགེ་ཟེར།"
3643839,3646539,2700,"སརྦ་དཱ་མངྒ་ལཾ་ཞེས་པ།"
3646539,3648728,2189,"སྨོས་པས་གོ་སླ་བས་མ་སྤྲོས་སོ། །"
3648728,3652002,3274,"དེ་ལྟར་ཟབ་རྒྱས་གདམས་པའི་དོན། །སླར་ཡང་ཅུང་ཟད་བཀྲལ་བ་འདི། །"
3652002,3655098,3096,"བསོད་ནམས་གང་དེས་འགྲོ་བ་ཀུན། །ཐམས་ཅད་མཁྱེན་པ་ཐོབ་ཕྱིར་བསྔོ། །"
3655098,3657138,2040,"ཞེས་པའང་གཞུང་རྩ་བའི་སྐུལ་བ་པོ་"
3657138,3659206,2068,"སྐྱེས་སྦྱངས་ཀྱི་ཡོན་ཏན་ཕུན་སུམ་ཚོགས་ཤིང་།"
3659206,3662921,3715,"སྙིང་པོའི་སྒྲུབ་པ་ལ་རྩེ་གཅིག་ཏུ་གཞོལ་བའི་རྣལ་འབྱོར་པ་ཆོས་དབྱིངས་དཔལ་ལྡན་གྱིས། "
3662921,3667733,4812,"སླར་ཡང་གསུང་ནན་ཏན་ཆེན་པོས་འགྲེལ་བ་རྒྱས་བསྡུས་འཚམས་པ་ཞིག་བྲིས། གྱིས་ཤིག་ཅེས་"
3667733,3670571,2838,"ལྷ་རྫས་ཀྱི་མེ་ཏོག་དང་བཅས་ཏེ་"
3670571,3673706,3135,"བསྐུལ་བ་ལ་བརྟེན་ནས་རང་གི་བློ་ལ་ཇི་ལྟར་ངེས་པ་ཙམ་ཞིག་"
3673706,3675466,1760,"ཚིག་འགྲེལ་མདོར་བསྡུས་པའི་ཚུལ་གྱིས་"
3675466,3678401,2935,"རིག་འཛིན་རིག་འཛིན་གྱི་བཙུན་པ་འཇམ་དབྱངས་མཁྱེན་བརྩེའི་དབང་པོས་"
3678401,3681315,2914,"ཀུན་མཁྱེན་བོ་དོང་པ་ཆེན་པོའི་རིང་ལུགས་འཛིན་པའི་ཆོས་གྲྭ་"
3681315,3682566,1251,"བསམ་འགྲུབ་ཆོས་སྡིང་དུ་"
3682566,3684668,2102,"སུག་བྲིས་བགྱིས་པ་སྟེ། ནོང་པ་བཤགས་ཤིང་།"
3684668,3687018,2350,"ལེགས་བྱས་ཀྱི་སྣང་བས་བློ་གསལ་ཡིད་ཀྱི་པདྨོ་"
3687018,3688536,1518,"མཆོག་ཏུ་ཁ་བྱེ་བར་གྱུར་ཅིག །"
3688536,3690907,2371,"སརྦ་དཱ་ཀ་ལྱཱ་ཎཾ་བྷ་བ་ཏུ།། །།"
3690907,3693458,2551,"ཞེས་པ་འདིས་མདོ་སྔགས་ཀྱི་ལམ་ཡོངས་སུ་རྫོགས་པ།"
3693458,3695347,1889,"ཚིག་ཉུང་ལ་དོན་ཟབ་པའི་སྒོ་ནས།"
3695347,3696208,861,"བསྟན་ཟིན་པ་རེད།"
3696208,3700672,4464,""
3700672,3702724,2052,""
3702724,3706761,4037,""
3706761,3709881,3120,""
3709881,3713218,3337,""
3713218,3714708,1490,""
3714708,3718592,3884,""
